ell R_ell F_ell N_ell
2 0.0009678531839942212 0.00093834817418783 2.075460531063871e-05
3 0.00022463026467850288 0.00018458493747032918 2.7492062475020966e-05
4 0.00014304020181395038 0.00012269363150066673 2.0796008130679773e-05
5 8.03275455578776e-05 5.2748744122262564e-05 2.24791297715098e-05
6 9.758374494406037e-05 7.816483082284443e-05 2.241868663737853e-05
7 7.571719079055463e-05 5.593833380354806e-05 2.171358016253384e-05
8 4.892502699398835e-05 2.4932529559061242e-05 2.1740703296765953e-05
9 3.628996518294522e-05 1.7202754270849967e-05 2.1042504256491807e-05
10 4.2545085986328186e-05 2.1872566136392903e-05 2.1560023792253233e-05
11 3.7955629855366205e-05 1.7088895629671104e-05 2.134690331623218e-05
12 3.7881465781241415e-05 1.6866604967592722e-05 2.003585206712121e-05
13 3.25549494098045e-05 1.2801748999116233e-05 2.1954250520679915e-05
14 3.2217007013131605e-05 1.179115305341246e-05 2.1715800403689197e-05
15 3.6789807709112514e-05 1.2742230306893488e-05 2.3310943564621004e-05
16 3.0502591220768313e-05 8.171083531393731e-06 2.265621014681134e-05
17 3.195715694206093e-05 9.19301167791345e-06 2.1794369499428204e-05
18 2.84471357751199e-05 6.979289272888887e-06 2.1423354747910258e-05
19 2.574958069306237e-05 5.163010976007202e-06 2.1332719283387275e-05
20 2.890556788152084e-05 7.432615419481158e-06 2.160258289409421e-05
21 2.667519113949391e-05 4.9504251315718276e-06 2.152055744374456e-05
22 2.623670696156199e-05 3.432076137615693e-06 2.2968354612525397e-05
23 2.6687493566735053e-05 5.2657163841972125e-06 2.155509094301289e-05
24 2.4578127136335192e-05 1.9742615823382216e-06 2.22252454496814e-05
25 2.498729889070204e-05 4.063267149507654e-06 2.1064783541116094e-05
26 2.3278565521076067e-05 2.765748088169632e-06 2.0505943491694813e-05
27 2.5978769938758516e-05 3.643226974897261e-06 2.2496394222549722e-05
28 2.472686156856593e-05 1.907995977603651e-06 2.282643026298591e-05
29 2.423103153008321e-05 2.7230604683934858e-06 2.1612117002499766e-05
30 2.4438166998583956e-05 2.4022772193904135e-06 2.206153221508829e-05
31 2.4588918094064906e-05 1.8497477444855674e-06 2.272570879510615e-05
32 2.4441538037291788e-05 2.2376795000385696e-06 2.217621156071509e-05
33 2.38460245411416e-05 2.3827470293665377e-06 2.155238200157506e-05
34 2.3649482916299522e-05 2.1936088501822207e-06 2.1694941157862615e-05
35 2.390304175144738e-05 2.0429775490835614e-06 2.1782983509271392e-05
36 2.4524509415799458e-05 1.4763596811307244e-06 2.2813148029570894e-05
37 2.3458656051313746e-05 1.8530555674378082e-06 2.1683146259855148e-05
38 2.415118208823427e-05 1.6332274889636656e-06 2.2318418549075954e-05
39 2.3270474921932892e-05 2.6058965289075645e-06 2.121704864219311e-05
40 2.215111723085198e-05 1.6829715109489658e-06 2.0524439489815294e-05
41 2.285435648782284e-05 2.4298804667651163e-06 2.036247046698904e-05
42 2.105475744130775e-05 1.3083126806262429e-06 1.9857096412188285e-05
43 1.9754958869371562e-05 1.336804599372619e-06 1.8572512934283363e-05
44 2.0104440405292485e-05 1.714648685069031e-06 1.8389883945643454e-05
45 1.987861250989657e-05 1.6101746959299605e-06 1.8319866411256577e-05
46 1.8805540249926118e-05 1.2814306239591542e-06 1.7570559194260473e-05
47 1.8741472704093793e-05 1.3633885001529313e-06 1.7343998632867917e-05
48 1.8139120259745362e-05 1.5065649251406446e-06 1.6515539460665063e-05
49 1.7134461776339188e-05 1.0221735330519703e-06 1.6182785846085188e-05
50 1.7081453664158236e-05 1.2069417949127358e-06 1.5866086472617292e-05
51 1.6871446149741634e-05 1.735433246758507e-06 1.515665165323675e-05
52 1.6350898171187508e-05 1.35621370569985e-06 1.5129875368161812e-05
53 1.5950960784504295e-05 8.267081461677049e-07 1.5050595304213739e-05
54 1.6400555958482538e-05 1.6933384746597592e-06 1.4912637487159105e-05
55 1.5936355917792273e-05 1.4385612102482448e-06 1.4555708089272184e-05
56 1.5603856137176055e-05 1.2519934745660436e-06 1.4278526930913244e-05
57 1.5744421225043585e-05 1.4484663993777938e-06 1.4391969169269593e-05
58 1.5691989460359677e-05 1.4757775472125262e-06 1.4139589819461314e-05
59 1.583119655614674e-05 1.4746047602220274e-06 1.4264209810351761e-05
60 1.550637078433381e-05 1.5907735648242847e-06 1.4048208545363917e-05
61 1.560674740711557e-05 1.559943683830533e-06 1.3991517845230793e-05
62 1.5096069991426059e-05 1.024983461389495e-06 1.4023703373616686e-05
63 1.5630604043011052e-05 1.41568273646664e-06 1.4180291497002376e-05
64 1.514652009172361e-05 1.2232458474848029e-06 1.4111262837434418e-05
65 1.5279176820502332e-05 8.984744981569236e-07 1.4306750785658368e-05
66 1.534084044027328e-05 1.4202022099507295e-06 1.4005861466415844e-05
67 1.5366699033825438e-05 1.2568490892588144e-06 1.4067212412161349e-05
68 1.5339894057727317e-05 1.0353941744609944e-06 1.443183277909114e-05
69 1.5368628329279393e-05 9.836340376419755e-07 1.438121806671699e-05
70 1.5141591898467847e-05 1.053523725765686e-06 1.4110568315118743e-05
71 1.536277774982481e-05 1.183622305690787e-06 1.4203507998136454e-05
72 1.5196703220231763e-05 9.236749813577897e-07 1.4127391542598933e-05
73 1.4932429109696713e-05 8.261778860684326e-07 1.4098662633301917e-05
74 1.4867460470191348e-05 8.86352669563754e-07 1.3993328436363543e-05
75 1.4880935118264601e-05 1.0173016672610227e-06 1.3901825600364308e-05
76 1.4465622700761363e-05 7.742964037761078e-07 1.3739879273657497e-05
77 1.4209523708333834e-05 7.825790456934889e-07 1.3486322802532975e-05
78 1.4327390594131676e-05 8.743820134599223e-07 1.3511424864605039e-05
79 1.446904253160106e-05 1.0244323279206934e-06 1.33387270003303e-05
80 1.3844641894788157e-05 1.01133393333524e-06 1.290602969723555e-05
81 1.3685368018837595e-05 9.613688864928533e-07 1.2652304848397141e-05
82 1.2936611283324233e-05 7.317009307416387e-07 1.2192396177388395e-05
83 1.2646359228570224e-05 8.389591439341176e-07 1.1850993176587482e-05
84 1.2735215158146776e-05 9.375577361505079e-07 1.1801291222456477e-05
85 1.2659879736621367e-05 1.1954142669081789e-06 1.1454194271732992e-05
86 1.212795794318176e-05 8.957715042382919e-07 1.1202202493750789e-05
87 1.185985133803303e-05 1.0243904544089064e-06 1.0828733800563023e-05
88 1.1476986630929893e-05 9.515981228916417e-07 1.0468648305426999e-05
89 1.1224018820897772e-05 9.026995349117646e-07 1.0417167688457862e-05
90 1.077636703100804e-05 9.74826395284396e-07 9.895737614060472e-06
91 1.0940735321856749e-05 9.200380658180535e-07 9.86943000177906e-06
92 1.0247449640298688e-05 8.374733535272554e-07 9.38245242302664e-06
93 9.917892046663633e-06 8.252644906564374e-07 9.071153689100197e-06
94 9.984408310900581e-06 1.0019871730866276e-06 9.138693980537736e-06
95 9.504595897493399e-06 8.461352255615416e-07 8.722567664701e-06
96 9.63501272598183e-06 1.1146706357763565e-06 8.439619355871475e-06
97 9.174424956670106e-06 1.0119200314484903e-06 8.238199260029237e-06
98 9.078465926786197e-06 1.1783413499453383e-06 7.946051121842462e-06
99 8.76685114423273e-06 1.0189368107655702e-06 7.772902421557919e-06
100 8.766583859874238e-06 1.2275551446876667e-06 7.541952688990068e-06
101 8.636343201730107e-06 1.3136946136850286e-06 7.391649589631272e-06
102 7.957863998677802e-06 9.295473757608128e-07 7.092119639625212e-06
103 8.070238128134714e-06 1.1896710694194842e-06 6.88502454987917e-06
104 8.202386601278084e-06 1.3763922176893102e-06 6.859637801181819e-06
105 7.566583117703126e-06 1.0657099457241992e-06 6.517353863665154e-06
106 7.669537822973083e-06 1.3818716576565025e-06 6.294111620897423e-06
107 7.350362240690338e-06 1.1068088627482726e-06 6.243526341740199e-06
108 7.249404083740642e-06 1.2757858531123407e-06 6.031393199142547e-06
109 7.229376898057608e-06 1.2023108141520043e-06 6.042001160721733e-06
110 7.168370737057034e-06 1.2830002213293083e-06 5.958602901942941e-06
111 6.956242695132766e-06 1.1299398167094947e-06 5.7982912787610565e-06
112 7.065863860821806e-06 1.2944775379757167e-06 5.726214458706178e-06
113 6.796519120801423e-06 1.1415632940552366e-06 5.644507126144346e-06
114 6.396433950409802e-06 8.572405581992695e-07 5.565759879442241e-06
115 6.667846857736327e-06 1.3360561355711025e-06 5.418532707232628e-06
116 6.499007580678105e-06 1.1662435505590868e-06 5.409861015556785e-06
117 6.623848240756792e-06 1.1798468956849933e-06 5.4757722287266516e-06
118 6.3133683975417996e-06 9.061094191880989e-07 5.424442455088383e-06
119 6.578696246522641e-06 1.2230576772227441e-06 5.397492111384407e-06
120 6.39318954725481e-06 9.958843662471203e-07 5.3296738648641185e-06
121 6.668915186942304e-06 1.33378121874556e-06 5.382756716139374e-06
122 6.506807795877576e-06 1.0622832624068613e-06 5.471676619951276e-06
123 6.475665893835811e-06 1.058139520368228e-06 5.435637565384784e-06
124 6.6621592017770046e-06 1.1851962917809236e-06 5.446422728928963e-06
125 6.617763399405012e-06 1.0707251287244532e-06 5.5337413071985006e-06
126 6.6051905508545534e-06 1.0009718256839836e-06 5.515734021325696e-06
127 6.405353971521561e-06 1.0445587870805141e-06 5.375764706815948e-06
128 6.400575934307992e-06 9.511502619483039e-07 5.416266161491814e-06
129 6.437145739839852e-06 1.0367527797163973e-06 5.461386152479672e-06
130 6.552331435576937e-06 9.301944328763555e-07 5.585395307451246e-06
131 6.585951282161816e-06 1.096615846819816e-06 5.5245224833065155e-06
132 6.451321073597615e-06 9.131922532925285e-07 5.617163161515232e-06
133 6.4626903928404e-06 9.037905786964461e-07 5.594271398097288e-06
134 6.321593500603929e-06 7.296656768045071e-07 5.572234575315635e-06
135 6.324909015252815e-06 8.889289941062052e-07 5.554481694713032e-06
136 6.760195855172364e-06 9.518799965455819e-07 5.76241763813716e-06
137 6.457439835515656e-06 8.30672226928601e-07 5.606054453665522e-06
138 6.480855401458187e-06 7.592169154632074e-07 5.741728347203057e-06
139 6.506849850474201e-06 7.65796857862165e-07 5.78649768455646e-06
140 6.386705864113723e-06 7.125518590416526e-07 5.7093430205298304e-06
141 6.679290320224367e-06 8.211543479135103e-07 5.8194589623242314e-06
142 6.308636575229093e-06 4.767559353225233e-07 5.785202383905164e-06
143 6.559112119079133e-06 7.624035908051184e-07 5.797315820873102e-06
144 6.576924097442072e-06 8.30318475231513e-07 5.742051766186093e-06
145 6.62329968762063e-06 7.553815662489201e-07 5.865657153503847e-06
146 6.4214130681840234e-06 5.965519432320526e-07 5.817726946308078e-06
147 6.619652121015423e-06 7.196456416372679e-07 5.88986714557402e-06
148 6.568384494988738e-06 6.273794433539797e-07 5.903752394130467e-06
149 6.550629157270604e-06 6.166668729120681e-07 5.91418098892328e-06
150 6.414681087681278e-06 6.027748120493284e-07 5.838017488148714e-06
151 6.493692655828949e-06 7.18339797461598e-07 5.768813128961226e-06
152 6.6780143901617386e-06 7.294548748703044e-07 5.958670629928332e-06
153 6.4927318575364306e-06 6.419234904396977e-07 5.881400537239492e-06
154 6.638381591117307e-06 6.306880824921183e-07 6.023153076235128e-06
155 6.43485875708249e-06 4.948080394797636e-07 5.9256789120642835e-06
156 6.44464563958799e-06 5.082548182660484e-07 5.956421485503501e-06
157 6.549412983466926e-06 5.77254169927888e-07 5.973944269208524e-06
158 6.469280942980712e-06 5.486036780108026e-07 5.919113921432738e-06
159 6.4279734835068134e-06 5.485956199553454e-07 5.905744631967548e-06
160 6.359495536033532e-06 5.369153071310645e-07 5.845274724143602e-06
161 6.383858237477212e-06 5.138512096150709e-07 5.8833585154719674e-06
162 6.577252281861486e-06 5.744095011568454e-07 5.969790336770528e-06
163 6.5623204599058234e-06 6.667504911250203e-07 5.901210714777333e-06
164 6.644475574387184e-06 6.424811895773135e-07 5.996184271208816e-06
165 6.497059769266691e-06 6.475812735454571e-07 5.879128267237205e-06
166 6.6925886282669584e-06 6.247228410089158e-07 6.026099569529845e-06
167 6.5104566291272556e-06 5.213915463876418e-07 5.9882324781788866e-06
168 6.5084385284373996e-06 5.157183938103134e-07 6.022402062519516e-06
169 6.475815152563638e-06 5.818817962875692e-07 5.886945113811083e-06
170 6.275616363873556e-06 4.6780896806164427e-07 5.862778805374488e-06
171 6.486923564553749e-06 4.5832591069501964e-07 6.033095311080929e-06
172 6.428954568728378e-06 5.376359493213667e-07 5.92026371301424e-06
173 6.389380097786491e-06 5.067424668131155e-07 5.9117312491054495e-06
174 6.472209997407464e-06 5.338712354477481e-07 5.949374513895621e-06
175 6.45343755107665e-06 5.134369026320032e-07 5.961957457248973e-06
176 6.443244624539791e-06 5.485844503985113e-07 5.8809934038872145e-06
177 6.4963394656316175e-06 4.72859831622447e-07 5.973299221103019e-06
178 6.412189320578997e-06 4.4456816670937165e-07 5.9345999075866115e-06
179 6.476978725169497e-06 4.6564063372321997e-07 6.01223098213638e-06
180 6.448596533090085e-06 4.430189825440939e-07 5.99811739641577e-06
181 6.4161082565620205e-06 4.222983569173948e-07 5.969570048657712e-06
182 6.414746526650776e-06 4.93955271170196e-07 5.8928795962611335e-06
183 6.456010321111161e-06 4.441406341723216e-07 5.996435854226281e-06
184 6.555264009584542e-06 4.903539775929481e-07 6.075684228395985e-06
185 6.372881592514431e-06 4.957696964499544e-07 5.8660607377742455e-06
186 6.410039014867073e-06 4.40390284652662e-07 5.955989200093995e-06
187 6.524681797558043e-06 4.838581023778897e-07 6.010391903810918e-06
188 6.3901996567780885e-06 3.8954598905627327e-07 6.000516423276561e-06
189 6.4895872263647e-06 4.654369663628395e-07 6.0169178754021565e-06
190 6.402214283477379e-06 4.18007179424629e-07 5.989160445352994e-06
191 6.426271536474322e-06 4.129501641897621e-07 6.038983276387307e-06
192 6.4452211589776035e-06 4.4007306259337865e-07 6.001723090673256e-06
193 6.584349837291274e-06 5.083478061485673e-07 6.078000260515335e-06
194 6.465033624511086e-06 3.8968114920942674e-07 6.081703766066908e-06
195 6.378327957062529e-06 3.614673761428335e-07 6.030380798519038e-06
196 6.543362065052872e-06 3.3140883637733416e-07 6.173427293697481e-06
197 6.595926624265353e-06 4.233064061199387e-07 6.208635381899783e-06
198 6.541313436558394e-06 3.9760752756007555e-07 6.12796604251347e-06
199 6.541873405561722e-06 4.055658224204889e-07 6.145399375882506e-06
200 6.581828258799952e-06 4.3187363816366824e-07 6.156477947833538e-06
201 6.611738664140863e-06 3.9640414718111733e-07 6.206610964535786e-06
202 6.662262736677101e-06 3.9600210233014237e-07 6.249960428106878e-06
203 6.571285397071623e-06 3.8240611048514984e-07 6.180052303980229e-06
204 6.619971824257881e-06 3.711951947978601e-07 6.2847637508337984e-06
205 6.694614467892722e-06 3.882366930135993e-07 6.291501053627018e-06
206 6.57460894391657e-06 3.595579792150855e-07 6.212433882091667e-06
207 6.67946545367337e-06 4.1893143594113304e-07 6.297714987576767e-06
208 6.686996971097904e-06 3.445930873878357e-07 6.341695555169102e-06
209 6.651924738050064e-06 3.8396649227493297e-07 6.304995249232419e-06
210 6.7139785530374685e-06 3.3196695972228565e-07 6.411056193524369e-06
211 6.899199740674499e-06 4.2984275829511336e-07 6.478385107847907e-06
212 6.794036087331062e-06 3.4541564400864456e-07 6.453407353131469e-06
213 6.799205971025436e-06 3.703917490403477e-07 6.43706104440943e-06
214 6.8896388471276505e-06 4.111017246023494e-07 6.509730749433404e-06
215 6.761742136456014e-06 3.3987415681418985e-07 6.442626064971125e-06
216 6.84420304131321e-06 3.428486262474077e-07 6.516930544063453e-06
217 6.921278327983482e-06 3.156775858549214e-07 6.644767977452542e-06
218 7.068235466742785e-06 4.217226816745586e-07 6.64338173111149e-06
219 7.116609642748562e-06 4.0194914572778875e-07 6.7374762131285155e-06
220 7.104132492038046e-06 3.8698074985228604e-07 6.7150132423339085e-06
221 7.171690827404245e-06 4.049522078384104e-07 6.769089006513689e-06
222 7.221242592659756e-06 4.095731922977146e-07 6.790771009529369e-06
223 7.130768385759125e-06 3.5490726995346553e-07 6.748658874188446e-06
224 7.176404927138193e-06 3.5186868155509936e-07 6.801187760686714e-06
225 7.209989188194346e-06 3.564284208447294e-07 6.883128250834232e-06
226 7.300807302395533e-06 3.808842353280457e-07 6.923960155939454e-06
227 7.303187892121179e-06 3.174637628029578e-07 6.999765517601167e-06
228 7.435783076290204e-06 3.747821249151949e-07 7.0488627958844695e-06
229 7.531341539436391e-06 3.4185046738509967e-07 7.172340443346815e-06
230 7.5032930979708154e-06 3.943970069138381e-07 7.1213229987884484e-06
231 7.497967350960988e-06 3.2843101288564553e-07 7.158388875873682e-06
232 7.604413755232159e-06 3.6423307774175434e-07 7.212845893474531e-06
233 7.645771160793111e-06 3.5262417938221134e-07 7.320154015056416e-06
234 7.647202803557144e-06 3.6723621743053434e-07 7.294033564624482e-06
235 7.651642188335966e-06 3.347257798594794e-07 7.322898694947803e-06
236 7.724019678256463e-06 3.019780176356954e-07 7.423575212281468e-06
237 7.693560848070545e-06 3.1083173086873543e-07 7.3875032494510775e-06
238 7.93605312074696e-06 3.37376792278181e-07 7.553764894232957e-06
239 7.838033587237726e-06 3.100398992441517e-07 7.534600616061917e-06
240 7.956585338023598e-06 2.83808588829853e-07 7.696595752900519e-06
241 7.99213505104018e-06 3.0288915082111736e-07 7.68201828330667e-06
242 7.97553706596914e-06 2.920202752121911e-07 7.714360235598139e-06
243 8.083107074729466e-06 3.3235040805301286e-07 7.709218870600507e-06
244 8.108507794500397e-06 2.8689637156392153e-07 7.81706995638537e-06
245 8.260301382946249e-06 2.724914010188633e-07 7.98267582803395e-06
246 8.227032951312014e-06 3.2816683844980554e-07 7.887875514488886e-06
247 8.275990214239116e-06 2.863370180718485e-07 8.00682976108601e-06
248 8.323464520357287e-06 2.8010229110575834e-07 8.031163107146762e-06
249 8.4507885948548e-06 3.155738089284828e-07 8.122782715932525e-06
250 8.356117932127057e-06 3.142714668645531e-07 8.035706710833703e-06
251 8.454629018962721e-06 3.1433493873680966e-07 8.143005756131802e-06
252 8.560460448112655e-06 3.129338230434415e-07 8.23201062793183e-06
253 8.527564019394973e-06 2.9041062014700743e-07 8.246404713851357e-06
254 8.677954031035704e-06 2.6025382873762825e-07 8.42220921989149e-06
255 8.666624542764222e-06 2.464972399453208e-07 8.431489316587316e-06
256 8.731529874223208e-06 2.613724691289073e-07 8.501142429458136e-06
257 8.817722340400888e-06 2.811846627607051e-07 8.513276268203714e-06
258 8.832444712947214e-06 2.6499973712083815e-07 8.539595431776273e-06
259 8.855458108891053e-06 2.806084145326781e-07 8.582462882749402e-06
260 8.855728954424826e-06 2.4026031579296555e-07 8.642477831910515e-06
261 9.064496712120875e-06 2.7426267981100715e-07 8.758313652484292e-06
262 8.96108656782473e-06 2.1776708207941834e-07 8.718396399031748e-06
263 9.002422618602534e-06 2.330015011536777e-07 8.767360619161512e-06
264 9.203644703226897e-06 2.3040222800445972e-07 8.988553807344258e-06
265 9.234090644945194e-06 2.453222813040928e-07 8.988716403342418e-06
266 9.225574509341058e-06 2.1741035711154176e-07 9.008788262825387e-06
267 9.311080326022499e-06 2.575836284005177e-07 9.075045208253974e-06
268 9.370957249905204e-06 2.418547655204417e-07 9.130655546295164e-06
269 9.449160226552641e-06 2.220356565451672e-07 9.21218212992243e-06
270 9.495619812236713e-06 2.547232916726559e-07 9.275515556639948e-06
271 9.478675481430664e-06 2.0645285377895328e-07 9.302747954872678e-06
272 9.617621926917715e-06 2.4155048384448014e-07 9.373807965634047e-06
273 9.66437821216377e-06 2.1561020432076027e-07 9.450435696112522e-06
274 9.800755602472258e-06 2.1999959857905524e-07 9.58903150827451e-06
275 9.863156314394409e-06 2.386464228428442e-07 9.6380005664224e-06
276 9.890668550650414e-06 2.3483461059093236e-07 9.645754939074425e-06
277 1.018120477454153e-05 1.8322211405310355e-07 9.995102250093851e-06
278 1.0143654357416745e-05 2.0380555747627374e-07 9.956785001826616e-06
279 1.0173802611665168e-05 1.844630047115172e-07 9.987551262109111e-06
280 1.0190003854438747e-05 2.0938092923445196e-07 9.962712813222428e-06
281 1.0172802783205133e-05 2.2855363907931228e-07 9.959476900540873e-06
282 1.0234617483034042e-05 1.9497194942550963e-07 1.0056649621401605e-05
283 1.0339363888139765e-05 2.0963422421017333e-07 1.0139283543742483e-05
284 1.0464949876008052e-05 2.171588852876472e-07 1.024950632545531e-05
285 1.0597798856732315e-05 2.1977956170995604e-07 1.0397474004801707e-05
286 1.0608045735696164e-05 2.0511074963546908e-07 1.0413739890676123e-05
287 1.0563717333426075e-05 2.2578396283401784e-07 1.0376775220292699e-05
288 1.0768115614273186e-05 2.2079189875660703e-07 1.0553510508038253e-05
289 1.0945419467908307e-05 2.086472703432451e-07 1.0736164488093575e-05
290 1.1054621524536872e-05 2.233991885365604e-07 1.0845955296460455e-05
291 1.1107706541826458e-05 2.1648701017792788e-07 1.0878769720560888e-05
292 1.1050944760057785e-05 1.99950424789326e-07 1.0864828541423107e-05
293 1.1091102132878261e-05 1.9016202557189625e-07 1.0903978431497918e-05
294 1.1118383351585287e-05 1.70155456282386e-07 1.0942861223635704e-05
295 1.134878013663842e-05 1.8635213008403622e-07 1.1161518632579722e-05
296 1.140547115285597e-05 1.8337070268050403e-07 1.1236080306234478e-05
297 1.1444469043516169e-05 1.8921543707079312e-07 1.1291733410294212e-05
298 1.1462755079499958e-05 2.039391041269851e-07 1.1258885157839325e-05
299 1.1647928256622042e-05 2.0235267847619066e-07 1.1432165093922648e-05
300 1.1721822639801768e-05 2.15595916313696e-07 1.1483410894541082e-05
301 1.1821836196820636e-05 1.960981972803135e-07 1.1635028552354323e-05
302 1.1894852337431616e-05 1.8440186315439178e-07 1.1713660161662763e-05
303 1.2100365136256694e-05 1.833548778219115e-07 1.1884343988005101e-05
304 1.2177696381631812e-05 2.0791206989412308e-07 1.1967844144444797e-05
305 1.2129974901500589e-05 1.7992107970640275e-07 1.1942487004055517e-05
306 1.2130087404775763e-05 2.043497821781659e-07 1.1908004979766804e-05
307 1.2266053920881087e-05 2.053591661990037e-07 1.2066935196306749e-05
308 1.2459890047696849e-05 1.8271442419079383e-07 1.2282764397727068e-05
309 1.2316018226259122e-05 1.9329100179825032e-07 1.2109981380591116e-05
310 1.260253809501141e-05 1.9060030050932203e-07 1.2441735299844375e-05
311 1.270813532115073e-05 2.031429360117427e-07 1.2516220147977171e-05
312 1.2713743513116646e-05 2.0327131498887287e-07 1.2508566411825626e-05
313 1.2793366753492469e-05 1.7544180762409764e-07 1.262607783892266e-05
314 1.2941000852340725e-05 1.7644922862421466e-07 1.27827662345965e-05
315 1.2931055600201823e-05 2.2119190525730017e-07 1.2755885453235602e-05
316 1.3063570787918341e-05 2.222676466058935e-07 1.2871475842347961e-05
317 1.3163557354770288e-05 1.9928254084005432e-07 1.2951954766957871e-05
318 1.3439844600695019e-05 1.987572098280926e-07 1.3245654313373385e-05
319 1.3459854609476742e-05 2.0171405276364277e-07 1.325070698933482e-05
320 1.3581032163083124e-05 2.3825465836270815e-07 1.3332883324463235e-05
321 1.3693468469771165e-05 2.0000396006313319e-07 1.350193728854283e-05
322 1.3712765184077454e-05 1.9691949746317413e-07 1.35277387863313e-05
323 1.3998240071537984e-05 1.739644635165788e-07 1.3814537108561717e-05
324 1.3992998440509157e-05 2.0784480680168905e-07 1.379177309709903e-05
325 1.4058807824115382e-05 2.062638014848016e-07 1.3865247737264602e-05
326 1.4097295328648774e-05 2.2448584260868717e-07 1.387328083958654e-05
327 1.4378454910076233e-05 2.0352035532848676e-07 1.4212948453589593e-05
328 1.447827843007194e-05 2.5021320024232615e-07 1.4267053066969963e-05
329 1.4735147046093503e-05 2.3138233494791073e-07 1.4500330664338252e-05
330 1.4726650195616273e-05 2.362585193180238e-07 1.4491531102372205e-05
331 1.4717052770230473e-05 2.356370550667475e-07 1.4485133278287772e-05
332 1.4973018961974176e-05 2.727795349638788e-07 1.472408782134627e-05
333 1.4913203720554794e-05 2.576151877945004e-07 1.4658243671648356e-05
334 1.5061373357692057e-05 2.3362590505628868e-07 1.4850246105163174e-05
335 1.536780168298709e-05 2.8014793187701446e-07 1.5105890677445147e-05
336 1.5540830310735572e-05 2.82892784419112e-07 1.5248509497501245e-05
337 1.5546926033759433e-05 2.575077395322701e-07 1.5307101992120483e-05
338 1.581486766649499e-05 2.6953472774682503e-07 1.555138781689805e-05
339 1.5886842704385538e-05 2.576502463780848e-07 1.563684099424386e-05
340 1.5750158842852178e-05 2.6811167669292756e-07 1.5467235377060158e-05
341 1.586015165651002e-05 2.9049771525410224e-07 1.5591021330730927e-05
342 1.6174015920536477e-05 2.99145052440729e-07 1.5902464088883477e-05
343 1.6177619594397596e-05 3.0957959309297013e-07 1.5866324562990894e-05
344 1.648955481911915e-05 2.942768417411555e-07 1.621265715063692e-05
345 1.6616281203904913e-05 3.2308893202668043e-07 1.631151573549982e-05
346 1.660338453808314e-05 3.495275346703092e-07 1.624977840223011e-05
347 1.689118682196449e-05 3.144610722574239e-07 1.6611069779076032e-05
348 1.711684314450343e-05 3.19649741629359e-07 1.6797870463181453e-05
349 1.720307503197992e-05 3.39210255952201e-07 1.687847136917161e-05
350 1.7363471713387365e-05 3.049120657801235e-07 1.7097252869851678e-05
351 1.7718982511418336e-05 3.4871887966484466e-07 1.729937684088947e-05
352 1.764314196850198e-05 3.4626844170578867e-07 1.7301022066493546e-05
353 1.7708090561081794e-05 3.794760127567564e-07 1.7352987597971443e-05
354 1.804524502442737e-05 3.353504603106896e-07 1.7712553506211113e-05
355 1.8093773107369597e-05 3.642586641655888e-07 1.7777031323665954e-05
356 1.828581058164091e-05 3.924275234443833e-07 1.7905163001137306e-05
357 1.852839022857001e-05 3.57423516520237e-07 1.8148815612341963e-05
358 1.8552624032728718e-05 3.566735655104837e-07 1.8189255451947845e-05
359 1.8733487180352573e-05 3.995749476604804e-07 1.8317728545058247e-05
360 1.8999900503655583e-05 3.732547386005781e-07 1.8620355114666634e-05
361 1.8970967017831573e-05 3.997560814128367e-07 1.8585364394689677e-05
362 1.9415806288767827e-05 4.0923897747938684e-07 1.902389209270624e-05
363 1.956775726628084e-05 4.313537456305986e-07 1.9181500454195522e-05
364 1.9540993600638597e-05 4.331293189079639e-07 1.913385342225788e-05
365 1.9811283640390953e-05 4.7190306768245184e-07 1.9372976356942e-05
366 1.9811255970882373e-05 4.2174238385811095e-07 1.9389030989556414e-05
367 2.0339195957701908e-05 4.352631831891509e-07 1.9932327414749408e-05
368 2.0461171500539094e-05 4.961629409606682e-07 1.9978731003384866e-05
369 2.0732447978091445e-05 4.7371137142574334e-07 2.0255440256204253e-05
370 2.0938062023526054e-05 5.15473783857276e-07 2.036630131353635e-05
371 2.0731164241272765e-05 4.9840765418044e-07 2.0220391293735274e-05
372 2.1150138369120868e-05 4.925938428265561e-07 2.065705738065254e-05
373 2.1305803943568195e-05 4.814294111833505e-07 2.0825022149089195e-05
374 2.1455833492435895e-05 5.809672579318797e-07 2.0902343790047958e-05
375 2.1558330426097205e-05 4.821526592026807e-07 2.1063789554302236e-05
376 2.2031162187081764e-05 5.571932148967162e-07 2.1536049302528946e-05
377 2.2312948525045315e-05 5.439553628102398e-07 2.1776053637947626e-05
378 2.2465212177608124e-05 5.097926830352262e-07 2.204150528797435e-05
379 2.247621553707121e-05 5.516697268501678e-07 2.194927665792652e-05
380 2.315973384214485e-05 6.340274349845464e-07 2.2538589527685986e-05
381 2.3386377212152026e-05 5.61920712613053e-07 2.2777520785625564e-05
382 2.3186328059767717e-05 6.984778187099892e-07 2.2452270619743565e-05
383 2.3256422027020375e-05 5.707842647600587e-07 2.271785504264701e-05
384 2.3668580967845976e-05 5.87617854312914e-07 2.313955162332326e-05
385 2.3918980256073392e-05 5.411923033385625e-07 2.3372862056197093e-05
386 2.4014678655585506e-05 6.270111944042877e-07 2.3393530212870273e-05
387 2.416553574100184e-05 6.074713000343575e-07 2.355155596473085e-05
388 2.5050924864953874e-05 6.893531840366593e-07 2.435797255351491e-05
389 2.4921052551969176e-05 6.608455700494466e-07 2.4274436258749542e-05
390 2.4967512588348323e-05 6.106678178731729e-07 2.439325433825692e-05
391 2.5278221189406568e-05 6.497637747565774e-07 2.4644949228334105e-05
392 2.5612855652996825e-05 6.58707265346453e-07 2.500342468308745e-05
393 2.6031792189438863e-05 6.415333655186437e-07 2.5413783538705694e-05
394 2.5886678738913813e-05 6.671109566078271e-07 2.5210698456007773e-05
395 2.6523845319991695e-05 6.801526830453029e-07 2.58144007088881e-05
396 2.6565808672989687e-05 6.647544253378637e-07 2.5900791318363113e-05
397 2.725718530582702e-05 7.754604320911936e-07 2.6470847240431806e-05
398 2.751403073991421e-05 7.34269268523101e-07 2.6783255573436554e-05
399 2.7895323751218393e-05 7.041275830804065e-07 2.718201166627203e-05
400 2.7830237266478552e-05 7.092286143949778e-07 2.7143717101071643e-05
401 2.8157703823904423e-05 7.886610297214715e-07 2.7309616707462413e-05
402 2.853950488140565e-05 6.962026007544938e-07 2.778998337269861e-05
403 2.858776364312401e-05 8.312645340391135e-07 2.7758005412792204e-05
404 2.872759018377497e-05 7.901961882589981e-07 2.799738820486281e-05
405 2.9421847013786297e-05 8.556455097364145e-07 2.8600313943277635e-05
406 2.986030148443154e-05 7.998874139300029e-07 2.9066466511498667e-05
407 3.0173437287447095e-05 8.134746178519754e-07 2.9363054965804518e-05
408 3.082555151284876e-05 8.776037425658108e-07 2.996089831974093e-05
409 3.058871789667592e-05 8.469247320261564e-07 2.974630048319106e-05
410 3.058325430668368e-05 8.767290180268568e-07 2.9757421755164355e-05
411 3.112253774882305e-05 9.170488203979068e-07 3.0242515795395137e-05
412 3.135417685944662e-05 9.0770016802475e-07 3.0412875316010784e-05
413 3.1793859290151904e-05 8.898129142578908e-07 3.092468307104595e-05
414 3.181867613151898e-05 9.84503093259333e-07 3.08490845946805e-05
415 3.247750652514874e-05 8.291460235792061e-07 3.1748900312862715e-05
416 3.2854156471073045e-05 1.0088787941632613e-06 3.19488782486353e-05
417 3.329939518059786e-05 9.34731050017754e-07 3.238087921600581e-05
418 3.354845974216258e-05 8.585531061106376e-07 3.27587301008241e-05
419 3.3842588872486525e-05 8.66334755887139e-07 3.303583213251314e-05
420 3.4305316394919613e-05 9.215725589862531e-07 3.340524431172009e-05
421 3.464255265968489e-05 9.535376840850421e-07 3.3650823840844656e-05
422 3.506440823152828e-05 8.123904388972245e-07 3.428120581220402e-05
423 3.5991730544162444e-05 1.0202505661680956e-06 3.496918124771122e-05
424 3.572043514619737e-05 9.961937168163402e-07 3.479773756461377e-05
425 3.5918369292479474e-05 1.0261001663090755e-06 3.498802286281466e-05
426 3.691939045449702e-05 1.044157461425501e-06 3.601521313275972e-05
427 3.664509034913174e-05 9.617495550393742e-07 3.5652629020310696e-05
428 3.7518513349704334e-05 9.723960163431838e-07 3.66146697547703e-05
429 3.778368398329114e-05 8.654497444990406e-07 3.693255492305726e-05
430 3.8108301698939216e-05 8.826971249315664e-07 3.726358582303683e-05
431 3.864976194538682e-05 9.515304054731346e-07 3.772569745385845e-05
432 3.9031635672792635e-05 1.0713408644194408e-06 3.7951548587079615e-05
433 3.924300042623387e-05 1.0570861640501645e-06 3.8105718819085427e-05
434 3.97966904260744e-05 1.1011134981625227e-06 3.874289469745648e-05
435 4.057912739900883e-05 1.2025086196370598e-06 3.939134519767539e-05
436 4.062288756773289e-05 1.0526445978308048e-06 3.960637529157001e-05
437 4.111958767326471e-05 1.1796821890712844e-06 3.991261388052925e-05
438 4.101849817058765e-05 1.0044225103673294e-06 4.008313579530069e-05
439 4.214973497466021e-05 1.0909108616864439e-06 4.109793098688562e-05
440 4.241751493390404e-05 1.0746401010675656e-06 4.1344967239754554e-05
441 4.287350536494548e-05 1.0695185484950408e-06 4.188442657950773e-05
442 4.348431588182519e-05 1.1894777996976348e-06 4.228332132059326e-05
443 4.438039890563762e-05 1.1784164523718057e-06 4.316040147099083e-05
444 4.3980152642366245e-05 1.163696365339491e-06 4.2774473269129094e-05
445 4.532784710038244e-05 1.1120151408906515e-06 4.421893287021449e-05
446 4.55450790962242e-05 1.0360931027508732e-06 4.452552964335735e-05
447 4.6132520876460546e-05 1.1906159403978561e-06 4.4967438666343164e-05
448 4.647167944055023e-05 1.1052822033949452e-06 4.5356186205925615e-05
449 4.742821496522634e-05 1.1727121921804961e-06 4.6241923202002414e-05
450 4.783945867722809e-05 1.1348708835794706e-06 4.654687868524801e-05
451 4.801654583281842e-05 1.1080343610981049e-06 4.693250036784143e-05
452 4.8053131072040715e-05 1.2421964713338398e-06 4.683490228686807e-05
453 4.9013843886403004e-05 1.2176667018685775e-06 4.8002107158475505e-05
454 4.9826769542233566e-05 1.1468916895634753e-06 4.8706349979088086e-05
455 4.972990306333966e-05 1.0749040167460955e-06 4.867439972903492e-05
456 5.066125679080227e-05 1.210136461798011e-06 4.957982759869415e-05
457 5.1975124547613125e-05 1.1292612713980447e-06 5.075692385530836e-05
458 5.158690335874812e-05 1.226390025769852e-06 5.0439673550748775e-05
459 5.251236483542513e-05 1.1465010317398716e-06 5.135162463633499e-05
460 5.3465438467317966e-05 1.3769970366335255e-06 5.203109906439218e-05
461 5.379265487046657e-05 1.2294042939679995e-06 5.270933251493864e-05
462 5.421846841275281e-05 1.3601316324831858e-06 5.283479775209068e-05
463 5.4948130965345193e-05 1.301642191854016e-06 5.365336416993038e-05
464 5.5148583613099065e-05 1.0718679379250592e-06 5.405314658187138e-05
465 5.581146184488625e-05 1.2082930587944e-06 5.4605894790554466e-05
466 5.665945635414578e-05 1.1599106663945596e-06 5.544273706757526e-05
467 5.686352830383505e-05 1.2261227143931817e-06 5.577058068563209e-05
468 5.794286557951099e-05 1.3240746853056386e-06 5.6711009272602203e-05
469 5.893357818388902e-05 1.1974749969614418e-06 5.783864312735548e-05
470 5.879531610172066e-05 1.2824681370676501e-06 5.768444127788381e-05
471 5.986238608312622e-05 1.3385101011562158e-06 5.85307307882169e-05
472 6.056046820559727e-05 1.2170898037294556e-06 5.930346429265381e-05
473 6.059562520723781e-05 1.2256676980751904e-06 5.930123568211464e-05
474 6.235050717266634e-05 1.224803507584609e-06 6.0951385662537834e-05
475 6.194066313447647e-05 1.2738533966037769e-06 6.073581444542715e-05
476 6.315748098053245e-05 1.30401632568183e-06 6.187865083390934e-05
477 6.39862475251027e-05 1.1562323888162833e-06 6.296377167012765e-05
478 6.381373833325649e-05 1.157767843718489e-06 6.27058237425279e-05
479 6.441530470569735e-05 1.1831097870680269e-06 6.324899901571414e-05
480 6.526897154249085e-05 1.1546563325628834e-06 6.412519944092341e-05
481 6.59509453686883e-05 1.1273437928392631e-06 6.485964346471274e-05
482 6.663274230528099e-05 1.2601689801580351e-06 6.549040159036416e-05
483 6.75593816015014e-05 1.1625697380733594e-06 6.646589539060393e-05
484 6.899096487181109e-05 1.1340744649008513e-06 6.776383005492689e-05
485 6.913159778009975e-05 1.171347629235108e-06 6.802699527213814e-05
486 6.913007090632208e-05 1.1158699595815734e-06 6.806645876269258e-05
487 6.998750501161577e-05 1.248845935605815e-06 6.872237167129516e-05
488 7.192636112538103e-05 1.1546189138807047e-06 7.078433278456685e-05
489 7.163006382470914e-05 1.1234313792994491e-06 7.043240778187621e-05
490 7.248241294756263e-05 1.181702019519558e-06 7.134845419945246e-05
491 7.41434459330314e-05 1.1814551980065962e-06 7.296468238044496e-05
492 7.502005083649124e-05 1.1291030498591399e-06 7.395229348624813e-05
493 7.552747041925104e-05 1.2635306675281727e-06 7.431552874261688e-05
494 7.603600378803129e-05 1.0839707631145928e-06 7.498574869551893e-05
495 7.650164057524002e-05 1.1935764985054372e-06 7.552047212766048e-05
496 7.693821433643685e-05 1.1090531669153322e-06 7.588378046606148e-05
497 7.886130911136022e-05 1.1661098155513044e-06 7.772471023879765e-05
498 7.937218916231179e-05 1.1582272021511608e-06 7.813929471019927e-05
499 7.945964954962127e-05 1.0731587678259636e-06 7.84088560145284e-05
500 8.074972628533493e-05 1.2031308269723805e-06 7.95400594074284e-05
501 8.171014165269237e-05 1.2676437705740991e-06 8.047471693882468e-05
502 8.32505252081161e-05 1.3484494829664803e-06 8.197687489678078e-05
503 8.416595076739536e-05 1.283510787703544e-06 8.289775289279126e-05
504 8.41697865768146e-05 1.1633303550509124e-06 8.294921542947234e-05
505 8.457160691123655e-05 1.0887525523004651e-06 8.361739469231e-05
506 8.720203363878626e-05 1.1140106124017424e-06 8.612677141121194e-05
507 8.738964993012617e-05 1.2274578872067634e-06 8.610098716395882e-05
508 8.863748410074399e-05 1.1005699321604825e-06 8.755621937017564e-05
509 8.955085418921054e-05 1.209677770301599e-06 8.847316722957317e-05
510 9.064979498287103e-05 1.1427510596202438e-06 8.955366730629006e-05
511 9.117884745605607e-05 1.219011894230794e-06 8.985662386507276e-05
512 9.253541132196562e-05 1.0940604463432736e-06 9.14155266908941e-05
513 9.376875402944882e-05 1.0936747240789257e-06 9.261810940141111e-05
514 9.428259701601935e-05 1.046127650820471e-06 9.314384154744363e-05
515 9.54285796465458e-05 1.108374988771109e-06 9.425668430966533e-05
516 9.611773674633766e-05 1.0136904827404115e-06 9.509368293210733e-05
517 9.70915090607676e-05 1.1414504577153934e-06 9.605813009929163e-05
518 9.786386133436024e-05 1.0673203261188906e-06 9.687243920452674e-05
519 9.878728444863098e-05 1.091684421136646e-06 9.770432647059117e-05
520 0.00010030205942441106 9.98037922538717e-07 9.918398217633309e-05
521 0.00010245112489654844 9.93877382658528e-07 0.00010145505890496242
522 0.00010343107329560242 1.0260741356797318e-06 0.00010241417473863772
523 0.00010302158841170894 9.848521501678584e-07 0.00010205615569269935
524 0.00010385044656994219 1.0042954245649225e-06 0.00010303727090958584
525 0.00010688600768715037 9.914633943869934e-07 0.00010594399473947628
526 0.00010778862790574483 9.555935381575812e-07 0.0001068783497052571
527 0.0001085992336358777 1.0172397339309337e-06 0.00010765222715049644
528 0.00010853103073459488 9.974036507794627e-07 0.00010765526194010319
529 0.00011113935019383165 1.0513675394987837e-06 0.00010994289262070413
530 0.0001117977308759447 1.0103067423276186e-06 0.00011089428062599319
531 0.00011329973819988093 1.1184919639289088e-06 0.00011217628157606169
532 0.000115177931865733 9.659272994924507e-07 0.00011414825324804664
533 0.00011613457802568538 1.0412352214667925e-06 0.00011533957816725417
534 0.00011753489682483579 9.955677820684765e-07 0.00011659900941247561
535 0.00011935966324698565 1.0713482136672188e-06 0.00011837048070095413
536 0.00011990352458378075 9.64103961371585e-07 0.00011894125708409151
537 0.0001222143349198551 1.0699236242911213e-06 0.00012099973174909477
538 0.00012321404022949963 1.0129568840594534e-06 0.00012220736936268317
539 0.00012409778265964056 1.0239948791957061e-06 0.00012313255609219982
540 0.000126166521663332 1.0386992162771056e-06 0.0001250776662390468
541 0.00012872844791459855 1.0370263230237077e-06 0.00012760473530661211
542 0.00012932895150121428 1.1369755956488291e-06 0.00012837573448195073
543 0.00013037647101180082 1.0651057644580817e-06 0.00012927473266646867
544 0.0001320038502079369 9.846253183757658e-07 0.00013104315433540043
545 0.00013423286607714923 1.0009340397819964e-06 0.00013324322613912347
546 0.00013566961388700342 1.0284473544985433e-06 0.0001345736553899847
547 0.00013571699703219693 9.887499646364003e-07 0.00013488411513232538
548 0.0001377531757290048 9.856556343640467e-07 0.00013682399074085465
549 0.00013963669952068387 1.08675798205423e-06 0.00013858803677499205
550 0.0001410827864615007 9.626882367940513e-07 0.00014009050721780353
551 0.00014277710787176997 1.0117831600586688e-06 0.0001419298334203789
552 0.00014662026880768176 1.0477857911205239e-06 0.00014571813330567992
553 0.00014675480016510632 1.043637221496958e-06 0.00014579710181487527
554 0.0001481187501519853 9.616303810538019e-07 0.00014720646693251567
555 0.00014953143755577138 9.384346937347576e-07 0.0001484623964875726
556 0.00015297645542407696 9.040047796020276e-07 0.00015218125623520592
557 0.00015270854761385667 9.68874487706093e-07 0.00015181907317043944
558 0.00015647768432089474 1.0623107828412974e-06 0.00015555077728659087
559 0.00015807075256053766 1.0881648390304058e-06 0.00015696408571238844
560 0.0001594968979935086 9.261279755335057e-07 0.00015848732614256412
561 0.00016125258612671053 9.83105597739047e-07 0.00016038751424996619
562 0.00016401919008568588 1.046116810887477e-06 0.0001630504958168801
563 0.00016616496807898062 1.0019321773600475e-06 0.0001651101451693056
564 0.00016761527653389761 1.0741025762892836e-06 0.00016649930774542194
565 0.00016909800978063348 1.0729599021658469e-06 0.0001680882390086657
566 0.00017178925208507354 1.1590059065811437e-06 0.00017072168006751514
567 0.000173960447649875 1.0810909382378499e-06 0.000172864372636601
568 0.00017692777442356502 1.0527905814390592e-06 0.00017582916428501462
569 0.00017860576702242333 1.1019637408403907e-06 0.00017746917415697623
570 0.0001795316665289223 1.0466571421671825e-06 0.0001785326955140467
571 0.00018221277393495148 9.7659051340929e-07 0.00018117391980182834
572 0.00018506151975001116 1.0278081768738065e-06 0.0001839617906201395
573 0.00018773153979098278 9.497057062402548e-07 0.000186910404453294
574 0.0001891530130686825 1.1042956986655257e-06 0.00018786467465454045
575 0.00019131323190775507 1.0438856245977198e-06 0.0001903673631478057
576 0.0001952250788163204 1.1090440709918661e-06 0.0001943749923144742
577 0.00019678446015154909 1.0526113907629966e-06 0.0001957890142905559
578 0.0002002991552105412 1.1771121354191504e-06 0.00019911995157798139
579 0.00019998359090348374 1.1305621384521349e-06 0.00019888942282506573
580 0.00020204820643625836 1.1838914527733103e-06 0.00020103082116494539
581 0.00020693033698927625 1.0995909228969024e-06 0.0002058297832872075
582 0.00020704270155897687 1.172043696130821e-06 0.00020593257447150257
583 0.00021096816648097992 1.1020301184148862e-06 0.00020990859764368448
584 0.00021569072600941656 1.1055243229520186e-06 0.0002144117719519332
585 0.00021733998123837808 1.1712478230466205e-06 0.00021616476121633996
586 0.00021902632087764123 1.277628222225661e-06 0.00021779900251235832
587 0.00022326297850003795 1.2047463287907586e-06 0.0002217822925670431
588 0.00022658601203612118 1.34871173246427e-06 0.00022535243150408594
589 0.00022838078157027565 1.2380643650300507e-06 0.00022708443553170414
590 0.00023081197591969457 1.2854262040260592e-06 0.00022949934099916224
591 0.00023395451496569083 1.2266402036990348e-06 0.0002328569452250247
592 0.00023679503989829993 1.2333444892670066e-06 0.00023556723116399382
593 0.00024030974437458868 1.3375000283928859e-06 0.00023913605811246168
594 0.0002443666728969018 1.3808220764610716e-06 0.00024309338046515268
595 0.00024853356421879284 1.3772845541940072e-06 0.0002473168617684457
596 0.00024950980638895336 1.4356090363735267e-06 0.000248029920335316
597 0.00025322745091900864 1.3816637445309806e-06 0.0002518425442785846
598 0.0002549673434844732 1.3609768338184436e-06 0.0002536541280812671
599 0.000258495999184802 1.4503546332727626e-06 0.00025691017555665385
600 0.00026310518647308586 1.4249786975310622e-06 0.0002619010013495643
601 0.0002638864869399964 1.5469278116449914e-06 0.00026235780825762956
602 0.0002700506346493775 1.5621576627181213e-06 0.0002683992802697077
603 0.000271309241749208 1.594959790962466e-06 0.00026981135114594843
604 0.0002765525403192795 1.5984225871311661e-06 0.000274831450740248
605 0.00027850736610650893 1.4387677678543083e-06 0.000277248817857916
606 0.0002835078513441662 1.563934681198201e-06 0.00028214288345260896
607 0.0002857530379089204 1.5770489798454414e-06 0.00028416944910213495
608 0.00029070451659408985 1.6495564264165464e-06 0.0002893006096565022
609 0.0002929172012516771 1.56035927657321e-06 0.00029141223306189336
610 0.0002970412816776815 1.718461258406645e-06 0.0002954426802057472
611 0.00030051379046269956 1.7859965929848791e-06 0.0002985651915872503
612 0.0003079938218650551 1.5727320651806094e-06 0.00030631495053051885
613 0.0003095179560078453 1.7695332677245205e-06 0.0003077307139405383
614 0.0003147399589837678 1.8066933355212618e-06 0.00031282084300509016
615 0.000319416176349202 1.8067017465113589e-06 0.0003176441176970256
616 0.00032199489864859665 1.8885087754331383e-06 0.00032014567067773197
617 0.00032600551129125297 1.8510280868655615e-06 0.00032422655242092015
618 0.0003318841285152746 2.0496937439341637e-06 0.0003298327525562675
619 0.0003390361289509506 1.9610163699440677e-06 0.00033722972214604845
620 0.00033760415218458533 2.0081613954777384e-06 0.00033573459631301136
621 0.0003434347891174084 2.037886052169024e-06 0.00034140112984305636
622 0.0003505660157710624 1.9341822228726728e-06 0.0003484209333917858
623 0.00035206785768711145 2.3242757105158703e-06 0.0003499604749682718
624 0.00035474268929622883 2.0766279105280306e-06 0.0003527529767547012
625 0.00036205640717906524 2.1776610755553363e-06 0.00035985100320516954
626 0.00036793244739316284 2.131815168344834e-06 0.00036579513350741923
627 0.0003722922998134072 2.284626267813049e-06 0.0003698544121024418
628 0.00037650700996782674 2.370001971048138e-06 0.0003742037441481335
629 0.0003800034997683071 2.304993534491681e-06 0.0003777096343158356
630 0.00038830363876831233 2.3263716235845137e-06 0.00038610345014356554
631 0.0003931872425520426 2.5406699278038605e-06 0.0003906203806504488
632 0.0004006877587276233 2.4501452473526897e-06 0.00039787555114057405
633 0.0004051103486590202 2.488561367362852e-06 0.0004024600866458562
634 0.000405190078160405 2.5630447808025575e-06 0.00040290370735667234
635 0.0004163312545565655 2.7861616447279794e-06 0.0004138389079654501
636 0.0004163371623465811 2.5999210610323286e-06 0.00041387213760011194
637 0.0004251526940388313 2.856663358610973e-06 0.0004220702687759736
638 0.0004298074755925235 2.659402472137766e-06 0.0004272635691467405
639 0.0004358679355794519 3.0378961705990357e-06 0.0004327502623240535
640 0.00044460090091464846 3.056932261832983e-06 0.0004419635859543574
641 0.0004461990686881027 3.083709718386223e-06 0.00044327258513715404
642 0.0004562172694817916 2.8355429086257253e-06 0.0004530905911717878
643 0.0004625689043110739 3.048743440149092e-06 0.0004593650378390487
644 0.00046533112907221156 2.9670635209131246e-06 0.0004623392384081269
645 0.00046957560408029405 2.8565054590882194e-06 0.0004660578969819832
646 0.00047924948952425523 3.2032307927874814e-06 0.0004759543320885017
647 0.0004902310542079919 3.1465391153206316e-06 0.0004869940279752654
648 0.0004889162800694557 3.1812640778852515e-06 0.00048593079238862317
649 0.0004971308715779866 3.3722508208640064e-06 0.0004938200249846151
650 0.0005088201035954315 3.5016409957318494e-06 0.0005051446443091444
651 0.0005156538805845969 3.5283021713252294e-06 0.0005114039741467394
652 0.00052077064235696 3.631038527045487e-06 0.0005170995573844214
653 0.0005284652218672551 3.738560904342667e-06 0.0005247765900659054
654 0.0005247021428248336 3.898315623951555e-06 0.0005211917370801071
655 0.0005421595377149272 4.021616522397255e-06 0.0005387611574403214
656 0.0005495007738671947 3.4200667852777038e-06 0.0005459299946095882
657 0.0005542443659234646 3.5363028894645503e-06 0.0005504817985041341
658 0.0005628190844851991 3.903497818264373e-06 0.0005594268053867341
659 0.0005731765346857362 3.919554528658252e-06 0.0005693181869789355
660 0.000586777292838742 4.145971147518826e-06 0.0005823266838559622
661 0.0005868156825339632 3.982288788592624e-06 0.0005829635164210033
662 0.0005938871623857523 4.127620405152773e-06 0.0005898596331857942
663 0.0006077455491146235 4.230088569023545e-06 0.0006030865618172291
664 0.0006142436011763875 4.237385568395551e-06 0.0006102106431344289
665 0.0006257056126893549 4.600092588465255e-06 0.0006208303952077967
666 0.0006259063936992185 4.446406121454232e-06 0.0006217717772437796
667 0.000635063469453943 4.69779639593724e-06 0.000630043259194538
668 0.0006496752608185287 4.45150800749968e-06 0.0006449669686079089
669 0.0006631740508058921 4.781736069744778e-06 0.0006580871373810637
670 0.0006610821204988039 4.690007417263351e-06 0.0006561086350802984
671 0.0006731694142085934 5.118058581383028e-06 0.0006685764087245141
672 0.0006859465517511698 4.468831491958545e-06 0.0006816967687294833
673 0.0006940989717348377 5.003108003542421e-06 0.0006895257913754015
674 0.0007040629862999001 5.187158215155764e-06 0.000698926530920918
675 0.0007160108284460616 5.1119782077271725e-06 0.0007115003059833154
676 0.000723278098239932 5.144899391626699e-06 0.0007176480160843659
677 0.0007380893067194349 5.082511061708255e-06 0.0007330533649919382
678 0.0007417568333200591 5.3001032010518684e-06 0.0007369677186408846
679 0.0007510391792500667 5.955919297621611e-06 0.0007447198838153552
680 0.0007658644093315078 5.5196507546180255e-06 0.0007608362382857941
681 0.0007822920919801927 5.5609270057954e-06 0.0007767024697699846
682 0.0007912938812323453 5.5023268508098436e-06 0.0007858127849272996
683 0.0007982156106659886 5.381910916327787e-06 0.0007927280519578776
684 0.0008031242345974993 5.965596358341954e-06 0.0007978789469801442
685 0.0008231675567065076 6.074411765199019e-06 0.0008170075991510933
686 0.0008328977756339581 5.950107023962222e-06 0.0008275640869901024
687 0.0008421548052709413 5.964243202680044e-06 0.000835538738297091
688 0.0008571785816945933 6.100004041840189e-06 0.0008513476854309501
689 0.000874423392135349 6.6801685214882735e-06 0.0008676285664816773
690 0.0008831413147986268 5.985613889069056e-06 0.0008771940526679516
691 0.0008945139968268559 6.854979319591193e-06 0.0008877099252047866
692 0.0009059313610249306 6.81910524747812e-06 0.0008984978010407335
693 0.000923077662106015 6.911448077363632e-06 0.00091710127476904
694 0.000931048682350427 6.524445603461566e-06 0.0009244248838632071
695 0.0009464153558021667 7.385279956313194e-06 0.000938937628244861
696 0.0009573600234691036 6.315902953567249e-06 0.0009512696371450898
697 0.0009683373905431733 6.5999164614616436e-06 0.0009625340504698991
698 0.0009848762774900522 7.443403735429294e-06 0.0009775140053439734
699 0.0010054513108860644 7.464252921400131e-06 0.0009976486476954152
700 0.0010187133619976277 6.65302913434741e-06 0.0010123544544222247
701 0.001036922409744525 6.943001209397284e-06 0.0010305559598994083
702 0.00104083019063485 7.793846348175474e-06 0.001032902918758305
703 0.001061933695651443 7.0323102209237265e-06 0.0010547589209829436
704 0.0010712092872829017 7.924041290823212e-06 0.0010629785218681286
705 0.0010881996541355953 8.153467097957065e-06 0.0010795994317151678
706 0.0011165348943790684 8.026363270902511e-06 0.0011081737119792356
707 0.0011337097059383782 7.399047508705579e-06 0.0011262967071452414
708 0.0011426287837705265 8.440556590907262e-06 0.0011334177860708756
709 0.0011564009042798968 8.534611930986023e-06 0.0011486289808630716
710 0.001180432093794013 9.039769364521892e-06 0.0011717921435848162
711 0.0011819170400442793 8.239114867007318e-06 0.0011729642559057387
712 0.001211259284868516 9.077173241458791e-06 0.0012023739020325715
713 0.0012289083000819089 8.971438856196745e-06 0.0012189463673630916
714 0.0012423427870875629 8.313640967437955e-06 0.0012341781579501224
715 0.0012583106672392984 8.54996036851845e-06 0.0012506919578696542
716 0.0012760217912650034 9.416261177054382e-06 0.0012663979351892158
717 0.001296676757124351 8.799897826368449e-06 0.0012879650660490038
718 0.0013167652545947705 8.865910427423765e-06 0.0013062912391697294
719 0.0013384785046080046 9.093674190809409e-06 0.0013299299667126154
720 0.0013522091486369249 9.632711987257687e-06 0.0013424936765502838
721 0.0013763834783441257 1.0245555611669912e-05 0.001365827708559018
722 0.0013906834212761387 9.298559896055061e-06 0.0013820038757723935
723 0.0014154072269395353 1.0416887993729866e-05 0.0014048141400648106
724 0.00142608721813265 1.0048484013285515e-05 0.0014159264791710113
725 0.001462192274536695 1.0391471368671844e-05 0.001451973426147066
726 0.0014836218269494287 1.0159722235574607e-05 0.0014738143440394063
727 0.0015086103602680579 1.0343922264064566e-05 0.0014978257684987934
728 0.0015277774376363678 1.0327510184973637e-05 0.0015174371402119477
729 0.0015510646692615756 1.0004338107803312e-05 0.001542181587154218
730 0.0015650199037322693 1.0999306411948637e-05 0.0015529389540103822
731 0.0015943122340374306 1.1224083797407906e-05 0.0015847451874069205
732 0.0016167671984768828 1.1774982086449749e-05 0.0016070460105164005
733 0.0016344171547974223 1.1275000800872438e-05 0.0016235606222716923
734 0.0016720126502572784 1.1289031567793452e-05 0.001660212033697543
735 0.001702862245296394 1.0052965719963092e-05 0.0016929348311883056
736 0.0017138247314068763 1.2050160363697032e-05 0.0017008318435778437
737 0.0017458848044366445 1.269552418744148e-05 0.0017334375294646182
738 0.0017662170244647911 1.1110606960120783e-05 0.001753313348661388
739 0.0018033811309790683 1.156120593264966e-05 0.0017906926080671246
740 0.001825260287221818 1.2092285166163888e-05 0.0018136415168529053
741 0.0018469590935758584 1.2471004130560231e-05 0.00183306844494817
742 0.0018862719137616051 1.2112972317516666e-05 0.0018746538344375093
743 0.0019095875783588841 1.267244270831479e-05 0.0018980102554963115
744 0.0019388712375814172 1.3130258624466269e-05 0.00192570245823102
745 0.0019478531020474968 1.3442762663048144e-05 0.0019350697134010609
746 0.0019865192850378913 1.3625541091752085e-05 0.001973526242156208
747 0.0020257705934793755 1.4104177068761398e-05 0.0020114849678432634
748 0.0020438503413435965 1.2861946849448238e-05 0.002031575371596009
749 0.00207962410351568 1.2911680094391042e-05 0.0020691725284039232
750 0.0021041819923413403 1.4332329148784138e-05 0.0020902676186107614
751 0.0021431807755699526 1.3049944895967625e-05 0.002131914027917953
752 0.0021724196656551864 1.3302875332580002e-05 0.002159606730159171
753 0.0022055264271048803 1.2700540126322722e-05 0.002193208787686586
754 0.0022539742576044826 1.4778556758292933e-05 0.0022397909636598236
755 0.0022756458892854185 1.3959607483659062e-05 0.002262473745054244
756 0.002298798665137704 1.4438914228369752e-05 0.002284343468912901
757 0.0023389504514702802 1.4728235142636636e-05 0.0023229909092027166
758 0.0023843311600662796 1.4689474397352664e-05 0.002371210301999536
759 0.002424306879496252 1.4918111694900984e-05 0.002407127062600686
760 0.002452524010646078 1.4638077790832332e-05 0.0024387036989576504
761 0.0024892587776891 1.555465060933781e-05 0.002470961883820981
762 0.0025322212364834425 1.554474691592505e-05 0.0025180939120579148
763 0.0025816763602429776 1.500477415873186e-05 0.0025673439688850453
764 0.0026131913172926413 1.562899638955799e-05 0.0025979249921309925
765 0.0026267883134512456 1.44037033186736e-05 0.0026152404425470667
766 0.0026793003339283476 1.5914998051012492e-05 0.0026636469696246935
767 0.00274097588626058 1.624674527788221e-05 0.0027238619288585276
768 0.0027796356455261125 1.6018088802433456e-05 0.0027639048309572056
769 0.0028243344775338948 1.665080869553356e-05 0.0028091326474474865
770 0.0028712362876679495 1.5525459871521317e-05 0.002856087584756443
771 0.00288455301904938 1.7257854324371322e-05 0.0028698913600059685
772 0.0029376976699567623 1.6043938830664376e-05 0.0029203507587242735
773 0.0029620261819784856 1.699284108519817e-05 0.0029438288430151532
774 0.0030427265791572143 1.807797006960566e-05 0.003024505263374171
775 0.003074228445493 1.725690332327652e-05 0.0030553783713526024
776 0.00313175605420629 1.769399224105195e-05 0.0031140936294083753
777 0.0031793723578849354 1.7306635337836306e-05 0.0031583272410844842
778 0.003207406594260978 1.6616399125861764e-05 0.003188778570221508
779 0.0032784320818413652 1.8470204965337337e-05 0.0032614307057562807
780 0.003309872692826626 1.7712265341649283e-05 0.0032892542086272736
781 0.0033791654353599126 1.586421283948595e-05 0.0033628783809491105
782 0.0034373696084297268 1.7384930075750077e-05 0.0034209131446139903
783 0.0034553080764552174 1.6704024064633534e-05 0.0034364612489054596
784 0.0035425346945445364 1.889208957923602e-05 0.003521714676144352
785 0.0035768172009795485 1.877470641099839e-05 0.003557445320415724
786 0.0036228324146262074 1.739285884966797e-05 0.0036078537735653826
787 0.003687637472889596 1.777268118514398e-05 0.003668145649613971
788 0.0037568112909641027 1.922475477052813e-05 0.0037343094855082954
789 0.003818239897719776 1.883995145945391e-05 0.0037998738815862086
790 0.003876681972066787 1.9504875692800853e-05 0.003858973072242225
791 0.003936112880660735 1.7702964619991042e-05 0.00391772237654859
792 0.003995284404081741 1.9635585495078175e-05 0.003976437519486329
793 0.004065514888930118 2.0620120869646996e-05 0.004044935012801086
794 0.004149984266233675 1.973649468286545e-05 0.004130450079818809
795 0.004167576206829976 1.881012560883593e-05 0.0041521324167578914
796 0.004240845438834617 1.923929292938912e-05 0.004222079482789427
797 0.004326608608998247 2.176468344762093e-05 0.004304096494631288
798 0.00438874060792217 2.1134895561468423e-05 0.004367667090294709
799 0.004460375115549231 2.0978380078568375e-05 0.00443744988199323
800 0.004501884026759581 2.2650308210450578e-05 0.0044805178892729615
801 0.004588410372230052 2.023587371793475e-05 0.004570155413363744
802 0.004658258999118409 2.0182218679842288e-05 0.004639539053990687
803 0.004705012988985744 1.990114311484542e-05 0.004684568636164848
804 0.0048169715490271915 2.2879557032012485e-05 0.004792128418183089
805 0.0049095754951936875 2.08308367797972e-05 0.004888593525116488
806 0.004943514670998282 2.2122328874634695e-05 0.004920786729476285
807 0.00503664435605861 2.3026156762659978e-05 0.0050175624673691474
808 0.005115050572957361 2.2146938593380156e-05 0.0050922137982722425
809 0.005170272021830998 2.236191116010067e-05 0.005148156877372281
810 0.005258310076127363 2.1338783102370484e-05 0.005237977636324571
811 0.005347726956491295 2.231278039557165e-05 0.0053281724480478306
812 0.005447461783066769 2.334049589695595e-05 0.005426121619545154
813 0.005497811878893441 2.234474468431015e-05 0.005472696811626614
814 0.0056129596025130575 2.4921842157935802e-05 0.00558761489400857
815 0.005706448637862469 2.3704470066433432e-05 0.005680561137538349
816 0.005815458522870428 2.415620554624445e-05 0.005789650857842236
817 0.005837350200634864 2.3282832628293523e-05 0.005813985139703731
818 0.005980725278060196 2.3646959092981927e-05 0.00595654844254323
819 0.006054118106167381 2.3836908020822703e-05 0.006030353872797275
820 0.006160400038173688 2.408333592216234e-05 0.006137098860165491
821 0.006256299340419387 2.368570442406056e-05 0.006230179519218295
822 0.006305731191339287 2.4814678744409794e-05 0.006282915871734153
823 0.0064258439888434825 2.585297192361572e-05 0.006402428771289767
824 0.006545026817139479 2.4053389976741646e-05 0.0065203083622149185
825 0.006597309377740312 2.3824453664178443e-05 0.006571857856178584
826 0.0068211051219184944 2.564565256656598e-05 0.006797603568075694
827 0.006878812040212907 2.5652592108768687e-05 0.006850039051631848
828 0.006963263706409444 2.508476376689636e-05 0.00693931959857651
829 0.00715901724668656 2.6081936419429784e-05 0.007130439247010408
830 0.007203949250063157 2.6263890202044507e-05 0.007178602928326421
831 0.007314435752974168 2.596032360058193e-05 0.007288736155041669
832 0.007477957212595882 2.7398993742735457e-05 0.007453371448240948
833 0.007555419888764531 2.5051366558114385e-05 0.007530664962719437
834 0.0076853551190626404 2.5374188930528724e-05 0.007658086306975874
835 0.007813718597842675 2.6378463454918957e-05 0.007786148316262965
836 0.007983409553691463 2.8813235139534553e-05 0.007954882615619633
837 0.008066079703265994 2.5940333928325017e-05 0.00804075426633126
838 0.00821783802140382 2.7224978156202133e-05 0.00818879112485754
839 0.008333565703070235 2.7444434865452997e-05 0.008307984410180639
840 0.008451234820936841 2.6379029802267963e-05 0.00842727149576516
841 0.008582131005801677 2.6387361934137415e-05 0.008558118244483008
842 0.00874770513857039 2.62543070824451e-05 0.008726967085368367
843 0.008914839085144687 2.7191890524315165e-05 0.008884345902003744
844 0.008995706941868391 2.722903627820926e-05 0.008973404342467767
845 0.009202588573923502 2.8853822915746054e-05 0.009175556920705628
846 0.009286027205443166 2.725781701857029e-05 0.009262809294813958
847 0.009455113872558363 3.0284419882309413e-05 0.009429003428898694
848 0.00959423497581499 2.8178107383932394e-05 0.009570330009869656
849 0.00975074719894489 3.0812840905936926e-05 0.00971854145759617
850 0.009966588246878834 2.733955510156081e-05 0.009938738795275917
851 0.01012584185462713 2.874134304272924e-05 0.010100106634873365
852 0.010202219106730536 3.182182690426819e-05 0.010169193960885652
853 0.010493311325229258 3.1476000448210345e-05 0.010462189707536507
854 0.01054470112038346 2.854511068017937e-05 0.010517552207591789
855 0.010711172220524893 2.9315479481125664e-05 0.01068239344521628
856 0.011006224329106782 2.6097816770193635e-05 0.010973069169858168
857 0.01116647841988904 2.96953763500088e-05 0.011136069905539503
858 0.011286695144959858 2.8576722190476223e-05 0.011253910841983477
859 0.011479419925649824 2.8598742264959972e-05 0.0114458107189712
860 0.011628576119946952 2.7956928006201897e-05 0.01160140697431522
861 0.01171481995183042 2.876281256224865e-05 0.011689330827304847
862 0.011985486644360874 2.953638143212557e-05 0.011955877020478243
863 0.012173950168378167 3.11611698080272e-05 0.012139054943634955
864 0.012455429974083781 2.8934049316839506e-05 0.012429658511933455
865 0.012581369232740936 3.2563596791271044e-05 0.012549770295183388
866 0.012834139093339804 3.125401241855765e-05 0.012799999969331611
867 0.013069050882340696 3.2235637433513395e-05 0.013041337967179491
868 0.013429330522990373 3.1453039829814555e-05 0.013397494877360335
869 0.013454281829689758 2.8718780581396512e-05 0.013429726435782557
870 0.013812159095558309 3.198822658940302e-05 0.013778842976157318
871 0.013917137931276233 3.26578171196097e-05 0.013890347096437774
872 0.014174194432172306 3.264956691620685e-05 0.0141400529919296
873 0.014349385034224293 3.2154314115340595e-05 0.014318818298912954
874 0.014638711723699228 3.057045189818702e-05 0.014606709204469668
875 0.014931570481107121 3.465213325393999e-05 0.014900880435275961
876 0.01512393787763678 3.286314673488942e-05 0.015092670963028847
877 0.015412547510107184 3.138911612079945e-05 0.015382496037853436
878 0.01576063085881892 3.4005834390884914e-05 0.015724424352516107
879 0.01587082412644416 3.731734291933193e-05 0.015838200365243627
880 0.016146179994550293 3.068759654205358e-05 0.016114488750103663
881 0.016483749860559185 3.481323448435184e-05 0.016452042844388205
882 0.016634499527674797 3.243569363708238e-05 0.016602163691176314
883 0.016999178266430673 3.234740620201759e-05 0.01697424605404287
884 0.017240589828083484 3.228900484133563e-05 0.017211056700916053
885 0.017461672537776817 3.3559206410883836e-05 0.017425901140846353
886 0.01784938621895217 3.514462571929879e-05 0.01781508604660231
887 0.01827356931684363 3.5551764178011674e-05 0.01824215634245591
888 0.018417105094885523 3.218600844907657e-05 0.018385976929268136
889 0.018768978078935614 3.415786223483839e-05 0.01873037539760799
890 0.019071887640843953 3.321131513602654e-05 0.019033305517181593
891 0.01940201697704244 3.53285523867218e-05 0.01936807046866049
892 0.019641148073126585 3.549906474275658e-05 0.019608113078296664
893 0.020002980707748114 3.480089835323348e-05 0.019969567545170586
894 0.020299776370813104 3.475339574185505e-05 0.02027135322161438
895 0.020808403966220287 3.499723369987197e-05 0.02077973776850736
896 0.02102161284025087 3.5547481879157816e-05 0.02097956831394142
897 0.02141748674070044 3.783839190408327e-05 0.021383237876578805
898 0.02185804499366836 3.5287883305852144e-05 0.02182891486046853
899 0.022112503842858507 3.529051953914966e-05 0.02206634996321448
900 0.022680056462048955 3.6995785382506474e-05 0.02264090760725707
901 0.023093052438653675 3.802905687200236e-05 0.02304364217505757
902 0.023311780984031655 3.6138380771520195e-05 0.023269292745972003
903 0.023874035965298995 3.6573814146998804e-05 0.023836156145460165
904 0.023970137445490484 3.419790289474122e-05 0.02394619052345129
905 0.024449138131638154 3.5967143502057916e-05 0.024414564614849282
906 0.024827877455512754 3.619432261230403e-05 0.024791402577582736
907 0.025471062834522697 3.6187550836196776e-05 0.025428628958725573
908 0.025755318099797777 3.6001609801045274e-05 0.025725548387567056
909 0.026420690857749885 3.5587378689540646e-05 0.026389590429438222
910 0.02695245786605777 3.707289377160891e-05 0.02690858737339306
911 0.02722964059908898 3.5539465707610584e-05 0.02719448969778721
912 0.02768750010331512 3.5869722974831354e-05 0.027641024287542386
913 0.027961896914505912 3.59924362911719e-05 0.027923377523908034
914 0.028554130690717616 3.720103582768288e-05 0.02851615864479115
915 0.029171223185604472 3.548368862280404e-05 0.029143565669883024
916 0.029510504180639115 3.982230102938876e-05 0.02947142456577447
917 0.030186776247273193 3.764046036781346e-05 0.030143838477900853
918 0.03051719547102545 4.014785073706238e-05 0.030476812672691388
919 0.031204733315090428 3.661797004236044e-05 0.03115861870021099
920 0.031804430610601064 3.8129216778810425e-05 0.03176379270034953
921 0.03233785523708452 3.974929886419766e-05 0.03230391378686885
922 0.03268662859262643 3.9479730228373245e-05 0.032657263492091984
923 0.03338966943533332 3.9513651256521035e-05 0.03335543999805318
924 0.03403132775728561 3.891067097191902e-05 0.034007726896709244
925 0.03459275921412392 3.8043015334250323e-05 0.0345480489671873
926 0.035270933083103514 3.881316171612579e-05 0.03522901488985751
927 0.03585282668395729 3.982463134075639e-05 0.035812119506822386
928 0.03681366893614719 3.741726710673491e-05 0.03677454538739953
929 0.037052274528317046 3.910537152078574e-05 0.03701362550539673
930 0.03791568736677278 3.9910948137244114e-05 0.03788437848030436
931 0.038435598234136926 3.633873189672308e-05 0.0384044268619895
932 0.03906330093514155 4.078553691295205e-05 0.03902894574199969
933 0.039625219742228296 3.7548246287335605e-05 0.039593455405118695
934 0.04040431320004372 3.974216279157094e-05 0.04035622490218135
935 0.041336112390037406 3.8404040703702216e-05 0.04128821817415683
936 0.04196498091555788 3.963029233704783e-05 0.04192316201376823
937 0.042709903389251104 3.9128012367765925e-05 0.04267971326412037
938 0.043656438639634955 4.0045731342884704e-05 0.04361190159453291
939 0.044127111167815064 4.1947354047283234e-05 0.044092113971717105
940 0.04505029131599748 4.250765036120126e-05 0.04500357289913517
941 0.04660795914176484 4.1135345328982476e-05 0.046559801213750876
942 0.046597674293213355 3.757937218749561e-05 0.04655355965772289
943 0.04760065581323187 4.019825242100047e-05 0.047556087617943124
944 0.04871281564605621 3.948225490551982e-05 0.048684428583913926
945 0.04949234797478999 3.8080572569871494e-05 0.049451286581434134
946 0.050023573196448574 4.0779138601353204e-05 0.04998285325094268
947 0.05099892484767089 4.0656772138935985e-05 0.050951399464262144
948 0.05268894181935641 4.211566921810432e-05 0.0526531501379968
949 0.053377312271177875 3.975166276782978e-05 0.053326652198844714
950 0.054306060384581294 4.0925435016109064e-05 0.05427050780086311
951 0.055116824494714944 3.7095397165539744e-05 0.055087406749408624
952 0.05624477518419946 3.956289784647399e-05 0.05621175847883155
953 0.057258473130241835 4.185342743357784e-05 0.05721064044181942
954 0.0584482628532148 4.2369949183053086e-05 0.05841089619185137
955 0.059854160167027014 3.882378681329126e-05 0.059814114927873724
956 0.060770115813092274 3.971151060234976e-05 0.06072226199783132
957 0.06201044445518681 4.0396402422047146e-05 0.0619794880223915
958 0.06344461605562798 4.1116252465109166e-05 0.06340060917048854
959 0.06436679523198748 3.807982363808495e-05 0.064321774509166
960 0.06573321010612787 4.091353631782914e-05 0.06568484816266199
961 0.06662800497181232 3.973705610092064e-05 0.06658381491993484
962 0.06801252964543775 3.891387171080645e-05 0.06796037420142537
963 0.06918221366143623 3.811873056396377e-05 0.06915448168252297
964 0.06993513150924943 4.0348326001905166e-05 0.06990126080979336
965 0.07227665784379497 4.163222327402944e-05 0.07223091831920275
966 0.07337433282338489 4.028810596119382e-05 0.07333904524039232
967 0.07456627529283558 3.987392964171855e-05 0.07454873737821703
968 0.07645777518794679 4.087527963021825e-05 0.07641257753176538
969 0.07833505214575208 4.1252511124405317e-05 0.07828212127278951
970 0.07848672542553466 3.933414938181613e-05 0.07845611683896217
971 0.08073322857444654 3.789245557930037e-05 0.08069396037575555
972 0.08245003248164155 4.263864466083167e-05 0.08242550166065174
973 0.08354227553234736 4.1194370044241796e-05 0.08347974967372979
974 0.08469269853262607 4.225800801962241e-05 0.08464244167324274
975 0.0872041885197315 3.806217734711386e-05 0.08717522654078796
976 0.08908975600057525 4.222390474338028e-05 0.08903025295642651
977 0.09026089465845999 3.889525130074091e-05 0.09021831002267762
978 0.09313112485451538 4.16148200086073e-05 0.09308584082049436
979 0.09439599715497059 4.1502419300865564e-05 0.09438135672596298
980 0.09616757898920697 4.1116728427364736e-05 0.09611630067139804
981 0.09843998272007737 3.892234269264852e-05 0.09838358632308583
982 0.10066741597477438 4.069529777018479e-05 0.10062814711287903
983 0.10265457119014325 4.024156682057289e-05 0.10263154860134892
984 0.1044882224134918 3.8436966670194076e-05 0.10442803861320132
985 0.10617516223850738 3.74857978548589e-05 0.10614132139871062
986 0.10885120410542654 3.9702631136616975e-05 0.10881474378301675
987 0.11195814183004472 3.769123749396074e-05 0.11192764579128207
988 0.11309117955978293 3.802838112759926e-05 0.113054256707434
989 0.11554121916849935 4.114549191200228e-05 0.11551496860800345
990 0.11821487653706086 4.139343019437888e-05 0.11818068030389388
991 0.12008583996898543 4.02374287960656e-05 0.12003930474906822
992 0.12203371514345931 4.2589067429228916e-05 0.12198572035433726
993 0.12527385061907284 4.314815091119581e-05 0.12521974515885068
994 0.12787562344438996 3.9830789613425666e-05 0.12782847414292445
995 0.13151340949126109 3.9846093281320505e-05 0.13146865108154646
996 0.1331388520226681 4.38025626331496e-05 0.13307882107384522
997 0.13646133090196522 4.232462293843246e-05 0.13644558975420049
998 0.13929314537731652 4.022712311894346e-05 0.1392437426145712
999 0.14192000539057914 3.9781353450561256e-05 0.14188900527468135
1000 0.14359485507860825 4.078934045155128e-05 0.14355649268623127
1001 0.1479663320044606 4.1573974370359994e-05 0.14793142961167263
1002 0.1507152500753393 4.083087014678109e-05 0.15067010096710054
1003 0.15407313814976534 4.194970964449272e-05 0.15400216538253272
1004 0.15832410799259394 4.057742592000852e-05 0.15827709673158372
1005 0.15997846345005032 4.02659894140416e-05 0.15991732565875602
1006 0.16389711626619413 3.9569343642116214e-05 0.16387644121470793
1007 0.1675537731728353 4.4008071670567514e-05 0.1674877383300881
1008 0.17094569346911392 3.99838000341074e-05 0.17090566039107621
1009 0.17550954422037812 4.026542929400114e-05 0.1754507799651621
1010 0.17894594808862677 4.081464412798022e-05 0.17889653467768687
1011 0.18147700632356384 3.885807484127457e-05 0.18144748064514032
1012 0.18571922297710725 4.253084240026046e-05 0.1856715390827522
1013 0.19019858417418903 4.092297529982372e-05 0.19014442204272508
1014 0.19431064901270795 4.216530006062139e-05 0.19427529119606102
1015 0.19918457296778258 4.1064125861174935e-05 0.19913155777521854
1016 0.20215902099339622 4.1930351594383165e-05 0.2021112574532432
1017 0.20768932121632194 4.166350703531387e-05 0.20763582584578233
1018 0.21232501820218125 4.0124369795298845e-05 0.21230303553028468
1019 0.2139780737954755 3.99909467791272e-05 0.213948100558941
1020 0.22114464981720386 4.577325356389041e-05 0.22106641984346745
1021 0.22563967045891684 3.929720696887487e-05 0.2256203586470642
1022 0.23008131608259358 4.1571294087320345e-05 0.23004601312900663
1023 0.24259892020553422 0.00011212659348177973 0.24250338290240772
1024 0.24851015063474236 0.00010894163530372819 0.24839577090185755
