ell R_ell F_ell N_ell
2 0.0008135498266815504 0.0007882535653891696 1.2485076961216029e-05
3 0.00020218021110665382 0.00017662897577268915 1.4885659447036663e-05
4 0.0001083371503462625 9.835665890065388e-05 1.1525706235852558e-05
5 5.781762645955783e-05 4.274777944837982e-05 1.2309696839809888e-05
6 6.871363397362839e-05 5.853683065755657e-05 1.161770258242636e-05
7 5.887482337638433e-05 4.836963606392474e-05 1.0999858585270237e-05
8 3.237619386586551e-05 2.0057361668246497e-05 1.1506216318341006e-05
9 2.7493754793605973e-05 1.7382222111154332e-05 1.0901590437054244e-05
10 3.191869020597676e-05 2.0492394164307398e-05 1.108250843641638e-05
11 2.4885785796325493e-05 1.3346502357441426e-05 1.1644725534306197e-05
12 2.7432693679782324e-05 1.6567852796182974e-05 1.0746546914638354e-05
13 2.1370977563581018e-05 1.0963984804611613e-05 1.1565066109605854e-05
14 1.9957958323301447e-05 9.963033939138152e-06 1.0946845755380762e-05
15 2.2036145348218687e-05 1.011282260526896e-05 1.1533822127975053e-05
16 1.959780246173272e-05 7.972326056704283e-06 1.1524981678253669e-05
17 1.9999266683589467e-05 7.80475344501014e-06 1.1474057658905086e-05
18 1.835979394052961e-05 6.741852723101141e-06 1.1638816140079773e-05
19 1.5136709249440595e-05 4.377671427880594e-06 1.1045435979542675e-05
20 1.7264815889325897e-05 6.603116280140599e-06 1.0807192999187426e-05
21 1.569851093457189e-05 4.5129677939002454e-06 1.1249593281950545e-05
22 1.5126300751005536e-05 3.0055201041238866e-06 1.2005553092132315e-05
23 1.616268680570226e-05 4.793304852203137e-06 1.1268660445320489e-05
24 1.362001579090167e-05 1.8256367136789278e-06 1.1568910297322872e-05
25 1.4227211580534352e-05 3.269409775108323e-06 1.1107939133796592e-05
26 1.2794132889809965e-05 2.261558484551736e-06 1.0750769664572885e-05
27 1.4221484644256476e-05 2.7179270223051676e-06 1.1715333455972384e-05
28 1.3470093784195875e-05 1.6543113616181604e-06 1.1816244357332942e-05
29 1.3542749284306118e-05 2.271972194222491e-06 1.1293020013447575e-05
30 1.3491546380480388e-05 1.9312334925170126e-06 1.151900510483394e-05
31 1.3401032228915724e-05 1.6342852836234114e-06 1.181768983264794e-05
32 1.3036595305720294e-05 1.7148885772012576e-06 1.1293941182634079e-05
33 1.2896562686003467e-05 1.741567707144627e-06 1.1201092324424256e-05
34 1.2877198927280085e-05 1.7639102384088112e-06 1.1298280702372471e-05
35 1.2923468725384354e-05 1.6269285667197132e-06 1.1240535437825356e-05
36 1.2918365038393563e-05 1.3213162943427506e-06 1.1530273878898811e-05
37 1.2561831891867963e-05 1.5663268955578252e-06 1.1104630091477655e-05
38 1.2849588058614684e-05 1.5819361626092076e-06 1.112717932823175e-05
39 1.2318525788306853e-05 2.129584828272844e-06 1.0483062542496628e-05
40 1.1025774317866402e-05 1.3594951850805798e-06 9.750055836716412e-06
41 1.1343387284036729e-05 1.872252026563721e-06 9.501372091438786e-06
42 9.908423628893379e-06 8.684390583926795e-07 9.063328596129994e-06
43 9.259778497968387e-06 1.0743697180532268e-06 8.211624623811683e-06
44 9.058513961591826e-06 1.1325527868786942e-06 7.92302105254083e-06
45 8.668491114590971e-06 1.1328378753955138e-06 7.577596930357136e-06
46 7.999376618923111e-06 9.275208978297848e-07 7.1167958613666944e-06
47 7.487099874698075e-06 7.909830971375176e-07 6.673085238748412e-06
48 7.266311956791738e-06 1.0557362256497322e-06 6.185460441569088e-06
49 6.397216711111742e-06 7.09418814310123e-07 5.744115278389891e-06
50 6.435542674621066e-06 8.05175295516863e-07 5.628944923292606e-06
51 6.121739196813826e-06 9.955721278655409e-07 5.155223194637134e-06
52 5.849890294319416e-06 8.582662784948956e-07 5.0244696801369915e-06
53 5.358445903163344e-06 6.019798941360321e-07 4.719516831772702e-06
54 5.611675447934533e-06 1.0095089279706918e-06 4.723243634614004e-06
55 5.388706693443e-06 8.893454701380816e-07 4.522269717587914e-06
56 5.17385237637003e-06 7.222872735417861e-07 4.456442965262292e-06
57 5.225732318347764e-06 8.268112587143469e-07 4.42639929423601e-06
58 5.21313364136401e-06 7.915731766610742e-07 4.397757317532294e-06
59 5.2448711191112505e-06 8.347715303725058e-07 4.350401339942357e-06
60 5.130808532252058e-06 8.423146480651899e-07 4.335636323329197e-06
61 5.249819744606307e-06 8.896847173345174e-07 4.332680202708162e-06
62 4.9438532982184515e-06 5.194312744876742e-07 4.37283899773045e-06
63 5.140200664920184e-06 7.492849076629436e-07 4.409035778083887e-06
64 4.908993079649098e-06 6.000101667135936e-07 4.399293379382645e-06
65 4.931993085219604e-06 4.899596748166125e-07 4.415783419523851e-06
66 5.077676193268903e-06 7.547629345561144e-07 4.337894405006169e-06
67 5.142091197822131e-06 7.142563539603543e-07 4.40636045475976e-06
68 5.046905309745926e-06 6.107005682868187e-07 4.5077928624091135e-06
69 4.962071286364569e-06 5.183755100642686e-07 4.4710148187943935e-06
70 4.9772704144885316e-06 5.621634271264323e-07 4.409782260803092e-06
71 5.048532567777173e-06 5.96294482660814e-07 4.443331931201457e-06
72 4.967598165313263e-06 4.5034921794316687e-07 4.450610325505527e-06
73 4.941576170051883e-06 4.945370581571105e-07 4.456433167983587e-06
74 4.873943984873176e-06 5.002394562857483e-07 4.382965705566536e-06
75 4.876505790989778e-06 5.644265633730025e-07 4.346653249732038e-06
76 4.693339811254087e-06 4.327260974938089e-07 4.294087628168008e-06
77 4.716694747404042e-06 4.3384826544155207e-07 4.2985690092604765e-06
78 4.714033545412717e-06 4.975215646399523e-07 4.262531277818001e-06
79 4.769678230082805e-06 5.207161137422062e-07 4.213889811514229e-06
80 4.587613377589017e-06 5.373558936560706e-07 4.080837273561869e-06
81 4.539579601419357e-06 4.676587246858719e-07 4.0564112802924255e-06
82 4.322616954505649e-06 4.09384994578363e-07 3.9068690413133425e-06
83 4.202263594749104e-06 3.85338723101532e-07 3.829788224448958e-06
84 4.273898268287366e-06 4.660992901583499e-07 3.824668650600975e-06
85 4.288548305932098e-06 5.233915309951028e-07 3.739067804262501e-06
86 4.136287676178085e-06 4.462048105820687e-07 3.662625154544632e-06
87 4.108501681418161e-06 5.103537052274521e-07 3.589802545078996e-06
88 3.9450290187530575e-06 4.471698886473153e-07 3.480997524624054e-06
89 3.928688697557195e-06 4.932697111096263e-07 3.4771915483790186e-06
90 3.76416541233537e-06 4.3196528926453605e-07 3.3575204764613447e-06
91 3.8808217956716376e-06 4.6816734625314416e-07 3.3616910557547747e-06
92 3.5745054384478046e-06 3.811212341360733e-07 3.188564610529031e-06
93 3.569762466721223e-06 4.334604813246737e-07 3.12336421417811e-06
94 3.5884617476297032e-06 4.840926528452166e-07 3.158540622154886e-06
95 3.4211412718085557e-06 3.7778554449482895e-07 3.0657650886884755e-06
96 3.555456193409299e-06 5.233887308807137e-07 3.0006274527812e-06
97 3.414014588326999e-06 4.851184957402275e-07 2.9522834026263934e-06
98 3.3745113455266605e-06 5.464075678387013e-07 2.8583772172961963e-06
99 3.303121470668649e-06 4.679680894640309e-07 2.839357937593667e-06
100 3.2940347292568024e-06 4.992936262957621e-07 2.7874990035880487e-06
101 3.2850885323793505e-06 5.740864309576393e-07 2.7289468229427477e-06
102 3.0349192762860523e-06 4.025756409939983e-07 2.6604878676010875e-06
103 3.103031103277766e-06 4.823330085627541e-07 2.62660636778808e-06
104 3.242700602315966e-06 6.053341914224656e-07 2.640663651580934e-06
105 3.015181616132806e-06 4.937710506263057e-07 2.5353667531929604e-06
106 3.0939110436009903e-06 6.079661870992966e-07 2.4863375959252902e-06
107 2.953807200806391e-06 4.838090184563313e-07 2.469185247145354e-06
108 2.9296354125268215e-06 5.32776871344842e-07 2.418033151363264e-06
109 2.913361352685159e-06 4.687614818320945e-07 2.432618449735878e-06
110 2.93408351624351e-06 5.297182960095334e-07 2.4389241008915867e-06
111 2.904713184601757e-06 5.099882167102721e-07 2.3868741212018797e-06
112 2.979801413180414e-06 5.722197659552602e-07 2.3906947837221384e-06
113 2.8698575496330346e-06 4.7636333199034046e-07 2.373590466785392e-06
114 2.702764724456401e-06 3.711342907590254e-07 2.345899380230755e-06
115 2.8475585778816987e-06 5.671568668057581e-07 2.299624804876204e-06
116 2.813633602233735e-06 4.771237333634787e-07 2.3588837497719467e-06
117 2.825326126060712e-06 4.5748560502006546e-07 2.382864669675507e-06
118 2.788949201290654e-06 4.2783028195553956e-07 2.3684477018023826e-06
119 2.8394017238052347e-06 5.174506278546892e-07 2.3446260263265457e-06
120 2.7935347659970487e-06 4.391922806155253e-07 2.319700408973879e-06
121 2.9397092987577972e-06 5.986407650192287e-07 2.3661561776751006e-06
122 2.835712723589536e-06 4.679105277013529e-07 2.3787149667727063e-06
123 2.8686868456022986e-06 4.893854203084472e-07 2.3946631758221828e-06
124 2.9477110754961536e-06 5.25611256489317e-07 2.4061168375222264e-06
125 2.914397239262986e-06 4.720990404597051e-07 2.435141886898158e-06
126 2.9455715654096708e-06 4.5228829017597784e-07 2.4539133258753864e-06
127 2.7892333051971993e-06 4.2295920295413586e-07 2.3731534775605195e-06
128 2.8612188793982315e-06 4.4443892283883026e-07 2.401424160549289e-06
129 2.867185523480406e-06 4.553594930351035e-07 2.4344258244082e-06
130 2.9215429524190995e-06 4.585630437001498e-07 2.4443285378263485e-06
131 2.9129513587673808e-06 4.564194302938854e-07 2.4659820353307807e-06
132 2.8288850460938588e-06 3.6073228425016266e-07 2.4963621697434356e-06
133 2.8563807173617565e-06 3.637680905046654e-07 2.5152171687775187e-06
134 2.8234643515749343e-06 3.3037892655797104e-07 2.498456367835552e-06
135 2.7951974997762513e-06 3.610130635429216e-07 2.4844496478565605e-06
136 2.9727706561497495e-06 3.971147207843025e-07 2.5539936937344253e-06
137 2.9014381006924554e-06 3.629399612614309e-07 2.5241910568214852e-06
138 2.858475525960898e-06 2.9565508675281917e-07 2.5645250356208383e-06
139 2.8864689134748717e-06 3.409999464206149e-07 2.5652956326476177e-06
140 2.8900714784335802e-06 3.41665638683967e-07 2.5574404948235697e-06
141 2.958874469535985e-06 3.753849197657997e-07 2.5675357004059726e-06
142 2.7991048581451824e-06 2.1677878850983653e-07 2.5575558358375676e-06
143 2.929133642105439e-06 3.3861642628198775e-07 2.5882245123513976e-06
144 2.9373918319551264e-06 3.6704854256541953e-07 2.563991825837374e-06
145 2.8826533725226026e-06 3.1093396897592896e-07 2.577119785307254e-06
146 2.8515973626004353e-06 2.758124299783184e-07 2.559828341464406e-06
147 2.8911159374913327e-06 3.286596066013102e-07 2.555842299042483e-06
148 2.8961079503405788e-06 3.0435860375188274e-07 2.570638102916396e-06
149 2.902879808745535e-06 3.063289799689233e-07 2.5867134521791414e-06
150 2.8008384312576633e-06 2.72604374517772e-07 2.5437477015582337e-06
151 2.801616625528592e-06 3.2693039490494885e-07 2.4741015090645325e-06
152 2.902979716245882e-06 3.2059931027424014e-07 2.590932786001019e-06
153 2.8060172448769707e-06 2.86671235926815e-07 2.5339283877543618e-06
154 2.862825500629061e-06 3.0852198691549287e-07 2.5616060179094087e-06
155 2.7297707124370433e-06 2.4240777818262845e-07 2.484206990915181e-06
156 2.7071785299847313e-06 2.0684009844419872e-07 2.50709806405012e-06
157 2.7647087400851814e-06 2.845521534549964e-07 2.4845586826759934e-06
158 2.7079095111228734e-06 2.678293206614708e-07 2.441920954412568e-06
159 2.7090195021082263e-06 2.645464184306769e-07 2.445745225451142e-06
160 2.688998675143581e-06 2.5780589106744074e-07 2.435916284945392e-06
161 2.6569418294244066e-06 2.6109997155734766e-07 2.4005334023965783e-06
162 2.705623039245578e-06 2.8065331648359866e-07 2.413866808270674e-06
163 2.702914876692997e-06 3.1792551005823633e-07 2.381012950899706e-06
164 2.6918319902547973e-06 3.0193712244617885e-07 2.397292651797745e-06
165 2.6718854224582114e-06 3.1811679173729035e-07 2.354225291777437e-06
166 2.686559424735235e-06 3.115538227963964e-07 2.359036360912323e-06
167 2.6347430025295153e-06 2.717072669520475e-07 2.3642695519303146e-06
168 2.5810117404034966e-06 2.603119564652292e-07 2.333405894763907e-06
169 2.5748585029221797e-06 2.920001946205421e-07 2.2768963658109815e-06
170 2.4620987047019723e-06 2.441301870815601e-07 2.2430965883593297e-06
171 2.508968230396175e-06 2.439739183631477e-07 2.2688819697311467e-06
172 2.4896682754306297e-06 2.771424614962632e-07 2.2211238330193625e-06
173 2.4806683310430126e-06 2.7082232311255e-07 2.220004725544943e-06
174 2.449380053337597e-06 2.817895647516348e-07 2.179077707625478e-06
175 2.443423306381185e-06 2.774430134417392e-07 2.177683425217207e-06
176 2.4104089616236505e-06 2.8198400473579736e-07 2.1239802705185728e-06
177 2.424667172513038e-06 2.545040231431381e-07 2.1500315241960243e-06
178 2.3541635224228116e-06 2.397107110045139e-07 2.100754232060883e-06
179 2.362786107902774e-06 2.5324297045456027e-07 2.1103923760648506e-06
180 2.3356232064478e-06 2.3769662553070778e-07 2.099440538941028e-06
181 2.3043988636022134e-06 2.337041751302228e-07 2.048719406860762e-06
182 2.3086658439308323e-06 2.8661836574351134e-07 2.009173570383678e-06
183 2.2557796624764473e-06 2.3699321231170737e-07 2.016287703368032e-06
184 2.29158989101273e-06 2.694019205749503e-07 2.0245367227090422e-06
185 2.248195516543643e-06 2.89694502055398e-07 1.955355153935488e-06
186 2.2026316599612605e-06 2.506179005082338e-07 1.9432210130135265e-06
187 2.228539768716064e-06 2.8029548096605474e-07 1.936547467285783e-06
188 2.151575896719741e-06 2.2094600273922543e-07 1.9283085006272446e-06
189 2.1821073561820166e-06 2.685524536837787e-07 1.911349784072506e-06
190 2.136321291204473e-06 2.5960353133856613e-07 1.878341782213146e-06
191 2.097089088237507e-06 2.49156442320902e-07 1.8622486483256895e-06
192 2.0988202837891947e-06 2.6862432449412603e-07 1.8274581200340657e-06
193 2.164492876075306e-06 3.0988200778175555e-07 1.8543287766709138e-06
194 2.062196634263976e-06 2.497439616141631e-07 1.813063446404225e-06
195 2.014957889561706e-06 2.3240921452678473e-07 1.7924608329730014e-06
196 2.034188137638647e-06 2.08266403855658e-07 1.8142197463369431e-06
197 2.0739923901227034e-06 2.808704810377119e-07 1.806761380953134e-06
198 2.042085399540115e-06 2.6511233025169516e-07 1.7729554806921528e-06
199 2.040729392136702e-06 2.749308641806186e-07 1.7695707024245183e-06
200 2.0360148527198193e-06 2.9524370034569767e-07 1.7419057862534598e-06
201 2.0229208716085154e-06 2.6574226067127106e-07 1.7515472700268455e-06
202 1.9987539844656705e-06 2.671116401804204e-07 1.7286772939888036e-06
203 1.964580367980383e-06 2.4282760862890827e-07 1.7112462826978668e-06
204 1.9443818758010123e-06 2.559529725517766e-07 1.7039094071572362e-06
205 1.981431343086669e-06 2.6632092486539284e-07 1.7069709345107091e-06
206 1.935721924917878e-06 2.5394776994713194e-07 1.6781288143257424e-06
207 1.9476695783185365e-06 2.8721444237913016e-07 1.6731540032532853e-06
208 1.9091738563941214e-06 2.368642086570575e-07 1.6737306040286907e-06
209 1.9238836146438666e-06 2.829342546507764e-07 1.6569125427361624e-06
210 1.8930026458874668e-06 2.3738260588413243e-07 1.668648574852149e-06
211 1.972666610567184e-06 3.0554711739384264e-07 1.6710546586272336e-06
212 1.919765330260739e-06 2.5298125128837355e-07 1.6699649154695893e-06
213 1.9101441721720496e-06 2.631231022361094e-07 1.6470222115632556e-06
214 1.9473770026759026e-06 2.980214205942185e-07 1.6591110178299582e-06
215 1.8829169174142468e-06 2.594980539922543e-07 1.6312744121363214e-06
216 1.8920334860412064e-06 2.5787826209728885e-07 1.6404701300550619e-06
217 1.8772286816409756e-06 2.3270338850944735e-07 1.6564170117871034e-06
218 1.9761860579494765e-06 3.1381471229600447e-07 1.6621942794166475e-06
219 1.9610173335636327e-06 3.070664278247692e-07 1.6667421813095737e-06
220 1.9515153071608456e-06 2.901956550141553e-07 1.656206382770967e-06
221 1.9739779986843494e-06 3.1543908778343215e-07 1.663860618397605e-06
222 1.9802632480305466e-06 3.03003919307734e-07 1.668682835516717e-06
223 1.9365945386695504e-06 2.7497406590356986e-07 1.6522647404435393e-06
224 1.945662187105391e-06 2.69900915294556e-07 1.6652062005829882e-06
225 1.954258838556101e-06 2.8123154774078885e-07 1.6833615838198956e-06
226 1.973801106167401e-06 2.916596587048647e-07 1.684199103513876e-06
227 1.9488902501517664e-06 2.498373788276618e-07 1.703576145620985e-06
228 2.011675753589613e-06 2.9602635946020874e-07 1.7100258450870758e-06
229 2.002709368209678e-06 2.683013876115369e-07 1.7277622701752883e-06
230 2.0303482310088168e-06 3.1179664767895036e-07 1.7274647294119448e-06
231 2.004764173685538e-06 2.675806436648138e-07 1.731212953315909e-06
232 2.0401517289098444e-06 2.870550452826871e-07 1.7420123338524063e-06
233 2.029371224267902e-06 2.7414363335033287e-07 1.7658330872248095e-06
234 2.0535325985220283e-06 2.9595683021746846e-07 1.7639263076318995e-06
235 2.035288240000324e-06 2.640088045791588e-07 1.7719159043601436e-06
236 2.0383549446028413e-06 2.442932511283462e-07 1.7936372006468476e-06
237 2.0471402429529425e-06 2.5790264605978794e-07 1.7907274736516636e-06
238 2.115523296114774e-06 2.7764483208616326e-07 1.8202662484167795e-06
239 2.0728941186483175e-06 2.478262629233848e-07 1.8267341365884422e-06
240 2.0904985558567837e-06 2.3818952630232437e-07 1.8612203205066291e-06
241 2.1178065100714887e-06 2.4239767229812307e-07 1.8699824989372895e-06
242 2.104167741191843e-06 2.4443842167974386e-07 1.8716926691479277e-06
243 2.167772976236507e-06 2.7878379267515737e-07 1.8712156376745637e-06
244 2.1441194131660553e-06 2.4192159245801866e-07 1.9009559726641186e-06
245 2.1629655499157004e-06 2.234872929488169e-07 1.934754789149294e-06
246 2.188967093160008e-06 2.6810974295292837e-07 1.9149221787567154e-06
247 2.1764153590116534e-06 2.394644149035425e-07 1.9476604265342692e-06
248 2.1890638648857645e-06 2.3731931933785842e-07 1.9468334987758054e-06
249 2.23324718532851e-06 2.549465227677543e-07 1.9706170877925468e-06
250 2.2023800924099767e-06 2.5806819734878737e-07 1.943956958251027e-06
251 2.2396773375220304e-06 2.6509735257712763e-07 1.9769768529243626e-06
252 2.2596742726351104e-06 2.6387156566346233e-07 1.989690533387611e-06
253 2.2416258639201808e-06 2.4497504956654423e-07 1.9985281413892785e-06
254 2.2540502622824986e-06 2.1990662712435514e-07 2.0376816205002397e-06
255 2.254911149449524e-06 2.096819337964212e-07 2.0488972171466396e-06
256 2.274965202559447e-06 2.1825343078238124e-07 2.0643767978467755e-06
257 2.3074937305517596e-06 2.3162243488067997e-07 2.0659998941005323e-06
258 2.3235201538152896e-06 2.3030066456901385e-07 2.079362529731471e-06
259 2.30633371494095e-06 2.3340847863006597e-07 2.078478472737036e-06
260 2.2985938693639607e-06 1.9530425770671733e-07 2.116061486525408e-06
261 2.3806904030003167e-06 2.2781383894151365e-07 2.1375741102721034e-06
262 2.3209292646618e-06 1.809268831718871e-07 2.131717030060074e-06
263 2.3421504991791025e-06 1.9287816949324538e-07 2.1491164151585593e-06
264 2.37329689250294e-06 1.934490170932192e-07 2.186962068626371e-06
265 2.392718897130529e-06 2.0092472345448417e-07 2.1954349819414038e-06
266 2.3704328535877166e-06 1.8328036887587426e-07 2.1853921054085633e-06
267 2.4196523856367298e-06 2.1471347765011916e-07 2.212423206642764e-06
268 2.417294731749154e-06 2.0191734052169978e-07 2.218356041860365e-06
269 2.4466823695597487e-06 1.8502206323593967e-07 2.25278376771084e-06
270 2.456431655286188e-06 2.099190158163379e-07 2.259972287391081e-06
271 2.4253927304057667e-06 1.7141261858926983e-07 2.2668446857030948e-06
272 2.495821895329645e-06 2.01620762075592e-07 2.2955885719785613e-06
273 2.4842119621613863e-06 1.820678179842284e-07 2.3033279242793694e-06
274 2.514330612125463e-06 1.8198213487906726e-07 2.3326750705130022e-06
275 2.55179852190436e-06 1.9810438111938775e-07 2.3598976532985837e-06
276 2.5443764972029676e-06 1.9364842695593227e-07 2.348269745544608e-06
277 2.5821742868698204e-06 1.5244412452517836e-07 2.432695618579348e-06
278 2.5837952343328844e-06 1.6921061304357457e-07 2.4242099641033403e-06
279 2.600646860062445e-06 1.5820194548457454e-07 2.4389762504038046e-06
280 2.623436044452217e-06 1.7495697892414388e-07 2.4360561737473164e-06
281 2.624629180900839e-06 1.8797356672360733e-07 2.4384943180824963e-06
282 2.611828072202262e-06 1.6051922940317743e-07 2.4577952791848996e-06
283 2.6461488768441613e-06 1.7570737644385846e-07 2.4737175144617176e-06
284 2.6849114497982018e-06 1.8201742876322645e-07 2.5037855776248225e-06
285 2.7171859008650884e-06 1.8222149862050866e-07 2.547282231723893e-06
286 2.713138200933409e-06 1.7201117630191374e-07 2.5468522776821564e-06
287 2.706833245211139e-06 1.8764481801522614e-07 2.5416819574897166e-06
288 2.750238730523864e-06 1.7911865764342108e-07 2.5695471539948275e-06
289 2.7939543747266168e-06 1.7559715075628374e-07 2.619081284496584e-06
290 2.817625031636203e-06 1.887592753711125e-07 2.635981264389849e-06
291 2.835730171021187e-06 1.7412025305741368e-07 2.6547426166961833e-06
292 2.812485886701318e-06 1.617611993604746e-07 2.65455207855232e-06
293 2.8223687367713395e-06 1.529551694424808e-07 2.670486781978297e-06
294 2.8081805380956884e-06 1.3855348179275485e-07 2.665570041588803e-06
295 2.88219572288415e-06 1.5378352277966176e-07 2.728858384129033e-06
296 2.882047825557712e-06 1.47399362481903e-07 2.73940225526058e-06
297 2.874829776803144e-06 1.534437086276033e-07 2.7348935489580165e-06
298 2.9199091782915935e-06 1.6420780612304484e-07 2.7547091776329596e-06
299 2.9463548945317354e-06 1.6107518424899943e-07 2.78356215010933e-06
300 2.9870813139518804e-06 1.6824158520418733e-07 2.8077076450968315e-06
301 2.984014250649337e-06 1.5792862971500697e-07 2.833713158858323e-06
302 2.98815979295711e-06 1.4277065517217326e-07 2.8429722775038417e-06
303 3.033440044749436e-06 1.3203852920006428e-07 2.8882546529025024e-06
304 3.0582699256365957e-06 1.564293440158678e-07 2.8980318734989523e-06
305 3.058464427208334e-06 1.4395743791417055e-07 2.911731716530757e-06
306 3.0585632404726155e-06 1.5701675135852399e-07 2.8951133411982426e-06
307 3.0789432686514553e-06 1.487495568284056e-07 2.935272435126681e-06
308 3.1117891450014577e-06 1.352428769422308e-07 2.9750657854421423e-06
309 3.0849084474572023e-06 1.452829764759087e-07 2.937172340586032e-06
310 3.1476667622913085e-06 1.4213198613069707e-07 3.015287438871335e-06
311 3.1670459633180582e-06 1.5058571986551622e-07 3.020832775584102e-06
312 3.1726698353039087e-06 1.4610812932802552e-07 3.0249343754652925e-06
313 3.176829556499646e-06 1.2802278380667118e-07 3.050551306038205e-06
314 3.2010742112725653e-06 1.213659695624645e-07 3.084721993064997e-06
315 3.2057091251968166e-06 1.541150249037686e-07 3.0707812388600224e-06
316 3.26666842165761e-06 1.5942749094068284e-07 3.1154328864258313e-06
317 3.245632495937483e-06 1.283149350033176e-07 3.1096947464239072e-06
318 3.3210943617078964e-06 1.274756904426693e-07 3.1930101951259487e-06
319 3.313691738423341e-06 1.2862280868348774e-07 3.1821979998834594e-06
320 3.35344980262362e-06 1.4684978160978423e-07 3.201450815491007e-06
321 3.367234664280108e-06 1.2653119590644622e-07 3.2427525894063344e-06
322 3.35575297365067e-06 1.3115203072710286e-07 3.231225858678191e-06
323 3.4229332867017407e-06 1.1794620946678999e-07 3.304557973660257e-06
324 3.438540844996892e-06 1.3366288829427964e-07 3.3046694191444827e-06
325 3.465048893986939e-06 1.2676825961585656e-07 3.343326174248337e-06
326 3.4493176290002847e-06 1.329473168387e-07 3.317975333675787e-06
327 3.4978745054215066e-06 1.1295153687202632e-07 3.394131967483078e-06
328 3.552601767588709e-06 1.4520619532020374e-07 3.421556427488579e-06
329 3.5939984690718865e-06 1.311847869126218e-07 3.4597065664174094e-06
330 3.576206642980522e-06 1.2406489346013768e-07 3.446046264181767e-06
331 3.5704940877170746e-06 1.196818846465979e-07 3.4538570266357286e-06
332 3.644675426149676e-06 1.3206269205842545e-07 3.51812070736031e-06
333 3.6004939336647654e-06 1.294389853473476e-07 3.470828599621603e-06
334 3.651747666874621e-06 1.2226680556056373e-07 3.532670083064942e-06
335 3.723395765060328e-06 1.3787562022308832e-07 3.583557853519211e-06
336 3.7554778607761024e-06 1.4111460844981305e-07 3.615668796424245e-06
337 3.7440865672171385e-06 1.2591191015597036e-07 3.6215769070172773e-06
338 3.825152503506622e-06 1.3651567808273357e-07 3.6845006566876826e-06
339 3.8124208606797723e-06 1.2317019066117246e-07 3.6912242570616866e-06
340 3.775811733265543e-06 1.2579315804932435e-07 3.6451507393909332e-06
341 3.822292463470477e-06 1.2773193095436937e-07 3.6962605791278384e-06
342 3.88411434928667e-06 1.3078520570541515e-07 3.761015722472854e-06
343 3.881872909972175e-06 1.4128499161373228e-07 3.7402049734269642e-06
344 3.946483997390054e-06 1.2797936756587414e-07 3.820986173268195e-06
345 3.982873372819704e-06 1.4612753095470758e-07 3.843733585818536e-06
346 3.986663846824078e-06 1.4996211842293475e-07 3.8381096337550895e-06
347 4.028730065159849e-06 1.3115243920367393e-07 3.901565406182594e-06
348 4.09648085457491e-06 1.4017482692733032e-07 3.949245531726959e-06
349 4.106915838345214e-06 1.4110875473928483e-07 3.967344359640224e-06
350 4.124918908635035e-06 1.2431812805956283e-07 4.0030550717404135e-06
351 4.195173216989399e-06 1.380743776482596e-07 4.039328905353324e-06
352 4.18583678279909e-06 1.4158456271050887e-07 4.044105204544491e-06
353 4.200547200469822e-06 1.4936080189450565e-07 4.0535927462088285e-06
354 4.2597853441977395e-06 1.3822404045016153e-07 4.1208204581042646e-06
355 4.2539428515527895e-06 1.3676772299615947e-07 4.130470733180036e-06
356 4.309093311275847e-06 1.418253187945011e-07 4.167755743320271e-06
357 4.362643910223355e-06 1.2644005103403112e-07 4.2294757485117456e-06
358 4.3581192029267165e-06 1.3182526718884983e-07 4.220816528982022e-06
359 4.38363881930544e-06 1.376192378861715e-07 4.250277601835011e-06
360 4.457884398658149e-06 1.412028704394353e-07 4.321349382893649e-06
361 4.447937710219788e-06 1.4050020979079484e-07 4.3072624894801525e-06
362 4.523727105212692e-06 1.462269038018417e-07 4.379802948709012e-06
363 4.5582203557666615e-06 1.4003895974684243e-07 4.438671820310269e-06
364 4.558115347109125e-06 1.4462900075404765e-07 4.415204942398967e-06
365 4.618190623135765e-06 1.4742004045822393e-07 4.471973551834887e-06
366 4.6147399820063795e-06 1.3806388720668244e-07 4.472012270495671e-06
367 4.70733570592304e-06 1.368636638456757e-07 4.577984293768241e-06
368 4.750159708320855e-06 1.551535501227678e-07 4.603385701376137e-06
369 4.7966639252918355e-06 1.4893250583651918e-07 4.649320498550343e-06
370 4.812474330546411e-06 1.544058959057332e-07 4.648258955207599e-06
371 4.794358182782511e-06 1.4494671967885508e-07 4.649781181518282e-06
372 4.869045413249623e-06 1.4699525526105142e-07 4.724518357527616e-06
373 4.9178333571448735e-06 1.5370595004170832e-07 4.7701790928654666e-06
374 4.92756081959694e-06 1.6421041993924744e-07 4.774455496505531e-06
375 4.9614687977812575e-06 1.3583349927150601e-07 4.818085075263224e-06
376 5.0538891999854766e-06 1.593997374025135e-07 4.911262775819634e-06
377 5.124703384021908e-06 1.5851311538636561e-07 4.970416742018903e-06
378 5.1611186527548045e-06 1.5152653714212262e-07 5.022610777226478e-06
379 5.135719240706017e-06 1.4724139763154615e-07 4.99156172578411e-06
380 5.294803524606925e-06 1.6887947882521306e-07 5.131715825573216e-06
381 5.350671717065622e-06 1.6142144244015327e-07 5.179847418918195e-06
382 5.266387609421963e-06 1.7032486683468016e-07 5.089908959199216e-06
383 5.3033498030155406e-06 1.614380015159649e-07 5.146375905981681e-06
384 5.373123699104736e-06 1.4655064083464008e-07 5.233686383593486e-06
385 5.429215829145476e-06 1.449240802895331e-07 5.277323411619164e-06
386 5.435891019830838e-06 1.5654611942015443e-07 5.281794531194504e-06
387 5.479468115911013e-06 1.579667207096876e-07 5.317240871961825e-06
388 5.653292701294406e-06 1.6177022061857326e-07 5.492124430632856e-06
389 5.641529128242096e-06 1.7445434393610313e-07 5.469852513121335e-06
390 5.631470846490188e-06 1.452684823039044e-07 5.486558316600683e-06
391 5.689211035002762e-06 1.5858450509469804e-07 5.536372822434823e-06
392 5.770472416206961e-06 1.612119651742408e-07 5.613186960780089e-06
393 5.86886535691357e-06 1.6169978406969502e-07 5.711166705463028e-06
394 5.827340589883857e-06 1.6269839370682884e-07 5.656611691054944e-06
395 5.9431585382841764e-06 1.5796827925636755e-07 5.779693452622136e-06
396 5.971026588173406e-06 1.6733905832505296e-07 5.79675926330948e-06
397 6.084109283674306e-06 1.7611257726334433e-07 5.914747114539284e-06
398 6.16866254948756e-06 1.7127737032726619e-07 5.992220477499783e-06
399 6.248095623608118e-06 1.6416832106145824e-07 6.09150290791487e-06
400 6.216230411897576e-06 1.7479659095123655e-07 6.0502077369234245e-06
401 6.291527670847951e-06 1.7728385219498675e-07 6.098574511383736e-06
402 6.3673034703728115e-06 1.6410853062020792e-07 6.194011093815526e-06
403 6.361625115487371e-06 1.7849192760340452e-07 6.1874603273320626e-06
404 6.407289580373862e-06 1.8456715830096426e-07 6.234900080159544e-06
405 6.529679018713769e-06 1.8380879030457487e-07 6.346672326507083e-06
406 6.633091867453936e-06 1.8378239576510464e-07 6.44668126878498e-06
407 6.694600110303985e-06 1.829469676834921e-07 6.505616362233273e-06
408 6.807835217480413e-06 1.9164427542935717e-07 6.6255592481630734e-06
409 6.785586849290032e-06 1.9044056199151422e-07 6.604101316990925e-06
410 6.7580571699604385e-06 1.8896241009526627e-07 6.574306444429624e-06
411 6.8883090877008615e-06 1.9962018897849419e-07 6.695643863723892e-06
412 6.9279886748761656e-06 2.003468611315837e-07 6.717708848282181e-06
413 7.021958676540985e-06 1.9422261019306874e-07 6.830527762755077e-06
414 7.0150828357534134e-06 2.0942302495863556e-07 6.800407405915708e-06
415 7.169441653291502e-06 1.836449489012605e-07 6.9997308966102164e-06
416 7.23104138632423e-06 2.008656293912568e-07 7.035420939879693e-06
417 7.331385130813409e-06 1.9223113598937396e-07 7.142482636796981e-06
418 7.382739537740405e-06 1.889600060130149e-07 7.207580455209953e-06
419 7.441525553055402e-06 1.841122907048774e-07 7.26184339928763e-06
420 7.509380303185855e-06 1.9467502893907714e-07 7.32873248352082e-06
421 7.595816326353065e-06 1.9650730788230555e-07 7.394023216444623e-06
422 7.712569036128588e-06 1.842967997417918e-07 7.52947096662851e-06
423 7.880021745488117e-06 2.0522781677764923e-07 7.672099149517883e-06
424 7.81798021052818e-06 2.0858127746044632e-07 7.620345586353007e-06
425 7.869688889335459e-06 2.0909484731284334e-07 7.673149879732007e-06
426 8.074886945150282e-06 2.0856697714951771e-07 7.89017589079909e-06
427 8.014709265582477e-06 2.0555330764901945e-07 7.811173245525897e-06
428 8.186300360668648e-06 2.0324015454061493e-07 8.006463835324947e-06
429 8.256226445969232e-06 2.0045948445675443e-07 8.064926593582333e-06
430 8.347156216092264e-06 2.025051457790832e-07 8.146110794860014e-06
431 8.422666786671084e-06 1.9524315087554483e-07 8.23160347891642e-06
432 8.50035871048495e-06 2.2020394349468072e-07 8.283749849247348e-06
433 8.546130156196992e-06 2.1403925384333247e-07 8.332435813312588e-06
434 8.674700732754898e-06 2.1549730857697655e-07 8.47421205737035e-06
435 8.788767821301295e-06 2.3041513146167273e-07 8.559471130442468e-06
436 8.811181551460329e-06 2.1098467509032541e-07 8.60408245746534e-06
437 8.893617801166754e-06 2.2148681318822572e-07 8.671249270459565e-06
438 8.9308454280111e-06 2.0851909773784865e-07 8.725803233246184e-06
439 9.15508135190135e-06 2.177696587747951e-07 8.950445473250587e-06
440 9.202891745799364e-06 2.1453009739406078e-07 8.998210500261157e-06
441 9.286625252330385e-06 2.1274007857312145e-07 9.084457207901452e-06
442 9.41549503753363e-06 2.3417432764282914e-07 9.183692981881675e-06
443 9.601775232968747e-06 2.2638331830245634e-07 9.367445660758663e-06
444 9.515045006157034e-06 2.2013725489543347e-07 9.290550738908999e-06
445 9.81373668553362e-06 2.2729850440139092e-07 9.587634857334595e-06
446 9.871165433032227e-06 2.152032214579695e-07 9.656961975670468e-06
447 9.98030629364613e-06 2.347192667176745e-07 9.755232709758241e-06
448 1.0067594249207849e-05 2.239446146136897e-07 9.84119572595121e-06
449 1.0256236663322941e-05 2.340488825827068e-07 1.0023405607897254e-05
450 1.0327635253605612e-05 2.312819484917609e-07 1.0068590827335482e-05
451 1.0380887822831619e-05 2.2011065131526726e-07 1.016860487081351e-05
452 1.0381470819120793e-05 2.3396388074168228e-07 1.0147899170532629e-05
453 1.0591462550975408e-05 2.316923604422435e-07 1.0402017265520615e-05
454 1.0775992342572146e-05 2.44322095019234e-07 1.054142865181975e-05
455 1.072564611107079e-05 2.16932452766528e-07 1.0524376147879174e-05
456 1.0963310359163477e-05 2.467784929783801e-07 1.0733194847506865e-05
457 1.119336898085772e-05 2.2054239683969732e-07 1.0948314039738354e-05
458 1.1113143097501745e-05 2.3957489428007206e-07 1.089359490277129e-05
459 1.1319853324767063e-05 2.233177294636891e-07 1.1090900044736281e-05
460 1.1500906203344886e-05 2.493738255865775e-07 1.1238835921357334e-05
461 1.1617400984445393e-05 2.349103407225644e-07 1.1409161481416872e-05
462 1.1654646706482003e-05 2.513259870949159e-07 1.140486581978784e-05
463 1.182749047223431e-05 2.40767119325892e-07 1.1577040923895162e-05
464 1.1881599408072807e-05 2.1698281205400702e-07 1.1667162565343215e-05
465 1.2049439968542617e-05 2.4294683173141817e-07 1.1812383366933779e-05
466 1.2207632772229171e-05 2.325803815554825e-07 1.1968206471643784e-05
467 1.223131494178395e-05 2.2744763615972404e-07 1.2013367542242318e-05
468 1.2470906553698986e-05 2.510504469475413e-07 1.2237651541799972e-05
469 1.2683004759755738e-05 2.3769152712120214e-07 1.2462958673145234e-05
470 1.2658501219430165e-05 2.4527777665855934e-07 1.2446490142838315e-05
471 1.2877183958142624e-05 2.457161556113799e-07 1.2631998202273751e-05
472 1.301707177245956e-05 2.334571081304615e-07 1.2777148640077104e-05
473 1.3016380372056598e-05 2.3088863930595636e-07 1.2789940079631184e-05
474 1.3387930322873298e-05 2.3366039811153346e-07 1.3131741199196261e-05
475 1.3332182264094378e-05 2.4803959999002144e-07 1.3100277900269413e-05
476 1.3601743772033606e-05 2.4099909570487784e-07 1.3360279789215292e-05
477 1.3815357444254184e-05 2.379560739357565e-07 1.359550848974251e-05
478 1.3740840173464425e-05 2.2776355756000322e-07 1.3519895786280987e-05
479 1.3859343059979491e-05 2.279803959687052e-07 1.3625896197720223e-05
480 1.4040094284758816e-05 2.2960653729976519e-07 1.3825825812900881e-05
481 1.420565979454826e-05 2.3227131183144327e-07 1.3978896405899203e-05
482 1.4341494879243081e-05 2.397742536094955e-07 1.4115117867549186e-05
483 1.4544561413436297e-05 2.332298434654806e-07 1.4318707364877296e-05
484 1.4839396806620509e-05 2.208629131639512e-07 1.4592777135542421e-05
485 1.4910001855594028e-05 2.300972474814017e-07 1.4687852467880631e-05
486 1.4881457381779032e-05 2.3220248278741856e-07 1.4667027754988487e-05
487 1.5051583018593522e-05 2.3282894240933751e-07 1.4823815034174369e-05
488 1.5453187301781208e-05 2.2386896026773252e-07 1.5249452330433925e-05
489 1.540193154623826e-05 2.2330221336326424e-07 1.516973781271732e-05
490 1.554751223578409e-05 2.2752964852178624e-07 1.533067585053798e-05
491 1.5966559769929546e-05 2.249439221373044e-07 1.5746650112512985e-05
492 1.613255440294724e-05 2.156296286723406e-07 1.593144949675947e-05
493 1.6245455158024034e-05 2.414871697025395e-07 1.6019133422364787e-05
494 1.6389307052788328e-05 2.1258118680960413e-07 1.6174857006839465e-05
495 1.6452019931329076e-05 2.3590658619453028e-07 1.6238129013555846e-05
496 1.6557288607543657e-05 2.1545171856641837e-07 1.6352188844577595e-05
497 1.693217900815409e-05 2.3052246800319377e-07 1.6727064215390825e-05
498 1.7094154031544402e-05 2.2154185017203684e-07 1.6864132372747766e-05
499 1.7115321705992945e-05 2.2715625057972574e-07 1.6884575993424963e-05
500 1.7378409742849603e-05 2.2443375859872805e-07 1.715695240726607e-05
501 1.752946791418718e-05 2.321761133076472e-07 1.73089902829938e-05
502 1.788791429611171e-05 2.4593369292110146e-07 1.7646469913381515e-05
503 1.8089887255029246e-05 2.4588261920180046e-07 1.785444901284248e-05
504 1.8064664708634243e-05 2.3085373469195363e-07 1.7823098420222156e-05
505 1.8176004587481135e-05 2.1236091295783952e-07 1.800274307860118e-05
506 1.8777172694134956e-05 2.2827551090659138e-07 1.8558209266601956e-05
507 1.8783923031062996e-05 2.4058919300572446e-07 1.854945867606814e-05
508 1.9060166865122716e-05 2.1750770594200284e-07 1.8856449175002613e-05
509 1.9239860654154376e-05 2.239224050760354e-07 1.9029225972359613e-05
510 1.948863901541808e-05 2.3145320189237506e-07 1.927803726719749e-05
511 1.9586119640678754e-05 2.3035107734150247e-07 1.9334697168268477e-05
512 1.9888680575121995e-05 2.0943850528014056e-07 1.9664185658025212e-05
513 2.017705242176601e-05 2.0537674585638499e-07 1.995157200778722e-05
514 2.0281800160501786e-05 2.1537670552985606e-07 2.0066033436278503e-05
515 2.0460346486778478e-05 2.1302980089785308e-07 2.0252707352626425e-05
516 2.064326209172474e-05 2.0081997118648086e-07 2.0444276853627883e-05
517 2.0864711172445273e-05 2.1789153280867032e-07 2.066720486273905e-05
518 2.1033391013532015e-05 2.1421009249794036e-07 2.083303512346017e-05
519 2.1232092010610732e-05 2.0511629505755656e-07 2.1024733305648853e-05
520 2.1559416996155462e-05 1.9840191347431135e-07 2.134950358732483e-05
521 2.2047237351249926e-05 1.9356825797742682e-07 2.184117305874612e-05
522 2.2276014772844052e-05 2.0164140551970743e-07 2.2069312757456335e-05
523 2.2155724225246255e-05 2.0043367755746264e-07 2.1957073056444846e-05
524 2.234214533048531e-05 1.880418973042143e-07 2.2182203245183306e-05
525 2.2999754870212933e-05 1.968606079568606e-07 2.2812462179723252e-05
526 2.3161461442704072e-05 1.9469962166981546e-07 2.299222426972848e-05
527 2.33025335263488e-05 1.9354831963399318e-07 2.3140203274125517e-05
528 2.3363701083450242e-05 2.041178829644197e-07 2.318007549369582e-05
529 2.3805155130251506e-05 1.9765613045816854e-07 2.3596992522925635e-05
530 2.4052288575772286e-05 1.9612987709693493e-07 2.3868092684566513e-05
531 2.4293378636114737e-05 2.1081398674223218e-07 2.409065948285121e-05
532 2.4746068737437586e-05 1.9834253139345116e-07 2.452681377354102e-05
533 2.4978148774427345e-05 2.061858215884512e-07 2.4811512946724596e-05
534 2.5229125965671757e-05 2.0068826156190035e-07 2.5050685973369978e-05
535 2.5632677613146954e-05 2.0091410996903012e-07 2.5446665289706473e-05
536 2.572724593333282e-05 1.889368653220472e-07 2.554052274574405e-05
537 2.626813686523001e-05 2.0754400398774077e-07 2.6045375828230925e-05
538 2.6470351233698493e-05 2.0128540582751824e-07 2.6276931553916983e-05
539 2.6668869841759327e-05 1.983694235599004e-07 2.647947984587052e-05
540 2.7057846543601452e-05 2.0025418560556e-07 2.6863243516212983e-05
541 2.7604677462147316e-05 2.0140778354351217e-07 2.7394426557501295e-05
542 2.772926675240996e-05 2.091026192032404e-07 2.7547868282536825e-05
543 2.7956841209598027e-05 2.0237696270032163e-07 2.7737447503756872e-05
544 2.8393987084645873e-05 1.9650031714000296e-07 2.819650594799212e-05
545 2.8790710354943298e-05 1.942833478762024e-07 2.8605741858385535e-05
546 2.9112001519931586e-05 2.076202733175822e-07 2.8878145365354326e-05
547 2.9117284411780215e-05 1.9450568454490193e-07 2.8960713590520177e-05
548 2.9562137402667734e-05 1.875569676079389e-07 2.9374156905342777e-05
549 2.994899270788417e-05 2.0045569658071958e-07 2.975687754325243e-05
550 3.0283230081346924e-05 1.9587947591947854e-07 3.009271244824491e-05
551 3.064756791240148e-05 1.988872714519633e-07 3.0473786600585494e-05
552 3.14633314927957e-05 1.901018907100236e-07 3.129203948705593e-05
553 3.145918713751109e-05 1.96931504823518e-07 3.128104213236504e-05
554 3.17757218924977e-05 1.8879252044988378e-07 3.160312935644888e-05
555 3.210080909667433e-05 1.8423044336731088e-07 3.188314679099002e-05
556 3.282579463953421e-05 1.7656976862388297e-07 3.266639803924748e-05
557 3.280183844314953e-05 1.8187096059007707e-07 3.2623578209974755e-05
558 3.356231801701745e-05 2.0335075880866225e-07 3.339232514541849e-05
559 3.3901910855295885e-05 1.9871134332407384e-07 3.369131063918253e-05
560 3.421172228315064e-05 1.8477317232514823e-07 3.401638311263597e-05
561 3.4579847270526934e-05 1.9044090184518754e-07 3.440543780779567e-05
562 3.515522716675454e-05 1.9321989168610228e-07 3.498024951264854e-05
563 3.563299512644618e-05 1.8377533397434624e-07 3.545267747997203e-05
564 3.5955728041359794e-05 2.075533465477535e-07 3.573360700619603e-05
565 3.627750568948212e-05 2.019529061047631e-07 3.607689419809969e-05
566 3.6858680725362646e-05 2.1477318872924008e-07 3.6673441261451565e-05
567 3.7267064112052195e-05 1.971199524442553e-07 3.7089589327466896e-05
568 3.793086989506131e-05 1.970801452196249e-07 3.771738111221946e-05
569 3.828275633713256e-05 2.0126516097703791e-07 3.8067803820519024e-05
570 3.8534932140213135e-05 2.0325102527613063e-07 3.835874450925141e-05
571 3.910392624605195e-05 1.853061144365429e-07 3.8905297022743445e-05
572 3.969120734815907e-05 1.9210910522269264e-07 3.9477578263097184e-05
573 4.026544368539712e-05 1.8313031450656353e-07 4.0102638005815174e-05
574 4.060654358461577e-05 2.0602841168366695e-07 4.0374999765070214e-05
575 4.0976775112714236e-05 1.9984601367035614e-07 4.0789880347457475e-05
576 4.187357789546857e-05 2.0349234810306355e-07 4.1707307588937345e-05
577 4.230135578574194e-05 2.0016037118645015e-07 4.209449798365696e-05
578 4.2900032259604316e-05 2.1954336898211803e-07 4.2661292985750526e-05
579 4.288761756200222e-05 2.0858100986656046e-07 4.26678161011885e-05
580 4.333244231876966e-05 2.0994096674811392e-07 4.314799607889867e-05
581 4.43655237833277e-05 1.9683816487113643e-07 4.4154787714844454e-05
582 4.440898686210365e-05 2.1985412110777697e-07 4.42127345626289e-05
583 4.5289981752110074e-05 2.0532390707827341e-07 4.510075527013358e-05
584 4.6333833670872073e-05 2.1150347902039044e-07 4.608378706435672e-05
585 4.666789671048166e-05 2.199627792134913e-07 4.6448203614917244e-05
586 4.6943724849603274e-05 2.3509175049372872e-07 4.6731751098705174e-05
587 4.7918080477740877e-05 2.2538498891258616e-07 4.763838146853331e-05
588 4.856295246904935e-05 2.5146270972065096e-07 4.833953576347363e-05
589 4.903566073691468e-05 2.3647875027666905e-07 4.877915418154783e-05
590 4.954319391421124e-05 2.2727126305568233e-07 4.93184753705262e-05
591 5.0180330259603015e-05 2.2133040202723114e-07 4.999294680436959e-05
592 5.072104551422292e-05 2.3355611979068772e-07 5.0512182711314665e-05
593 5.1578171334117324e-05 2.3932622707374204e-07 5.137307966815849e-05
594 5.2411477960934574e-05 2.5311535903813245e-07 5.218581934723398e-05
595 5.317753121332167e-05 2.470429071814822e-07 5.2986774101155095e-05
596 5.3444962692711523e-05 2.570055549840314e-07 5.319646802802209e-05
597 5.431136453334483e-05 2.502223535358776e-07 5.407143350428058e-05
598 5.472864023454598e-05 2.584489391252492e-07 5.449318817609229e-05
599 5.5459383370947034e-05 2.599211803482918e-07 5.518420763529611e-05
600 5.647002294287976e-05 2.571119206707254e-07 5.624319335891366e-05
601 5.664147796188942e-05 2.788948116119913e-07 5.636117264299594e-05
602 5.7946737886901324e-05 2.7685256577144477e-07 5.764001255832648e-05
603 5.814454573134211e-05 2.813536554165419e-07 5.7885766719357795e-05
604 5.927866664146028e-05 2.820517032232087e-07 5.8979537972683625e-05
605 5.9787828001572134e-05 2.6251989388297963e-07 5.955475517282797e-05
606 6.087742497030038e-05 2.931280548127451e-07 6.0625533146996525e-05
607 6.127803754340074e-05 2.8369472185836767e-07 6.100665336336114e-05
608 6.2406117714775e-05 3.0101656022891467e-07 6.215921036831593e-05
609 6.287440088344009e-05 2.8259425285964925e-07 6.260291078218896e-05
610 6.37334106106257e-05 2.9953140028843926e-07 6.346161280217072e-05
611 6.447157813178087e-05 3.105828111792747e-07 6.41206942194929e-05
612 6.605373854604146e-05 2.7905291725447357e-07 6.575162378695024e-05
613 6.633488331401562e-05 3.199576636163615e-07 6.60067320752597e-05
614 6.755364816726348e-05 3.112218868499582e-07 6.724805611398156e-05
615 6.851346592668275e-05 3.117850583964205e-07 6.819413299925137e-05
616 6.910251053601265e-05 3.462817689061438e-07 6.876599317118446e-05
617 6.997636645289359e-05 3.2589205310164586e-07 6.967794521619468e-05
618 7.12883865097419e-05 3.543851772453548e-07 7.093403051021142e-05
619 7.276241021095313e-05 3.432771955379094e-07 7.245262236275572e-05
620 7.254648680829393e-05 3.6382142196634315e-07 7.222974614453102e-05
621 7.357804014120069e-05 3.650653472825131e-07 7.321913068771573e-05
622 7.516695339025852e-05 3.5779616674514484e-07 7.477009131006504e-05
623 7.555277211254381e-05 4.1525574964658754e-07 7.517925257160432e-05
624 7.617721457302738e-05 3.822929525933501e-07 7.580248914448123e-05
625 7.772414953904598e-05 3.852360985361897e-07 7.736752204390068e-05
626 7.901613404140356e-05 3.825022359440461e-07 7.863226205863098e-05
627 8.003677186306159e-05 4.129239184280521e-07 7.960494931427425e-05
628 8.084216917456763e-05 4.213427208262638e-07 8.04295466416901e-05
629 8.150401354082563e-05 4.203003935771351e-07 8.108951442938068e-05
630 8.334420018255285e-05 4.0626909548011553e-07 8.29513974639306e-05
631 8.432215472684734e-05 4.5342381976523866e-07 8.387004656235158e-05
632 8.610979646531826e-05 4.500401982337998e-07 8.557503546676115e-05
633 8.706896872835154e-05 4.539661460336849e-07 8.657845380295323e-05
634 8.687796345793922e-05 4.7298549871514857e-07 8.64614381928322e-05
635 8.933924699178664e-05 5.071125789068385e-07 8.886553508670557e-05
636 8.936066717045286e-05 4.796243826398926e-07 8.891894663569899e-05
637 9.128092838334864e-05 5.325195245703417e-07 9.07118348382637e-05
638 9.231468474828734e-05 4.716184617272082e-07 9.184769857061358e-05
639 9.347219734481063e-05 5.528824834838742e-07 9.288776917270099e-05
640 9.537408813805274e-05 5.467344082358275e-07 9.49010454410466e-05
641 9.590121497638607e-05 5.660959461428337e-07 9.537556509811911e-05
642 9.808892037104405e-05 5.159385385056885e-07 9.751496841663805e-05
643 9.938733887578597e-05 5.431408316763542e-07 9.881074495732988e-05
644 9.996918592929136e-05 5.44585395234894e-07 9.941710784716657e-05
645 0.00010097524129708676 5.282986984405421e-07 0.00010033267697710034
646 0.000102919934707976 5.724375188020609e-07 0.00010230959063181082
647 0.00010507135681424376 5.600942813922414e-07 0.00010447875405112735
648 0.00010501209822201112 5.972948982669336e-07 0.00010443558540709484
649 0.00010682682626991411 6.055999292015806e-07 0.00010622272432419649
650 0.00010930395014692443 6.173110396030285e-07 0.00010866537522384613
651 0.00011063807731895153 6.362032324140899e-07 0.0001098928832886687
652 0.00011192076295567828 6.613623265169323e-07 0.00011124347488222513
653 0.00011351053165435002 6.923726403418469e-07 0.00011282701035820953
654 0.00011276563418129288 7.008416565423076e-07 0.00011216699714652846
655 0.00011650479524892583 7.261293200334803e-07 0.00011590549112834822
656 0.00011814749692803547 6.478917782248678e-07 0.00011747235213980067
657 0.0001192428248502289 6.719602025419436e-07 0.0001185364241960726
658 0.00012097474702489017 7.070234819523218e-07 0.00012038657784797358
659 0.0001231926328125505 7.15092650380959e-07 0.00012246358780529056
660 0.0001260244991109481 7.566958032795367e-07 0.00012516921709544612
661 0.0001262132188509837 7.288983097681493e-07 0.00012546055476942293
662 0.0001276795924049412 7.359799847375812e-07 0.00012695287941595786
663 0.0001305602970069075 7.802362128075403e-07 0.00012971814547004887
664 0.00013210268522373346 7.489000481916926e-07 0.0001314372833105147
665 0.00013444262748377067 8.109747935328515e-07 0.00013362161107549443
666 0.00013461302642479414 7.926925821317404e-07 0.00013389755497640943
667 0.00013649897451460536 8.486151207863283e-07 0.00013557602375080998
668 0.00013970181509510084 8.403630164555588e-07 0.00013878650023539289
669 0.00014262579362927342 8.726750174625087e-07 0.0001416730327746985
670 0.00014229572656180735 8.868852435175177e-07 0.00014129283934398047
671 0.00014477433891578426 9.343336168222119e-07 0.00014394008191281242
672 0.00014733964429318108 8.58382167737304e-07 0.00014653039875720417
673 0.00014924590700881422 9.039838615515905e-07 0.0001484715616844849
674 0.0001514425424985158 9.896857097253139e-07 0.0001504498327374011
675 0.00015395696556200734 9.530453847579843e-07 0.0001530849332013137
676 0.000155547151964873 9.445088571775163e-07 0.00015454771655583097
677 0.00015871691762613305 9.335109089783544e-07 0.00015780470227508853
678 0.00015962794148450602 9.47408671932749e-07 0.00015875252075453375
679 0.00016158467540815406 1.0776122139483989e-06 0.00016043319645914884
680 0.00016491477329286746 1.0326790854753144e-06 0.00016396216061500602
681 0.00016844088420454422 1.0392428711444305e-06 0.00016744014402688082
682 0.00017031888105786122 1.127823891170078e-06 0.00016919564122084798
683 0.00017175717553032555 1.004082261731184e-06 0.00017082208099168588
684 0.00017301237476657338 1.0970368563505856e-06 0.00017202953507317257
685 0.00017700328574106903 1.1064564882390006e-06 0.00017590823196472215
686 0.00017929880276749632 1.0922782367434153e-06 0.00017834656641096188
687 0.0001812841456673348 1.0836455453541653e-06 0.00018005318146106913
688 0.00018455162330283418 1.144831007155198e-06 0.00018342541227898398
689 0.00018805286503396326 1.22741321861288e-06 0.00018680752041612064
690 0.00019010867694492444 1.1251328712108423e-06 0.0001889939073045277
691 0.00019251479230294511 1.3180832602483608e-06 0.00019126796942839385
692 0.00019512815199512962 1.2549766286975255e-06 0.0001937835870058724
693 0.00019886632079512683 1.2970272587757698e-06 0.00019775228959981495
694 0.00020063624478039484 1.204638634462564e-06 0.00019941608610571813
695 0.00020397373138527372 1.3371819192181242e-06 0.00020265990291940949
696 0.00020608682687738464 1.1507394962342236e-06 0.00020490449359943292
697 0.0002086718784644475 1.2225379843280147e-06 0.00020763396186817334
698 0.00021235861614823581 1.3839772425350947e-06 0.0002109965468740058
699 0.00021667393654579883 1.3688818583025163e-06 0.00021527928591261628
700 0.0002191696524853881 1.2155533443951e-06 0.00021805020006458733
701 0.00022329309237080917 1.3093738374982866e-06 0.00022205911881746223
702 0.00022415858579592654 1.4310405870947795e-06 0.0002227261605602863
703 0.00022855485791319823 1.301380788554178e-06 0.0002272795448612494
704 0.00023079118794955465 1.5104218526290145e-06 0.00022928455488283047
705 0.000234327477336176 1.4803143137317333e-06 0.00023282171370384477
706 0.00024065506585813635 1.5245456527278859e-06 0.00023912643584780884
707 0.0002442004477914504 1.4295451539160098e-06 0.00024281311593737513
708 0.0002460002402733826 1.5855984862833612e-06 0.00024424483623722315
709 0.00024932935459998887 1.631532656874788e-06 0.0002478678150912046
710 0.00025424626548627843 1.7356890699448979e-06 0.0002525297639982349
711 0.0002546590472596382 1.5915929291771546e-06 0.00025300609720510265
712 0.00026141735122607704 1.7500111007294063e-06 0.00025974864876432744
713 0.0002647455762073732 1.7544078149315095e-06 0.0002628184471748841
714 0.00026785159460452474 1.5677795600163846e-06 0.0002663038012603857
715 0.00027142772343044367 1.6445399393863438e-06 0.00026994094971428023
716 0.00027484126992224407 1.814694660111524e-06 0.0002731162642580831
717 0.00027976107429845477 1.7077370425810666e-06 0.0002781914953599231
718 0.0002841109031659432 1.697893855060203e-06 0.00028211741898275466
719 0.00028878190103274993 1.7006242290693125e-06 0.0002871811840055313
720 0.0002916174226327733 1.8331641924176467e-06 0.0002897319271017043
721 0.00029670978616831034 1.8929315212380006e-06 0.000294731178965828
722 0.0002997860112327802 1.8022929632447577e-06 0.00029804960303212775
723 0.00030515738051782354 2.0170931646208645e-06 0.0003031801223518968
724 0.00030757140673556133 1.8814084695234962e-06 0.00030567165292001524
725 0.00031527092037290027 1.925076109553116e-06 0.0003133739260166176
726 0.0003200945873160368 1.9364377675642443e-06 0.00031827982366415666
727 0.000325254780536137 1.9434600518336055e-06 0.00032328120096736636
728 0.0003297614870254786 1.9921841344467675e-06 0.0003277887166097806
729 0.00033470932611484936 1.9568705746324427e-06 0.00033294284268571583
730 0.0003376465813616061 2.147421217513602e-06 0.00033533155245051726
731 0.00034392205403475945 2.0870569572340296e-06 0.0003420622071255675
732 0.0003496515871328498 2.289731006522675e-06 0.0003477010859946674
733 0.00035298258263078753 2.2372591376733214e-06 0.0003507977636909011
734 0.0003607257390854108 2.1430843588163217e-06 0.00035857619883790696
735 0.00036744932093282556 1.9777871745694782e-06 0.00036556357313607024
736 0.000370141352200416 2.2994335688796947e-06 0.0003676147932920345
737 0.0003767242194465186 2.409355916527599e-06 0.0003744162434104503
738 0.00038175745431464443 2.088830291909886e-06 0.00037940458419059706
739 0.00038943387774119923 2.2410801126189637e-06 0.0003870557905907974
740 0.0003943338255774436 2.2529957422970505e-06 0.0003921815390093034
741 0.0003993549180596648 2.305770090595184e-06 0.0003967930573585534
742 0.00040743333534916853 2.360534830424197e-06 0.00040495759015188077
743 0.00041209404674415895 2.4115370437923908e-06 0.00040989243496802457
744 0.00041888033491327653 2.6110924064088184e-06 0.0004163642217121847
745 0.0004212118500599868 2.567007990707677e-06 0.0004187771553841103
746 0.00042958548813312443 2.561442900566675e-06 0.00042712775564154084
747 0.0004381004525707664 2.7291695667645997e-06 0.00043535370857387804
748 0.00044141429363032573 2.5206812541798605e-06 0.00043905650386386427
749 0.00044997824761500664 2.4532860188166615e-06 0.00044791615973692147
750 0.00045508849746377935 2.76927054242514e-06 0.00045246426507754566
751 0.0004635963616649669 2.5386538694881906e-06 0.0004613627505656856
752 0.0004701454126132588 2.6071778663221065e-06 0.00046753224900922366
753 0.0004767031860504208 2.522194579807432e-06 0.0004743466850824021
754 0.0004879117545501756 2.79990726575178e-06 0.0004852213670847195
755 0.0004920817295778643 2.7282283315760556e-06 0.0004896480877984559
756 0.0004977056627404607 2.742054596440503e-06 0.000494891118786793
757 0.0005066086478626593 2.968980012774633e-06 0.0005033533233199746
758 0.0005161886455382678 2.8983751344569733e-06 0.0005136117984709383
759 0.0005239109276336194 2.864693350711398e-06 0.0005206589564405194
760 0.0005316331775036086 2.931477882233048e-06 0.0005288196573112134
761 0.0005392575790875119 3.041900272974203e-06 0.0005355134933982563
762 0.0005485608346243925 3.1156617493038126e-06 0.0005456990719340018
763 0.0005590519680994389 2.8207532227647184e-06 0.0005561819601067691
764 0.0005656723450505989 3.0505904130434006e-06 0.0005625192613889727
765 0.000568445365552909 2.7886548335377834e-06 0.0005661630324080634
766 0.0005797531026411485 3.1561407077203195e-06 0.0005766760495165161
767 0.0005934295368235952 2.9434808297617957e-06 0.0005904117359021881
768 0.0006025380449807557 3.119262159709349e-06 0.0005994845535872495
769 0.0006122401923058157 3.1243853494847394e-06 0.0006092951446968519
770 0.0006220504178321308 3.053329791595626e-06 0.0006190254840628714
771 0.0006246005107620173 3.312194249905742e-06 0.0006217981731801268
772 0.0006377007443831088 3.068130474740297e-06 0.0006343311447054047
773 0.0006420619323564776 3.239768359317284e-06 0.000638463431704588
774 0.0006591446514102957 3.4960697046233304e-06 0.0006556505553167977
775 0.0006664316609146426 3.425022659939848e-06 0.0006628465426678918
776 0.0006787752780090936 3.4294662596795615e-06 0.0006752482345612471
777 0.0006888580896128966 3.441646603115132e-06 0.0006847732413743
778 0.0006967112580616889 3.1843180210412892e-06 0.0006931709447313628
779 0.0007113209537332895 3.6950521930485444e-06 0.0007078445331636626
780 0.0007179585310974186 3.3763214789676263e-06 0.0007138782377397655
781 0.0007330170565271 3.102025816192839e-06 0.0007298485119866763
782 0.0007459339560987875 3.4929097043692734e-06 0.0007427785760505548
783 0.0007495165297445122 3.1799392806410028e-06 0.0007458567534292934
784 0.000769284659624588 3.856240037525506e-06 0.0007651392164779759
785 0.0007761946280319541 3.505513216938485e-06 0.0007728361404072435
786 0.0007871403809563595 3.437184801215282e-06 0.0007841057374377743
787 0.0008010480820889534 3.5291998754186224e-06 0.0007969311335941545
788 0.000815596393622682 3.6810958516915894e-06 0.0008113923722234956
789 0.0008287712483613308 3.762679952421912e-06 0.0008251330288959217
790 0.000842197809134817 3.862136921835344e-06 0.0008388199921403984
791 0.0008554858895980618 3.4354879525480298e-06 0.0008518079860556831
792 0.0008684406968745653 3.84912004128646e-06 0.0008648058345685841
793 0.0008827430273612767 3.908924291552168e-06 0.0008790534162594003
794 0.0009022980686228996 3.7982957658168543e-06 0.0008987098879612409
795 0.0009065290678882423 3.7737777351519145e-06 0.0009033407879657662
796 0.0009214938719814667 3.958915053983281e-06 0.0009177944445681179
797 0.0009409655528895373 4.227946403001648e-06 0.0009365967166412387
798 0.0009533557024571791 4.194481378978044e-06 0.0009493087661793213
799 0.0009678505120903357 4.090672620163194e-06 0.000963518233863432
800 0.000978636564967953 4.3820772607437255e-06 0.0009745108097484498
801 0.0009988989582560078 4.065416168566583e-06 0.0009954882674318218
802 0.0010142964188048567 4.021698333649545e-06 0.0010100351713182396
803 0.0010237605992243297 3.966380775717926e-06 0.0010195945370198645
804 0.001048230755632783 4.333003770085617e-06 0.0010434402259438206
805 0.0010693497885422487 4.102271443571922e-06 0.0010654397895015
806 0.0010758957599933123 4.0054060886688645e-06 0.0010718626461323458
807 0.0010956030348268902 4.448714803019332e-06 0.0010920858282881005
808 0.0011132582789624866 4.444020078129398e-06 0.0011085992118692776
809 0.0011255922477557056 4.325049303656935e-06 0.0011214015274683237
810 0.00114461797075358 4.1475562016460555e-06 0.001140654535895497
811 0.0011645002160597274 4.313193922902947e-06 0.0011605618030799494
812 0.001186603329778157 4.565102802553774e-06 0.0011824702293736155
813 0.0011981548282429947 4.348794001055621e-06 0.0011932547461087565
814 0.0012233572834102662 5.0375162059918805e-06 0.0012180098782853806
815 0.0012426898600234107 4.6206389456651635e-06 0.0012378557778625276
816 0.0012684363033104678 4.686949168843965e-06 0.0012632425687370322
817 0.0012719850637271833 4.643738885191883e-06 0.0012671804063737525
818 0.0013034843800472451 4.615867231598791e-06 0.0012988413601607229
819 0.001319237765983037 4.829803382891793e-06 0.0013144503365490868
820 0.0013430573204674498 4.8059154510647805e-06 0.0013382945610603428
821 0.0013658107024181825 4.677648586450419e-06 0.0013605174736205192
822 0.0013758209471856889 4.982280081468058e-06 0.0013712481895559213
823 0.001401539339423561 4.963334005051089e-06 0.0013967146907043202
824 0.0014276398319127861 4.713977306381012e-06 0.0014227189647663277
825 0.0014402712916929477 4.857233405647848e-06 0.0014352369101798962
826 0.0014878044265148247 4.825972613225285e-06 0.0014836014572317737
827 0.0015024155951804546 4.945406896833232e-06 0.0014966290520734393
828 0.0015198175704825758 4.828361616074369e-06 0.0015152318764507721
829 0.001563313258803983 4.958941523731682e-06 0.0015578769331985988
830 0.0015766888874500862 5.179085434716022e-06 0.0015716559773556091
831 0.0015976970295380629 4.849496302090797e-06 0.0015926766133868323
832 0.001634885542287625 5.056678816922908e-06 0.001630296823456474
833 0.001649945148512528 4.986683530777818e-06 0.0016451590415286937
834 0.0016783843327810395 4.924161836603623e-06 0.00167340171063328
835 0.0017082508228158375 5.2747596988746115e-06 0.0017030710634709945
836 0.0017449458492308375 5.528576021055294e-06 0.001739654677131984
837 0.0017623552528060469 5.0604793122563295e-06 0.0017576578309026751
838 0.0017950098966852323 5.262036105147436e-06 0.0017893814076320944
839 0.0018237929358421701 5.220529069726818e-06 0.0018188556791428544
840 0.0018491663265450653 5.164027563170533e-06 0.0018445759442586968
841 0.0018797551172730965 5.2480068870310765e-06 0.0018749399196189313
842 0.0019148280133362901 5.242885456108436e-06 0.0019106114278379183
843 0.0019500526242470625 5.447801857319666e-06 0.001944126859368861
844 0.001969761577296357 5.434377358406043e-06 0.0019650991972217815
845 0.0020146324015616894 5.606616160054718e-06 0.00200956368884177
846 0.002032313930593615 5.514260453597618e-06 0.002027920659098886
847 0.0020684709164363827 5.918360797568061e-06 0.0020630202575810845
848 0.0021022814391519597 5.525280193805266e-06 0.0020975286369742654
849 0.002133761744824934 6.078725529315018e-06 0.002127447217220723
850 0.002183923582389756 5.5500744408931895e-06 0.0021779992087462164
851 0.00222016284970489 5.650369220061218e-06 0.0022146447553552354
852 0.0022343045445788793 6.278329146816259e-06 0.0022277336856258005
853 0.002299251521365061 6.061426324333904e-06 0.0022931297200838364
854 0.0023111877788971054 5.647722838073191e-06 0.0023060922601592475
855 0.0023481641218934817 5.993783876111483e-06 0.0023424825149435283
856 0.002414733861141401 5.252914185827855e-06 0.002407820764310139
857 0.0024515188330540344 5.858652828672522e-06 0.0024457549762198854
858 0.0024765530361331805 5.51330382517593e-06 0.0024702614516143766
859 0.002520336424557466 5.6271827782059155e-06 0.0025140699380590626
860 0.002552094898043011 5.3237806506185124e-06 0.002546604980924324
861 0.0025724978191978692 5.9470438460602046e-06 0.0025677241983936084
862 0.002632794298381775 5.717397636835677e-06 0.0026274751553122646
863 0.0026762339027906162 6.4254735380134145e-06 0.0026689490245315013
864 0.002738836458613991 5.677854703254385e-06 0.0027335446084152297
865 0.002766086432117929 6.168181344535765e-06 0.002759884548282841
866 0.0028197103539994916 6.176927493778215e-06 0.0028130215850504926
867 0.002872456682174386 6.022563063146445e-06 0.0028669985995125814
868 0.0029519031445154552 6.213835638068347e-06 0.002945346661549394
869 0.0029578316900490727 5.57645541145958e-06 0.002953420271501339
870 0.003038042757540385 6.251248218351337e-06 0.003031200766441947
871 0.00306178763793507 6.326536994557851e-06 0.003056563624024788
872 0.003121503910645006 6.300752110820553e-06 0.003114541029978532
873 0.003156109330451294 6.2386055152350665e-06 0.0031498030755430866
874 0.003224373473376029 6.242722083559937e-06 0.0032180991779834516
875 0.003288854763129284 6.890520066377252e-06 0.003282765490208593
876 0.0033306911676252125 6.705288643670659e-06 0.003324161772850389
877 0.003389298119329561 6.516474915995345e-06 0.003383560170833145
878 0.0034732226653449083 6.696062640130785e-06 0.0034659412584452463
879 0.0034973179677190726 7.284670659604604e-06 0.0034911478245325373
880 0.003559943589882862 5.946253855464273e-06 0.0035533701197214035
881 0.003633468682528612 6.641699683477009e-06 0.0036270583858610335
882 0.0036657715893829005 6.314725795022242e-06 0.003659508507940774
883 0.003747242594321931 6.47756740142441e-06 0.003742327250757567
884 0.0038028252177332994 6.468800180060153e-06 0.003796309381255081
885 0.003855379984218264 6.808173087140282e-06 0.003848312579792274
886 0.003938950509105081 6.7136175008002606e-06 0.003931739097632559
887 0.004034678230832898 7.30615844316222e-06 0.004027523567049149
888 0.0040658806176211626 6.3861392158921216e-06 0.004059352366379597
889 0.004144770180741424 6.766329117250274e-06 0.00413672738812936
890 0.004209691501060212 6.468562703052089e-06 0.004203286876538414
891 0.0042871589315808725 6.7690008445223e-06 0.00428033433466903
892 0.004341499296941116 6.9883479621437065e-06 0.004335565734033774
893 0.004419274342362275 6.560414842621859e-06 0.004412953927353533
894 0.00448945794748165 6.990358899402237e-06 0.004482861268518244
895 0.004596703209583722 6.8035473354063e-06 0.004591365891274967
896 0.00465302560417275 7.255762471863347e-06 0.0046442562258604166
897 0.00473590400249993 7.69313631003901e-06 0.004728384091608471
898 0.004833819116428391 7.26433659791721e-06 0.004827879728563839
899 0.004886143652741854 7.139531158788266e-06 0.004877472993490505
900 0.005018476307556296 7.390731451338145e-06 0.005010711784576279
901 0.005106790145563256 7.732809301670147e-06 0.005096811926506325
902 0.005165053058698615 7.304454856025589e-06 0.005155785318733447
903 0.005289236499993879 7.036790794361898e-06 0.00528138305869236
904 0.005313999147807688 6.8165464481897945e-06 0.005309033846605777
905 0.005412505663379866 6.943103536720554e-06 0.005405671909664746
906 0.005505198644979924 7.263486347840292e-06 0.005498392229304995
907 0.005643594919836915 6.812234769443092e-06 0.005635514083684861
908 0.005705312013389375 7.1427526093685e-06 0.005700282942392448
909 0.005854627772141511 7.380487885428172e-06 0.005848216957643487
910 0.005968664650232344 7.23659053222774e-06 0.0059599934346188325
911 0.006045425093234882 7.215077090432567e-06 0.006037774729524208
912 0.006149199045716975 7.397784429589293e-06 0.006139229336450931
913 0.006207340776623902 7.2894051552395115e-06 0.006199724559103934
914 0.006338297612707019 7.531486363462595e-06 0.006330596174719305
915 0.006478082058262717 7.163852381742739e-06 0.00647252861411399
916 0.006560218504279356 7.644033674431524e-06 0.006553087364535982
917 0.006708152318470707 7.418354890505266e-06 0.006699842467741196
918 0.006777426339322145 7.943775974414761e-06 0.006769854601986652
919 0.0069340143401683775 7.378025630009807e-06 0.006924900380370785
920 0.007066067822380685 7.474672852943542e-06 0.0070581154974462545
921 0.007193162380034332 7.970607757827983e-06 0.007185837232929176
922 0.00726603499813957 7.976965618597639e-06 0.007259898728023005
923 0.007430258697972387 7.813966431598452e-06 0.007423179191378965
924 0.0075704044620729 7.721679742031884e-06 0.007565151304790918
925 0.00769859843654105 7.41203271377606e-06 0.00769052362543215
926 0.007851390362669715 7.668977047919923e-06 0.007843045015301548
927 0.007987209113109206 8.050042465516634e-06 0.00797924621874854
928 0.008201823837105876 7.33172140224242e-06 0.008194293452732915
929 0.00825794564765761 8.000468529869263e-06 0.008249890523915528
930 0.008435198305879101 7.767816170532616e-06 0.00842881230474859
931 0.008567391198175957 7.236125843399398e-06 0.00856089879105573
932 0.008704100396436766 7.97122396314104e-06 0.008697191124725574
933 0.008844738015089136 7.46449054555508e-06 0.008837560370833136
934 0.00900891427654854 7.826715333236423e-06 0.00900023887147536
935 0.009217840774798942 7.386573106555405e-06 0.009207930778455928
936 0.009362272496292658 7.777892536881429e-06 0.009354922925736829
937 0.009532971878610224 7.725479549747697e-06 0.009527225237645525
938 0.009745068406519064 7.649940200924788e-06 0.00973639751435048
939 0.009849638369956915 8.115239519630108e-06 0.009842302473461784
940 0.010065013801894474 8.010475883133904e-06 0.010055939614655118
941 0.01040387579185784 8.238010409534942e-06 0.010395843538119835
942 0.010405387750615868 7.70900929442803e-06 0.010395915579200436
943 0.010634283570185516 8.184060720987584e-06 0.010625119615133629
944 0.010883310759778143 8.039988547283196e-06 0.010878165772269419
945 0.011071204074271385 7.760231857769492e-06 0.011062955436494569
946 0.01118717778925908 7.983622651570789e-06 0.011178976697623912
947 0.011392956527745513 7.864273552060318e-06 0.011382807562403875
948 0.011788677654155495 7.940367932429277e-06 0.011781738261194828
949 0.011946165591236999 8.013035466540243e-06 0.011936170001971629
950 0.012152963312362118 8.139811528626101e-06 0.012145589220463198
951 0.012341553061799992 7.444262572208296e-06 0.0123351215963354
952 0.012587189586569623 8.085805119435506e-06 0.012579903866029182
953 0.01281314869882462 8.072723599808509e-06 0.01280254415808467
954 0.013098434445280732 8.423719195509423e-06 0.013091249087390375
955 0.013403287343130737 7.63126229309971e-06 0.01339619461928005
956 0.013610662424415235 7.646011533785353e-06 0.01360242309931174
957 0.013888145401466066 8.291202499725993e-06 0.01388054613155902
958 0.014202585371239777 8.158252466877989e-06 0.014194900411242398
959 0.014429024293420927 7.500416117391954e-06 0.014421786102659628
960 0.014736508193841744 8.149365800970021e-06 0.014726497886481567
961 0.014955104579958476 7.922121685438442e-06 0.014945088597298168
962 0.015254967159678527 7.417010985581834e-06 0.015244725038702129
963 0.015529928587006634 7.364052599981805e-06 0.015524258548058587
964 0.0156944781543734 7.553941903889598e-06 0.01568832244894272
965 0.01622311683836664 7.926927582392906e-06 0.01621517119538976
966 0.01646733249869703 7.725591209598655e-06 0.016460321316502918
967 0.016754321386023195 7.70483795239294e-06 0.016749703196589024
968 0.01717837925790787 7.878503557546341e-06 0.01716758581781546
969 0.017595179006335438 8.284542875371525e-06 0.017584593580721383
970 0.01764456694223753 7.777874273970785e-06 0.017639550922219076
971 0.018154950914705564 7.67314073780304e-06 0.018147413487043518
972 0.01852572336862419 8.227301232579412e-06 0.018520476469596644
973 0.018788504713559258 8.085515311496727e-06 0.018777272904293672
974 0.01905659230137633 8.701814542973458e-06 0.019048592235918434
975 0.019607189639339304 7.516099620129103e-06 0.019600367691993397
976 0.020043302453781102 8.506964195948445e-06 0.02003074340652125
977 0.02029189777088271 7.411916327509574e-06 0.020284944250420454
978 0.020966132300565588 7.920210029071924e-06 0.020956329425704735
979 0.02122744444832546 8.055255432733685e-06 0.021225657560545178
980 0.02163641634846641 7.813524804298773e-06 0.02162697764957458
981 0.02214674177982544 7.670811270821947e-06 0.02213575952125777
982 0.022678754123209383 7.890589985390463e-06 0.02267132318881334
983 0.02311198560458909 7.969192614227452e-06 0.02310696731877507
984 0.023548822815443966 7.719188850709442e-06 0.023535894023854212
985 0.023920448151194314 7.485938601087612e-06 0.023914653447076044
986 0.024551157141699722 7.575784205278057e-06 0.02454387209159842
987 0.02523655444423882 7.330072677160621e-06 0.025231331805415716
988 0.025498661160026827 7.584306387486912e-06 0.02549187213540357
989 0.026043240505676427 7.921141018799991e-06 0.026039580995478425
990 0.026653189419899935 8.003778580289312e-06 0.026648701264304228
991 0.02710344040302424 7.667421143277086e-06 0.027093464567927557
992 0.027531909149626776 8.161918966876266e-06 0.027521954776536628
993 0.028275278820260156 8.218376881894311e-06 0.02826694919847633
994 0.028854892917589702 7.684695686132065e-06 0.028845875884409056
995 0.02965509322101661 7.4181508244333165e-06 0.029646317405141717
996 0.030065239877906567 8.658131660577029e-06 0.030051714124630195
997 0.030790736355453544 7.90011214646727e-06 0.030788865583646942
998 0.03145169425285656 7.741952311073373e-06 0.031442667043444325
999 0.03201639867234262 7.89909025131618e-06 0.032010568163804
1000 0.03242791012455535 8.03895241215143e-06 0.03241896313650062
1001 0.033393511362511785 8.017352373584624e-06 0.0333850272492559
1002 0.03405187188987271 7.85656080689493e-06 0.034045232098911145
1003 0.03480432393624237 8.111074242247132e-06 0.03479218472498698
1004 0.03578833583720019 8.015321953443923e-06 0.03578125145416309
1005 0.03615096915601423 7.850521301336883e-06 0.036140087996164534
1006 0.03706346824926677 7.844357577681011e-06 0.03705678863607666
1007 0.03787717928024128 8.82586695116951e-06 0.03786346395489095
1008 0.03867961075723872 7.904454570623233e-06 0.0386731424536362
1009 0.03967322487673008 8.076922749178208e-06 0.03966161147468886
1010 0.04047971603087053 7.804995794896647e-06 0.040469158156784174
1011 0.04106342593683361 7.489980287671021e-06 0.04106078804338379
1012 0.042013487023301314 8.14388139443414e-06 0.04200389623018006
1013 0.04304726138488577 7.8127660268456e-06 0.043036254276599274
1014 0.04397615871126424 8.128003686017336e-06 0.04397092480796703
1015 0.0451128699476145 7.883011022933563e-06 0.04510380395559062
1016 0.04582085638452107 8.03364522965198e-06 0.04581126054101779
1017 0.047108909675205625 7.795005014484442e-06 0.04709765956314004
1018 0.04818930520134594 7.566981394008118e-06 0.04818621101989644
1019 0.04855336665872736 8.52405520912642e-06 0.04854523930094035
1020 0.05019241562315165 9.091467392281694e-06 0.05017608619969488
1021 0.05103648249849659 9.608785083953202e-06 0.05103204902244272
1022 0.05202358302605847 1.0285725585507089e-05 0.052013592819058624
1023 0.05470797835455413 3.788776961450782e-05 0.054673719224654194
1024 0.05606830138273202 3.694460333536474e-05 0.056026868217257164
