ell R_ell F_ell N_ell
2 0.0005892145956303231 0.0005501192406790923 1.8663419653526106e-05
3 0.00016216302715587477 0.0001353335696468356 1.8897926395309316e-05
4 9.991382058102306e-05 8.398452136346903e-05 1.632541908624194e-05
5 4.324572010379676e-05 2.666203520492279e-05 1.6285929930614827e-05
6 5.924251492656777e-05 4.527348231669586e-05 1.493588620095172e-05
7 5.393103948131342e-05 3.968680168806791e-05 1.409561943885978e-05
8 2.9511533804105786e-05 1.565673418091873e-05 1.4512590626822468e-05
9 2.926546541924675e-05 1.6324151651117785e-05 1.3636710820623375e-05
10 3.54041362456417e-05 2.045658542203045e-05 1.4108769724104346e-05
11 2.541738900575347e-05 1.0370282816602044e-05 1.4554540453660508e-05
12 2.6262935311712625e-05 1.3370557994647184e-05 1.3312032097314467e-05
13 2.2503646581665997e-05 8.902426123698905e-06 1.3904192568427361e-05
14 2.024224039166828e-05 7.479869436865964e-06 1.3153235841939315e-05
15 2.1381802466955343e-05 7.967474223020685e-06 1.3403160673266677e-05
16 1.9562251847140083e-05 6.700447985803735e-06 1.2962922816832573e-05
17 2.023619984846081e-05 7.393455669766796e-06 1.2774194393570084e-05
18 1.8626854394096618e-05 5.8141893821208724e-06 1.2786833357253621e-05
19 1.6187676592319598e-05 4.037151274113006e-06 1.2295574739879163e-05
20 1.7033441287289592e-05 5.221578750043271e-06 1.2020323695597207e-05
21 1.4920935366159731e-05 3.4260486419481217e-06 1.1310138648566664e-05
22 1.4738633635878572e-05 2.613882699073801e-06 1.209132180448599e-05
23 1.601260406875753e-05 4.456961640635948e-06 1.1619174458917366e-05
24 1.2435355594320284e-05 1.149800057567665e-06 1.126592373628877e-05
25 1.332980209210572e-05 2.641998184930778e-06 1.0726143814829901e-05
26 1.2042419918800382e-05 1.6633702603736952e-06 1.058320647403621e-05
27 1.2809837299745973e-05 2.295445463763882e-06 1.0650930271974021e-05
28 1.1883612625919703e-05 1.3706265455222664e-06 1.0536610911831316e-05
29 1.165322808874341e-05 1.7898245067862799e-06 1.0029417032653824e-05
30 1.1255948477344987e-05 1.4632667173790537e-06 9.897650114734904e-06
31 1.0984037440217452e-05 1.3684338833925708e-06 9.751033530825096e-06
32 1.1107072850600656e-05 1.5239094188377952e-06 9.571361653986166e-06
33 1.0629007045407978e-05 1.5608322993528027e-06 9.156894617971771e-06
34 1.0271387687327002e-05 1.4969601755028232e-06 8.81434324033018e-06
35 1.0235193814062885e-05 1.2932312421185268e-06 8.827004643667389e-06
36 9.532877015327119e-06 9.116719893945626e-07 8.589857922385066e-06
37 9.460161453697814e-06 1.1319888306569787e-06 8.429032133282566e-06
38 9.37038480066381e-06 1.070062079594371e-06 8.272395160852897e-06
39 9.513178243221586e-06 1.6020333900537771e-06 8.016604845420017e-06
40 8.716990510142485e-06 1.0814383511917327e-06 7.69964732619346e-06
41 8.802104864802314e-06 1.4288588380133202e-06 7.395078961479887e-06
42 8.035065752836625e-06 6.929105887677696e-07 7.328765494730224e-06
43 7.779403833046518e-06 7.830185938748511e-07 6.987661228078314e-06
44 7.8964743787281e-06 1.0077386205546383e-06 6.91494692734894e-06
45 7.644869765492488e-06 9.64440338927306e-07 6.754594607303528e-06
46 7.605746687629912e-06 7.846234672906094e-07 6.821947744379646e-06
47 7.099689630598807e-06 6.99079791158448e-07 6.389764680374803e-06
48 7.082117824898983e-06 9.119128161989169e-07 6.129493019225537e-06
49 6.577974081188582e-06 5.913237941576224e-07 5.994780625128716e-06
50 6.696824778749464e-06 6.54589573262902e-07 6.039877720585082e-06
51 6.542719410355079e-06 8.472518275604444e-07 5.7272013545079636e-06
52 6.3647196604939904e-06 7.269637753198534e-07 5.661939851450074e-06
53 5.99697209522347e-06 5.08229352558372e-07 5.485768677932745e-06
54 6.292757768677804e-06 8.615448658893949e-07 5.475856264037376e-06
55 5.9174350407856564e-06 7.385179926095494e-07 5.157868609144175e-06
56 5.782933466827991e-06 6.026768130458184e-07 5.15874960437079e-06
57 5.568402584527381e-06 6.057038275019016e-07 4.9851016678151576e-06
58 5.442499500155363e-06 5.743465180733874e-07 4.866986418882751e-06
59 5.460736207290331e-06 6.566850059319151e-07 4.766960602311543e-06
60 5.3792495028164655e-06 6.686810070744974e-07 4.723637536422488e-06
61 5.384806000784869e-06 7.209244130130695e-07 4.6535950024377425e-06
62 4.952184200814657e-06 4.100486647122548e-07 4.510647412953556e-06
63 5.125658910941506e-06 6.095156360101639e-07 4.502270121810258e-06
64 4.945090055954629e-06 4.71068060764421e-07 4.506801527655659e-06
65 4.7666037245698674e-06 4.1767698322811527e-07 4.334809662205445e-06
66 4.781883243095248e-06 6.135163089932809e-07 4.1753232763188865e-06
67 4.833390072767203e-06 5.969645583068766e-07 4.246586094265514e-06
68 4.666420716303966e-06 5.31805818671204e-07 4.136105942253022e-06
69 4.497852914697557e-06 4.439265548294473e-07 4.06541705427887e-06
70 4.461854157587809e-06 4.922886775262583e-07 3.982545487693435e-06
71 4.528877468946383e-06 5.215122100080982e-07 3.996419281978436e-06
72 4.393737433996323e-06 3.7495668322758076e-07 3.963021229887869e-06
73 4.312498706460561e-06 4.410259642040059e-07 3.866620489104157e-06
74 4.304948256706445e-06 4.65521287723727e-07 3.833406286410812e-06
75 4.253771728777245e-06 5.206104056738459e-07 3.750737483505146e-06
76 4.109120022376236e-06 3.976962752066788e-07 3.7168053158278693e-06
77 4.100691044459022e-06 3.881791129922262e-07 3.710685974791165e-06
78 4.111406505571763e-06 4.6020189521437207e-07 3.6833882912479504e-06
79 4.185790755727832e-06 4.777536249400323e-07 3.7044510647420163e-06
80 4.10074273132325e-06 5.007518537688711e-07 3.610787575956702e-06
81 4.034052296876378e-06 4.275658591104585e-07 3.5970713717278286e-06
82 3.8950657969671306e-06 3.5626071892304245e-07 3.5233173727807197e-06
83 3.8028864915699336e-06 3.1945675881913334e-07 3.495195785557247e-06
84 3.937687756052112e-06 4.208307750547403e-07 3.530637836205042e-06
85 3.9930056066985065e-06 4.3973907657704414e-07 3.5359688931124905e-06
86 3.864928705915858e-06 4.1798560272277754e-07 3.427668759639129e-06
87 3.8452700777892365e-06 4.3339799748254836e-07 3.406471362910744e-06
88 3.799863622252394e-06 3.928092185588744e-07 3.405996698402161e-06
89 3.7599687491534375e-06 3.855644309843893e-07 3.373207486479951e-06
90 3.7593986393043163e-06 3.583566693417342e-07 3.416858702032532e-06
91 3.7526844416428314e-06 3.4965584078864254e-07 3.3729532668732514e-06
92 3.5797866342894346e-06 2.5605245145231556e-07 3.327413846345588e-06
93 3.635755471885725e-06 3.45812183887658e-07 3.282117125096716e-06
94 3.606985464294346e-06 3.612289944130657e-07 3.2771958170858965e-06
95 3.5860778880388844e-06 2.7342048079926523e-07 3.325651241100818e-06
96 3.6863934783460242e-06 4.045937184209866e-07 3.2661143016947924e-06
97 3.5698567714267245e-06 3.565812370385258e-07 3.232990313376761e-06
98 3.641555267337981e-06 3.7692668945824565e-07 3.272183992471103e-06
99 3.5666011317529003e-06 3.1439275539705886e-07 3.2411642617935067e-06
100 3.568198953694063e-06 3.444377214719783e-07 3.242282277608967e-06
101 3.535501659844942e-06 3.6957773414917864e-07 3.1930241822368944e-06
102 3.4660056392090348e-06 2.9303194593941257e-07 3.1882236898018968e-06
103 3.488648520900535e-06 3.404715502422502e-07 3.1633300348841077e-06
104 3.5388433215935836e-06 3.767966889301817e-07 3.153802916672468e-06
105 3.415757251599697e-06 3.24215941863038e-07 3.099710847898526e-06
106 3.424642364967403e-06 3.2656460032334063e-07 3.1020159610537255e-06
107 3.363806101800198e-06 2.495960469064015e-07 3.0926170858054448e-06
108 3.330506179531443e-06 2.8693814289772367e-07 3.0403446536574013e-06
109 3.3356751970754205e-06 2.8029438834643e-07 3.050624052238619e-06
110 3.3292717243934535e-06 3.005640582387023e-07 3.0447369277485836e-06
111 3.3207421823071504e-06 3.0563390568428557e-07 3.017377040310857e-06
112 3.306919728886481e-06 3.127639182336749e-07 2.988531576785272e-06
113 3.2853014061007448e-06 2.8654610659834645e-07 2.9903050836457736e-06
114 3.1842764872694726e-06 2.197602289245071e-07 2.9582280512489194e-06
115 3.223411590412111e-06 3.0046695650868464e-07 2.916782359815295e-06
116 3.134554086551865e-06 2.1230656954060546e-07 2.9407844462684578e-06
117 3.1904084093824137e-06 2.7181264917228234e-07 2.927226556829912e-06
118 3.1595077521624416e-06 2.465843793119801e-07 2.900751232450655e-06
119 3.1363856537776564e-06 2.772323661449406e-07 2.8487010702925404e-06
120 3.088813656050532e-06 2.510979335514527e-07 2.840121327100471e-06
121 3.1442124520074558e-06 3.1645478228512197e-07 2.845928618701542e-06
122 3.0270323615241194e-06 2.3837378229308993e-07 2.789705014193871e-06
123 3.0491556369424465e-06 2.7080982964240047e-07 2.785330589776019e-06
124 3.1301891149802422e-06 3.1955387882387915e-07 2.8166309312356636e-06
125 3.0667478357950202e-06 2.8849628795652244e-07 2.7768584038003136e-06
126 3.0398864306338026e-06 2.787189683555743e-07 2.7509080433287655e-06
127 2.9818569581686016e-06 2.837346303225028e-07 2.6908740992682787e-06
128 3.0047413340095046e-06 2.90876385592158e-07 2.7074052761876248e-06
129 3.0042225259477785e-06 3.3644700813462384e-07 2.6852945100020017e-06
130 2.964175319690627e-06 2.9058889800537515e-07 2.6726047471178058e-06
131 2.9650895304632573e-06 3.402878896136996e-07 2.6311400741786515e-06
132 2.9123353644939155e-06 3.065326184429963e-07 2.620926582286001e-06
133 2.910654094381035e-06 2.9068844195130543e-07 2.6295078809945693e-06
134 2.7925164545592693e-06 2.0674953472145608e-07 2.5813888698083186e-06
135 2.8309039795219595e-06 2.7501492023163247e-07 2.5647336410159443e-06
136 2.901811480143154e-06 3.121324636193471e-07 2.58595945911914e-06
137 2.8203893774922177e-06 2.922816611705565e-07 2.517616064788709e-06
138 2.755616406091672e-06 2.6767533885920375e-07 2.4934723415812402e-06
139 2.7378375251162776e-06 2.514878136934866e-07 2.4885139407544283e-06
140 2.7032038880037904e-06 2.448511747671337e-07 2.4477475416096027e-06
141 2.714536765264308e-06 2.8189613810213663e-07 2.423529973831774e-06
142 2.6185077866542394e-06 1.9506543238605314e-07 2.4098454527416306e-06
143 2.66877580369976e-06 2.6470570932567865e-07 2.401570756231895e-06
144 2.7125825787596977e-06 3.485013003226927e-07 2.3674809279287036e-06
145 2.653496158729179e-06 2.650540359157666e-07 2.3919974151649116e-06
146 2.625415308832871e-06 2.749209975255592e-07 2.351232437763052e-06
147 2.6180005164352753e-06 2.737805797643427e-07 2.335826297803857e-06
148 2.5768727733086623e-06 2.920387212383766e-07 2.2795793866545076e-06
149 2.56574997857645e-06 2.840619126392758e-07 2.2859332594753325e-06
150 2.510199987689312e-06 2.537030543798099e-07 2.263370144862359e-06
151 2.5650742142485263e-06 3.3265160630090317e-07 2.2329817802991983e-06
152 2.5620019558424507e-06 2.964227398186307e-07 2.2617464354945015e-06
153 2.509325446223311e-06 2.814211562753194e-07 2.2234162585141186e-06
154 2.519995772939442e-06 3.184130331093074e-07 2.200596014921795e-06
155 2.422381901505994e-06 2.6113177283832993e-07 2.153630214092633e-06
156 2.404773057724786e-06 2.519143664202975e-07 2.1550139878555542e-06
157 2.3869205642851935e-06 2.6343159558126036e-07 2.1225392929129705e-06
158 2.3774434375709123e-06 2.6890351235510285e-07 2.109735689777102e-06
159 2.38137539419489e-06 3.0723132908829766e-07 2.075666466909736e-06
160 2.351174416553668e-06 2.9065804358779283e-07 2.0511858072535786e-06
161 2.3083207239872875e-06 2.4844912510148395e-07 2.0560450681242545e-06
162 2.3505542179751825e-06 2.9928741729810904e-07 2.0520488270944414e-06
163 2.3128854396841736e-06 3.0814087084431766e-07 2.011110531133081e-06
164 2.3467103832629724e-06 3.431214022177292e-07 1.998633880197534e-06
165 2.315264523993083e-06 3.310613672448859e-07 1.9873748543849683e-06
166 2.2888110041424096e-06 3.159732192745876e-07 1.9680323956133623e-06
167 2.2646808923249966e-06 2.8369898930420745e-07 1.984661803760102e-06
168 2.221380377739026e-06 2.849206188840946e-07 1.943605686947107e-06
169 2.271831651669719e-06 3.160057890256601e-07 1.944234561814809e-06
170 2.143163177796041e-06 2.61951934343691e-07 1.8917576402663587e-06
171 2.154960408136365e-06 2.6941642112056956e-07 1.9019785811432357e-06
172 2.1513446509729597e-06 3.013214574268869e-07 1.847421686692037e-06
173 2.1676505017726117e-06 2.993486109123674e-07 1.8619217476694471e-06
174 2.11755020104125e-06 3.0600858733704614e-07 1.8198740911862287e-06
175 2.1029269765723607e-06 2.853343907439376e-07 1.8178711249990316e-06
176 2.148224011180144e-06 3.429773671841465e-07 1.7986596375408793e-06
177 2.136163559878382e-06 3.3247006798161197e-07 1.7975051281824205e-06
178 2.0658656071653436e-06 2.775079050726105e-07 1.786179807290918e-06
179 2.0905833467243367e-06 3.12154361815565e-07 1.7778470189852482e-06
180 2.096529813853776e-06 3.13462845080543e-07 1.7771518291093022e-06
181 2.0341100406863005e-06 2.772135049490383e-07 1.7505885343624479e-06
182 2.020705860397403e-06 2.9972087643022e-07 1.7190322672076597e-06
183 2.030547302765312e-06 2.891242616650245e-07 1.7330537814246296e-06
184 2.0492326700970763e-06 3.490776913945405e-07 1.7057621756463646e-06
185 2.0150781980938228e-06 3.478851222511145e-07 1.6700818111426027e-06
186 1.984463984935286e-06 2.947378017765588e-07 1.6769842679954e-06
187 2.0319420794951397e-06 3.549297133195348e-07 1.665317639684217e-06
188 1.9750532866775456e-06 3.213835538160857e-07 1.6518011286471745e-06
189 1.9545474920430682e-06 2.9726067101945656e-07 1.649170376593543e-06
190 1.931870672130616e-06 2.933471057304876e-07 1.6332917871356734e-06
191 1.8658395201487957e-06 2.604381239777129e-07 1.6178153996780114e-06
192 1.919612821961131e-06 3.131254763866307e-07 1.6093806768991892e-06
193 1.9782234178298455e-06 3.6525545116014433e-07 1.6154137633254155e-06
194 1.8331649798552642e-06 2.631127221000068e-07 1.575338620962364e-06
195 1.885966676991232e-06 3.058217046029021e-07 1.5840765702229674e-06
196 1.8168872904991692e-06 2.3071309033769628e-07 1.5845384238036055e-06
197 1.917769667511185e-06 3.286515533033006e-07 1.5881682243089223e-06
198 1.879034007295534e-06 3.2019395472721347e-07 1.5561586957724087e-06
199 1.8336523470432742e-06 2.758420417792628e-07 1.5542197322242478e-06
200 1.8724698240673146e-06 3.2562158158149875e-07 1.5422185403418048e-06
201 1.8452320145635107e-06 2.925544805399872e-07 1.5422717587492073e-06
202 1.8159084335638216e-06 2.892639590985439e-07 1.5274732036132073e-06
203 1.815123834063517e-06 3.0514888199993e-07 1.5077115933031957e-06
204 1.768556827036621e-06 2.506964778772572e-07 1.5252731547207336e-06
205 1.7935034123876573e-06 2.8404859940763604e-07 1.5127347093972017e-06
206 1.7540198657806527e-06 2.580184990255006e-07 1.4961327553219e-06
207 1.7966429139928929e-06 2.9958447228800153e-07 1.496834608001223e-06
208 1.769979921810968e-06 2.7286889013821013e-07 1.499020781556834e-06
209 1.7576048262770224e-06 2.8604900043541694e-07 1.4775850559368938e-06
210 1.734662020389683e-06 2.48067191159268e-07 1.4907979652516282e-06
211 1.7998539651190294e-06 3.2001843655715384e-07 1.484702353093133e-06
212 1.732457414059536e-06 2.5727956805693147e-07 1.4813031205171689e-06
213 1.722605962065709e-06 2.6470191536185284e-07 1.4582567848800205e-06
214 1.774657740629899e-06 3.176347023349692e-07 1.4624855660459974e-06
215 1.7190567363552028e-06 2.7686272929639457e-07 1.4482379449605592e-06
216 1.7330923830355595e-06 2.8518868711094583e-07 1.4528694203508221e-06
217 1.7005560767194638e-06 2.449271129794755e-07 1.4660179122503094e-06
218 1.782873398662502e-06 3.3614170328418773e-07 1.440921490884009e-06
219 1.7829472287983435e-06 3.193776958820919e-07 1.4652986341284118e-06
220 1.7726435794077462e-06 3.16689356746867e-07 1.4529226400075706e-06
221 1.7350371459685253e-06 2.844836836727033e-07 1.4440361895691362e-06
222 1.7957051293722753e-06 3.4050823745189555e-07 1.446480990462798e-06
223 1.715223383319425e-06 2.711545286437041e-07 1.4359778799273099e-06
224 1.7362549517905494e-06 2.7754718076169674e-07 1.4552264639008081e-06
225 1.7257862293474425e-06 2.8274777576162586e-07 1.4517596795586133e-06
226 1.6684948272798533e-06 2.390821216728319e-07 1.4298660720266278e-06
227 1.7029135556390478e-06 2.6445302532787336e-07 1.4451320249376685e-06
228 1.7339997177883685e-06 2.719296241022932e-07 1.4572667997579795e-06
229 1.696549218534532e-06 2.4525651097625265e-07 1.44889100041129e-06
230 1.7503634298536826e-06 3.0285506582107397e-07 1.4519251096637534e-06
231 1.7308537679497265e-06 2.624298165015671e-07 1.4641489195560238e-06
232 1.7279345344514647e-06 2.6659630458140824e-07 1.4555316515570303e-06
233 1.7309288132032587e-06 2.808573666581184e-07 1.4525883372664103e-06
234 1.719245189369434e-06 2.5785466081975813e-07 1.4607721083936201e-06
235 1.7462428881033622e-06 2.8027139951749467e-07 1.454868776857057e-06
236 1.6946066365189845e-06 2.320436877931655e-07 1.453053701655838e-06
237 1.7056633180144952e-06 2.461385592533843e-07 1.4588062523134288e-06
238 1.7633285065130597e-06 2.805959232403537e-07 1.477111524232619e-06
239 1.7083556421037438e-06 2.334680956752647e-07 1.4717409546697224e-06
240 1.6922888962759818e-06 2.1159024375758684e-07 1.4846070845731186e-06
241 1.6880258559674648e-06 2.2119622734108828e-07 1.465161642328725e-06
242 1.6875207108529153e-06 2.1312426214628886e-07 1.4785477460254215e-06
243 1.743555201740878e-06 2.6423046519164785e-07 1.4717841489929627e-06
244 1.7038777311373376e-06 2.1618109933627765e-07 1.4876644270481142e-06
245 1.713378712786376e-06 2.0834264671523268e-07 1.5044919908307611e-06
246 1.740628935428001e-06 2.500406201206844e-07 1.4896151804391494e-06
247 1.738555942847131e-06 2.2253220373450242e-07 1.513866360488437e-06
248 1.7487145286236967e-06 2.3262092679388226e-07 1.5145032349382873e-06
249 1.775528860426119e-06 2.499553602541718e-07 1.5252274428764805e-06
250 1.780346514969245e-06 2.547759623874104e-07 1.5234107543186514e-06
251 1.7837283613910017e-06 2.472486823894633e-07 1.5402696811253127e-06
252 1.7795024839494715e-06 2.397021808434075e-07 1.5388536823010335e-06
253 1.7968982606776843e-06 2.5234502019548435e-07 1.5408224077106918e-06
254 1.7900368649824436e-06 2.1595460866302598e-07 1.567836626746e-06
255 1.7735583102125075e-06 2.0831159126037061e-07 1.5671239555805898e-06
256 1.7723850822974416e-06 2.0205496575713472e-07 1.5756885995874259e-06
257 1.7833164800606044e-06 2.193727493562918e-07 1.5621903445806601e-06
258 1.8054262218166215e-06 2.1738745971382665e-07 1.5829726705923059e-06
259 1.8230393851784065e-06 2.403149525538891e-07 1.5779788817354649e-06
260 1.7923197391814475e-06 1.9898678947660358e-07 1.5966107829664036e-06
261 1.8120029786150554e-06 2.0079897404227577e-07 1.6094901310001697e-06
262 1.8121225893472008e-06 2.004624046498687e-07 1.6058015901899234e-06
263 1.7874015266677265e-06 1.7198461468003145e-07 1.6198818884117394e-06
264 1.8376674885252888e-06 1.9777082678533807e-07 1.6423948101022478e-06
265 1.8481616801232177e-06 2.0214966139110225e-07 1.6380394508553576e-06
266 1.848637357225003e-06 2.000020667896291e-07 1.6489126669645776e-06
267 1.8694782902905864e-06 2.2190606626594826e-07 1.6481298891605198e-06
268 1.8795317593307959e-06 1.998445414943233e-07 1.6792654056360838e-06
269 1.8616426961556308e-06 1.811721726961391e-07 1.6847061145150001e-06
270 1.8890632773301537e-06 2.1788701580045296e-07 1.6830174228019377e-06
271 1.856329127893508e-06 1.7676215376604157e-07 1.6801337782785647e-06
272 1.8891332282664724e-06 2.0737952941591608e-07 1.6840439458885672e-06
273 1.8903012330973032e-06 1.7049075145921813e-07 1.7228106876262142e-06
274 1.9434322310841557e-06 2.0858187650856963e-07 1.730834437837531e-06
275 1.9718733403353996e-06 2.2655076597689257e-07 1.7409850127638503e-06
276 1.9355319580133035e-06 1.9020571909799342e-07 1.7466925801774497e-06
277 1.9395924634523803e-06 1.6061114823037778e-07 1.776446188726796e-06
278 1.940423868270545e-06 1.677608362753027e-07 1.7731519196483245e-06
279 1.9459945848450762e-06 1.546990005203341e-07 1.7883337945331135e-06
280 1.992662223281888e-06 1.9180909337733096e-07 1.79448055981917e-06
281 1.9845612352645124e-06 1.8472903907986684e-07 1.7965912387845739e-06
282 1.9963723048385672e-06 1.746074612441266e-07 1.8230745588300936e-06
283 1.9979812291405373e-06 1.7748037011291954e-07 1.8236833203865152e-06
284 2.0650625585716044e-06 2.2806261739245314e-07 1.8353560470946072e-06
285 2.0554192457263393e-06 1.983150048703721e-07 1.8608230389497763e-06
286 2.040316169055278e-06 1.7843822118022787e-07 1.8645959731182244e-06
287 2.045114314502539e-06 1.782932632205936e-07 1.8656649347864985e-06
288 2.0641507944576613e-06 1.6829221133385034e-07 1.8929790243746338e-06
289 2.1211368185907706e-06 1.9496676139952065e-07 1.9216615023390326e-06
290 2.128689328360226e-06 2.0549771895370924e-07 1.9195841563804113e-06
291 2.1268062479045334e-06 1.823296177078756e-07 1.9374043058777118e-06
292 2.1424915955071224e-06 2.0585597372020485e-07 1.946020846606668e-06
293 2.138739660760757e-06 1.7129044692093022e-07 1.963466311355356e-06
294 2.1487318494491795e-06 1.5524955818257766e-07 1.9880738268512133e-06
295 2.1567492635008227e-06 1.6684011070329604e-07 1.9864725704451003e-06
296 2.171361590412322e-06 1.6210336144542148e-07 2.0114863454047594e-06
297 2.1839272966920622e-06 1.8265082734154374e-07 2.008160326553392e-06
298 2.1901719718072985e-06 1.6689350580337887e-07 2.02377036019762e-06
299 2.239774999999134e-06 1.8446157816087448e-07 2.0582713748238628e-06
300 2.2428180942191767e-06 1.6383914602912085e-07 2.0729772029812186e-06
301 2.2631038828785408e-06 1.8895977619248085e-07 2.0778753636881975e-06
302 2.268897066348086e-06 1.69965334822432e-07 2.09668067583529e-06
303 2.2819755046792632e-06 1.5601978250341706e-07 2.119000071247151e-06
304 2.3216930009553568e-06 1.8285084112028533e-07 2.132492231313457e-06
305 2.3028428355743458e-06 1.6480185538512285e-07 2.1316049965930543e-06
306 2.3100641510658862e-06 1.5852435480219485e-07 2.155388772815536e-06
307 2.33603257057873e-06 1.7433844351220082e-07 2.1619285420026482e-06
308 2.337532387486836e-06 1.5563259770050958e-07 2.1841203264100544e-06
309 2.3624510206391436e-06 1.5349225545936043e-07 2.210627097570746e-06
310 2.389078568814988e-06 1.5949776600886268e-07 2.229057501595135e-06
311 2.4247182857349912e-06 1.8474442504570847e-07 2.2381385061600053e-06
312 2.4087710865305967e-06 1.6242486648737362e-07 2.2522349798486526e-06
313 2.4117404100928128e-06 1.6064614759267716e-07 2.2548772106062074e-06
314 2.4222176025269316e-06 1.4464827444538737e-07 2.274278936716344e-06
315 2.4713981765073083e-06 1.5990264167198032e-07 2.313071526656017e-06
316 2.4932836745268263e-06 1.8285215760483408e-07 2.3143977558303377e-06
317 2.4635556412842472e-06 1.4048602725524747e-07 2.3250162052392445e-06
318 2.5241665489190444e-06 1.4609998196038396e-07 2.3794630367749458e-06
319 2.5161016228713276e-06 1.4637889358888624e-07 2.36976276724104e-06
320 2.5406514345608335e-06 1.448747367089456e-07 2.395847983341372e-06
321 2.5637793889697033e-06 1.33515406902646e-07 2.4310267627573423e-06
322 2.5759252937623046e-06 1.4933701944662994e-07 2.4289294671203172e-06
323 2.6105407232841154e-06 1.50803041712825e-07 2.46560831501867e-06
324 2.6301424412742215e-06 1.6163987380658776e-07 2.469556929246544e-06
325 2.6580958526861947e-06 1.4923917286476428e-07 2.504683440074205e-06
326 2.6329693712000654e-06 1.456443097469271e-07 2.491873675073523e-06
327 2.6461751707491177e-06 1.3331540425762532e-07 2.510030016849381e-06
328 2.6886118425736555e-06 1.5313751552112396e-07 2.535674317767429e-06
329 2.71954786600378e-06 1.3402399509312123e-07 2.584287330237394e-06
330 2.7215951921271687e-06 1.3695434628287135e-07 2.5803076706289395e-06
331 2.724824750431359e-06 1.2704666134689184e-07 2.597269715610948e-06
332 2.7486631579888124e-06 1.3980039199863311e-07 2.6176223693346986e-06
333 2.7693625442205972e-06 1.349238850236984e-07 2.6331046879963805e-06
334 2.8028984169967922e-06 1.3437459079129427e-07 2.667516255876719e-06
335 2.8300411304145107e-06 1.2914462740504417e-07 2.701201788130095e-06
336 2.855815181749493e-06 1.3707234477221066e-07 2.7212571239473285e-06
337 2.864559662556478e-06 1.2814912517011754e-07 2.7390164334609017e-06
338 2.9013642400960893e-06 1.2834490150694857e-07 2.771676005008002e-06
339 2.912033168080922e-06 1.3156229717186533e-07 2.7831889787133973e-06
340 2.9219496576732073e-06 1.2277555983712677e-07 2.7958217975338215e-06
341 2.9565264989409598e-06 1.370391390469153e-07 2.8212412508546496e-06
342 2.9757012025816474e-06 1.3260392149471996e-07 2.8497826664796534e-06
343 2.983791475855417e-06 1.3390116733153587e-07 2.853228455080146e-06
344 3.021271248031965e-06 1.3952136114447058e-07 2.888184442527344e-06
345 3.037357223357301e-06 1.361586869861792e-07 2.9063772056967545e-06
346 3.067161152247052e-06 1.4727785646672723e-07 2.9168914617820327e-06
347 3.086726305991128e-06 1.1325231993653988e-07 2.975108936775444e-06
348 3.1417654987975884e-06 1.4477754844453946e-07 3.0020666165202722e-06
349 3.158553509322588e-06 1.421589355022668e-07 3.0148247242846266e-06
350 3.1618581627019377e-06 1.2907408761582348e-07 3.0278222724702023e-06
351 3.1975214080069178e-06 1.2434367445380936e-07 3.0647350093840836e-06
352 3.1971042314384904e-06 1.2756815897248415e-07 3.066737583449054e-06
353 3.2066803788939797e-06 1.385939688810103e-07 3.06871323162402e-06
354 3.260377330974576e-06 1.3205773232740072e-07 3.128082339119746e-06
355 3.283106137208922e-06 1.1962692015720968e-07 3.1674812432356556e-06
356 3.300212773946978e-06 1.1710020075579368e-07 3.182747481736644e-06
357 3.3297923889486407e-06 1.063390204009362e-07 3.2239166681226106e-06
358 3.356562047254358e-06 1.1383478174792162e-07 3.2390097067459168e-06
359 3.348010938263856e-06 1.1749537123950411e-07 3.228018448949267e-06
360 3.4261028005913485e-06 1.3252447890268366e-07 3.2901120426256235e-06
361 3.421274507324331e-06 1.2957280642931815e-07 3.29034666767942e-06
362 3.4820422496181703e-06 1.334653894166627e-07 3.3531274389991325e-06
363 3.4854012271564343e-06 1.1633020559619511e-07 3.373997581180449e-06
364 3.505054368435489e-06 1.1568479446616883e-07 3.3891459329208464e-06
365 3.529512803103665e-06 1.0872286526540422e-07 3.4211344085137103e-06
366 3.572510775895771e-06 1.2829869814475986e-07 3.443996192351581e-06
367 3.577773743373839e-06 1.147487575121385e-07 3.4673087541733623e-06
368 3.630464861456469e-06 1.2889720283799583e-07 3.5072227752187706e-06
369 3.674603280861528e-06 1.244972275261918e-07 3.5499777822772707e-06
370 3.690616613211603e-06 1.2430337157836047e-07 3.5602360278147916e-06
371 3.6808216848674793e-06 1.1369739497001025e-07 3.566007382981905e-06
372 3.7249219633244173e-06 1.1382677212798858e-07 3.611404353398412e-06
373 3.770675762872845e-06 1.0245316069812873e-07 3.667567820193846e-06
374 3.78999379367897e-06 1.0812449436896145e-07 3.6824133891148177e-06
375 3.822593323852046e-06 9.849426448896435e-08 3.7261590695981332e-06
376 3.8706919818123856e-06 1.107512936151267e-07 3.7619700714097705e-06
377 3.8698241828715084e-06 9.916891645169074e-08 3.775622111000097e-06
378 3.920137672203578e-06 1.2281065493249308e-07 3.796137837400327e-06
379 3.917995383665386e-06 9.693311780181984e-08 3.825504205442003e-06
380 4.000909732925915e-06 1.0672135533784354e-07 3.890177072776438e-06
381 4.053401684524234e-06 1.1005516653627286e-07 3.942272589799546e-06
382 4.024514223309627e-06 1.109446970555261e-07 3.914098636015294e-06
383 4.0707769936467765e-06 9.758775355193187e-08 3.975010656611197e-06
384 4.104595354189446e-06 1.0126616659485836e-07 4.000911147866151e-06
385 4.115162027253704e-06 9.452412121384863e-08 4.021589491371669e-06
386 4.211411087036865e-06 1.1208407206776275e-07 4.096261699575298e-06
387 4.182951287793755e-06 1.0276605243857557e-07 4.081135842803168e-06
388 4.2609663442422085e-06 9.551988314170406e-08 4.168817496225122e-06
389 4.2685899267695576e-06 1.0364599878117277e-07 4.175469466173916e-06
390 4.287981742680789e-06 9.177149336408684e-08 4.197002842762946e-06
391 4.3317990534344055e-06 1.0659863857539313e-07 4.225289204732046e-06
392 4.378930790311742e-06 9.565588960972848e-08 4.287339565311815e-06
393 4.392207357001747e-06 8.968739334196039e-08 4.302026516085311e-06
394 4.437943606409437e-06 1.0882691041885342e-07 4.331046475902147e-06
395 4.5069653964371525e-06 8.680113838435176e-08 4.421745598849523e-06
396 4.528768352803876e-06 1.0982580053375654e-07 4.411145899756199e-06
397 4.583329727567201e-06 9.754099325837132e-08 4.479585790448651e-06
398 4.641463886352476e-06 1.0558580457447256e-07 4.53106628899945e-06
399 4.663702434052714e-06 9.13117069300144e-08 4.57774857449286e-06
400 4.70356888649991e-06 1.1333306571272875e-07 4.5931482754407544e-06
401 4.733224633242566e-06 1.0096130059533919e-07 4.631843973875887e-06
402 4.742260819712684e-06 9.208668762900616e-08 4.6527909524949205e-06
403 4.796153867220565e-06 9.606137915065562e-08 4.701707027158477e-06
404 4.834061980975776e-06 9.508405800129783e-08 4.735958787219808e-06
405 4.859187144643482e-06 9.224531819413068e-08 4.772656522088751e-06
406 4.986893719441818e-06 9.904956163175543e-08 4.883372379996865e-06
407 5.005303292330346e-06 1.0060269112837268e-07 4.905384790546539e-06
408 5.101022783871184e-06 1.0598611302407563e-07 4.991860624928201e-06
409 5.009051664546775e-06 8.361880720789643e-08 4.928846347385072e-06
410 5.092463412884228e-06 1.0015344013615396e-07 4.991475748247951e-06
411 5.1740375228361285e-06 1.0402021157185812e-07 5.0699117500013375e-06
412 5.161663321327823e-06 9.090044373906792e-08 5.071023577314898e-06
413 5.217548004846265e-06 8.503756306713767e-08 5.136616647966126e-06
414 5.240465312699067e-06 9.591403981740977e-08 5.1435192180967625e-06
415 5.350519120257343e-06 1.0745058362512932e-07 5.240744253138418e-06
416 5.336275213241982e-06 9.307862833875637e-08 5.237407497327416e-06
417 5.435055536193553e-06 8.890084255111197e-08 5.35031045997916e-06
418 5.505087417909713e-06 1.0334872336485864e-07 5.40406305433334e-06
419 5.515857665547701e-06 9.130770394561904e-08 5.427513240582412e-06
420 5.568404966382227e-06 9.331631729729524e-08 5.473623122782987e-06
421 5.642601268306248e-06 8.176389523844222e-08 5.55844314354084e-06
422 5.691965336965286e-06 8.992918032737666e-08 5.607183273243795e-06
423 5.7776774976412935e-06 8.945103235968098e-08 5.6904976761666305e-06
424 5.764229721745496e-06 1.0411934244684848e-07 5.666164058377977e-06
425 5.822042366302036e-06 9.210735320162009e-08 5.733893590431917e-06
426 5.903138988003628e-06 9.375862444144891e-08 5.803433276431829e-06
427 5.9282343609577685e-06 9.724713791277825e-08 5.830252174036912e-06
428 6.002466918031067e-06 9.155718572339246e-08 5.90668172299559e-06
429 6.047887799119045e-06 8.862357439426953e-08 5.963971900821015e-06
430 6.127211846546299e-06 8.887612726225232e-08 6.0332892950918795e-06
431 6.198565318082168e-06 8.265385148680909e-08 6.113050539768587e-06
432 6.246505056231457e-06 9.359031198992969e-08 6.151692808489093e-06
433 6.246698403955759e-06 9.455494790376968e-08 6.162271102709305e-06
434 6.31794176368143e-06 8.315144486679314e-08 6.236648304647124e-06
435 6.403089187942051e-06 9.096470759638185e-08 6.320039432557778e-06
436 6.463359817676999e-06 8.440539202916091e-08 6.374402459398855e-06
437 6.5122967178635045e-06 8.02925973675262e-08 6.438157598110357e-06
438 6.541541257136884e-06 8.911911380084832e-08 6.452326111898652e-06
439 6.633735647991116e-06 8.359097454451849e-08 6.550430627311015e-06
440 6.698525330685432e-06 8.418094586295816e-08 6.612797949394454e-06
441 6.737097846422527e-06 8.630504194496929e-08 6.6527651041210754e-06
442 6.82866165800622e-06 8.649224900912668e-08 6.744940919020692e-06
443 6.91954180262499e-06 8.34096025447461e-08 6.832076433658869e-06
444 6.960587411987915e-06 8.9439657450808e-08 6.869638305649626e-06
445 7.041158607026882e-06 8.653536836347903e-08 6.956548499839568e-06
446 7.114297238705583e-06 8.31694536431473e-08 7.027811798812754e-06
447 7.173194875802761e-06 8.400707862413726e-08 7.087923058819838e-06
448 7.2360279049464994e-06 8.541463166451941e-08 7.1484584325506115e-06
449 7.345627589159252e-06 8.943518447331431e-08 7.2629783994343355e-06
450 7.4597567637633665e-06 8.905010444977573e-08 7.3609603801802505e-06
451 7.509063026829081e-06 8.257085127597294e-08 7.425133149819533e-06
452 7.54107374373013e-06 8.385329090950602e-08 7.451014745795282e-06
453 7.619210718997213e-06 8.704915664450496e-08 7.538973866271986e-06
454 7.689875293762323e-06 8.980263309244145e-08 7.5992397794148196e-06
455 7.753116463673446e-06 8.118649703422832e-08 7.677921719029342e-06
456 7.816630332575133e-06 8.579309790191089e-08 7.727861784249057e-06
457 8.011643303219356e-06 7.608697322237179e-08 7.935079932158593e-06
458 7.968801089437118e-06 7.533394819883214e-08 7.89447791539502e-06
459 8.14325630983888e-06 8.436724690406572e-08 8.05659206009315e-06
460 8.152218753015804e-06 7.835514953751096e-08 8.077155518188975e-06
461 8.31895811875154e-06 8.272557898136426e-08 8.23959159607637e-06
462 8.34964355846671e-06 8.603438217422986e-08 8.261699122441707e-06
463 8.417778628851178e-06 8.801390868483015e-08 8.320900747423152e-06
464 8.481770939177721e-06 8.292849324815665e-08 8.402712726020197e-06
465 8.575730857223731e-06 8.571978419109292e-08 8.489639139656105e-06
466 8.689762922388998e-06 8.331217126285221e-08 8.605255739313403e-06
467 8.748028374451026e-06 7.950225660305353e-08 8.672999053707088e-06
468 8.873245550591185e-06 7.886527552047745e-08 8.794293425098786e-06
469 9.041311917530205e-06 7.486068727119147e-08 8.965220436146788e-06
470 9.049834405887315e-06 8.490582276206143e-08 8.969117727968226e-06
471 9.173947675165963e-06 8.56391760311449e-08 9.086979986468952e-06
472 9.232093965235448e-06 7.762822668102787e-08 9.155249166601227e-06
473 9.335646592483506e-06 7.654868922692708e-08 9.25585408503171e-06
474 9.499975607679118e-06 8.003554095505858e-08 9.417340612655639e-06
475 9.525489583127805e-06 8.39421666484698e-08 9.443419976958847e-06
476 9.640391606072967e-06 7.956346467389605e-08 9.565040023178396e-06
477 9.787276494120898e-06 7.97902502945303e-08 9.702501216321109e-06
478 9.810295735580384e-06 7.692045590563851e-08 9.72532171850485e-06
479 9.88656211790547e-06 7.484712467329104e-08 9.81349147355781e-06
480 1.0100002668721243e-05 8.240372083844496e-08 1.0027587031464712e-05
481 1.0221967908426267e-05 8.665407980218222e-08 1.0139992739578315e-05
482 1.026814112623065e-05 8.111240104156334e-08 1.0191141691527329e-05
483 1.0390152665357043e-05 8.412431705638922e-08 1.0309137674296507e-05
484 1.0567239909778955e-05 7.307085174750598e-08 1.0498314467640831e-05
485 1.0592208047535279e-05 8.57389852422177e-08 1.0508866522051947e-05
486 1.0696978770239577e-05 7.687135729359195e-08 1.0619416779264932e-05
487 1.084525267141184e-05 7.907924966945308e-08 1.07664447589562e-05
488 1.0924690547078464e-05 7.796430280769203e-08 1.0853373763855965e-05
489 1.1019191352708822e-05 8.045612006063748e-08 1.0938660364450999e-05
490 1.1128547239444283e-05 7.231783464156751e-08 1.105962095065535e-05
491 1.1403870620652215e-05 8.516893515452233e-08 1.131581216108096e-05
492 1.1419914265117462e-05 7.463928325408059e-08 1.134433983182427e-05
493 1.1557755009630956e-05 8.113844829536991e-08 1.1477246373399308e-05
494 1.1699390339015226e-05 6.897369766916367e-08 1.1628112526688577e-05
495 1.186143496593205e-05 9.044076698556882e-08 1.1763230444951142e-05
496 1.1883107200608189e-05 7.526414346385269e-08 1.1809255282935124e-05
497 1.2132262577521048e-05 8.572458162299667e-08 1.2052713138311805e-05
498 1.2236642353260934e-05 7.157926399292285e-08 1.2154824981991308e-05
499 1.2247708548423354e-05 8.236643941325962e-08 1.2166661363312052e-05
500 1.2426152532612042e-05 7.412059721754335e-08 1.2361345624390567e-05
501 1.2573047451467682e-05 8.02851109619228e-08 1.2486839802125145e-05
502 1.2780414756227328e-05 8.062202347780173e-08 1.2699139195198894e-05
503 1.2983344074565512e-05 8.466758527964645e-08 1.2908273569023282e-05
504 1.2970772025324208e-05 7.886410845465021e-08 1.2879893938280357e-05
505 1.315374817444206e-05 9.269808882052172e-08 1.3059968739166286e-05
506 1.3466396708937435e-05 8.200294790217313e-08 1.3382942146452117e-05
507 1.3548499737863075e-05 8.360397279378902e-08 1.346707429630882e-05
508 1.3698998459619432e-05 8.229051822625714e-08 1.3619321648692482e-05
509 1.377813054630741e-05 7.390415758616194e-08 1.3701148870531384e-05
510 1.4026120630324768e-05 8.415318704898383e-08 1.3936195792115878e-05
511 1.4152066751301829e-05 7.903492393843311e-08 1.4063352494539094e-05
512 1.4287717669331966e-05 7.696557321851583e-08 1.4205904978973809e-05
513 1.4490630403408638e-05 8.358723272484541e-08 1.4411230743627054e-05
514 1.4705956186547647e-05 7.150630776501706e-08 1.4636326532031818e-05
515 1.4785043904258528e-05 8.450400081061323e-08 1.470482011288672e-05
516 1.49582392030221e-05 7.225851595939627e-08 1.4882941281771644e-05
517 1.5146214571101191e-05 8.160333811507788e-08 1.5068989205738058e-05
518 1.5254346372059445e-05 8.382068488257127e-08 1.5179332821150405e-05
519 1.5450868936884106e-05 7.739118073449963e-08 1.5368068972338125e-05
520 1.5672945041309716e-05 7.985478787926406e-08 1.5596651050874786e-05
521 1.5990220298825478e-05 7.625782058078687e-08 1.5909872564717095e-05
522 1.6048732076468852e-05 7.630210561034895e-08 1.5968477864414546e-05
523 1.603564719719862e-05 8.038236514155179e-08 1.5962314442997323e-05
524 1.635297185190428e-05 7.431150267726568e-08 1.6288796323437113e-05
525 1.6667865924808767e-05 8.615179769172803e-08 1.6575486131764946e-05
526 1.678490977629209e-05 7.631309035289895e-08 1.669960023611794e-05
527 1.694636126526927e-05 7.741747709700121e-08 1.6866531606667985e-05
528 1.707587557126816e-05 8.320872654833574e-08 1.699402104822365e-05
529 1.729372183228161e-05 8.223951682740772e-08 1.722435468430663e-05
530 1.7557331058851473e-05 8.20387562416558e-08 1.7477705899770527e-05
531 1.77178737153682e-05 8.355760286253304e-08 1.7626631476163295e-05
532 1.8031626071463776e-05 7.596988915536839e-08 1.796850888446388e-05
533 1.8212861554904833e-05 7.506840521094196e-08 1.8144116694212173e-05
534 1.844207978265824e-05 8.074529471097723e-08 1.837386685364683e-05
535 1.8722557741096503e-05 8.555326448101793e-08 1.8637771819282752e-05
536 1.8747691268788825e-05 8.403652522578509e-08 1.8661691807633213e-05
537 1.907211541730296e-05 9.05058693226075e-08 1.8980371658405784e-05
538 1.9383695825403068e-05 7.643834232772751e-08 1.9308025002717174e-05
539 1.9540102516413662e-05 8.014943485615803e-08 1.9466858759628075e-05
540 1.968127953647096e-05 7.535137327845721e-08 1.9601831758749713e-05
541 2.0038940189166565e-05 8.856956761165252e-08 1.9940641547979758e-05
542 2.026650586221595e-05 8.547570249705366e-08 2.0183851643048905e-05
543 2.045253970065887e-05 8.570339618798151e-08 2.0371589457143227e-05
544 2.0710356802415633e-05 8.184643215542252e-08 2.0620299912081178e-05
545 2.0972434309955375e-05 8.990418725577504e-08 2.087170419258659e-05
546 2.1214046108800172e-05 8.637051710612997e-08 2.1116350104535633e-05
547 2.1378219829242243e-05 9.743697208726651e-08 2.1298039640178498e-05
548 2.1766989014191952e-05 8.569480116492962e-08 2.1685546508285647e-05
549 2.2083117177456586e-05 7.554851945266678e-08 2.2013979157503106e-05
550 2.2155235854059916e-05 8.429923758790638e-08 2.2080903952878417e-05
551 2.254280450030685e-05 8.048645773070975e-08 2.246683659315206e-05
552 2.2918363017275443e-05 7.961732458936276e-08 2.2846930661750994e-05
553 2.308899007690747e-05 8.917058534141969e-08 2.3002726672321706e-05
554 2.330313454247644e-05 7.75276328968952e-08 2.3218624076976966e-05
555 2.3600343458859363e-05 9.65933601097346e-08 2.3504290138141496e-05
556 2.3985969378368644e-05 8.332239375283022e-08 2.390628599623539e-05
557 2.4180683299963986e-05 8.901116155997442e-08 2.4092345329403516e-05
558 2.453738465495796e-05 8.336156161295182e-08 2.4454891702948124e-05
559 2.4835741395796083e-05 8.794321732755057e-08 2.474383160935053e-05
560 2.5126702473248055e-05 8.800710055475993e-08 2.5038934664564955e-05
561 2.5376274568829467e-05 9.338102162260452e-08 2.528136861704083e-05
562 2.5714489751540583e-05 8.775100579370531e-08 2.563679008208942e-05
563 2.597829081506479e-05 8.690616994774979e-08 2.589753499122324e-05
564 2.6293100914983025e-05 9.43950698668962e-08 2.6191993897131026e-05
565 2.675049869328736e-05 8.33208909604063e-08 2.665961589749833e-05
566 2.7049922163127517e-05 9.530111543155887e-08 2.6944261061386587e-05
567 2.7372745916749088e-05 8.35467125267849e-08 2.7289321387370404e-05
568 2.7598027894719736e-05 9.441415807023456e-08 2.7502067817954057e-05
569 2.794981870807508e-05 8.604497121331573e-08 2.7870035883390507e-05
570 2.831206990763781e-05 8.859533379134163e-08 2.8218033393776906e-05
571 2.869927982610156e-05 9.613258050298663e-08 2.8604005047832238e-05
572 2.9057207949337288e-05 9.106062732298554e-08 2.8965406494969302e-05
573 2.9557692442768118e-05 8.368884386400273e-08 2.947311262110782e-05
574 2.982813039273228e-05 8.973621771408505e-08 2.973407864176293e-05
575 3.0033375015247634e-05 9.658561470346913e-08 2.9927813398480982e-05
576 3.0533487622910136e-05 9.365547635230216e-08 3.0434938861523268e-05
577 3.0888024119185103e-05 9.781004964695523e-08 3.078158756481367e-05
578 3.132692349049507e-05 9.789769784025827e-08 3.123215088165763e-05
579 3.1668885140679416e-05 1.0113290228144287e-07 3.1572524780989757e-05
580 3.1939268277219505e-05 9.976315603093241e-08 3.183724270259941e-05
581 3.261800518243299e-05 9.457681097519292e-08 3.2524031374480246e-05
582 3.2697167458853617e-05 9.996144196552344e-08 3.260281126835278e-05
583 3.339103591238412e-05 1.0996104771399414e-07 3.328715663879777e-05
584 3.391845628244596e-05 9.984797431016383e-08 3.380825319353234e-05
585 3.4088347259701046e-05 1.0624482141944409e-07 3.3972318233684026e-05
586 3.441476750191394e-05 1.1146027594560183e-07 3.432245562691653e-05
587 3.5160659010234386e-05 1.096742007937227e-07 3.505340889289131e-05
588 3.538194355956478e-05 1.0884100758521946e-07 3.5279511930625263e-05
589 3.593803689135161e-05 1.1178792908315905e-07 3.5808067134481195e-05
590 3.637720044490889e-05 1.1555393541660944e-07 3.626405655552406e-05
591 3.673638201211572e-05 1.0668597275813234e-07 3.6629438436663485e-05
592 3.725605534079834e-05 1.1593247599386044e-07 3.71154358166769e-05
593 3.773787763230725e-05 1.1079458757062448e-07 3.764792502269851e-05
594 3.8509883336160464e-05 1.1833207907777265e-07 3.837516630233759e-05
595 3.896774918105147e-05 1.081434592984224e-07 3.8855748302836165e-05
596 3.925311188988036e-05 1.2098705336585426e-07 3.914558800992448e-05
597 3.97149866996548e-05 1.2860001512125814e-07 3.960362503087057e-05
598 4.01807797572191e-05 1.3201138390526693e-07 4.0059733780648416e-05
599 4.0558831512242206e-05 1.262060291998551e-07 4.0400563065589745e-05
600 4.110939069014425e-05 1.281923450975737e-07 4.098804371136859e-05
601 4.174561097518227e-05 1.379176745972445e-07 4.1599915448971334e-05
602 4.2380673917283405e-05 1.2875717588435623e-07 4.2239673638545594e-05
603 4.2733738190064975e-05 1.2830408251243107e-07 4.2613761342813446e-05
604 4.340428581394401e-05 1.2550807348680338e-07 4.328343539733625e-05
605 4.3837233291926895e-05 1.3594746410867754e-07 4.3707581862486e-05
606 4.45364494878279e-05 1.3604084476027717e-07 4.440062113892008e-05
607 4.501233461891232e-05 1.4428134512669382e-07 4.486419349357762e-05
608 4.545578996343725e-05 1.326825018247051e-07 4.533208339542719e-05
609 4.6176703277485875e-05 1.581430774798413e-07 4.602381280386945e-05
610 4.687506808556596e-05 1.4034151404053978e-07 4.674202904053748e-05
611 4.721068473491904e-05 1.5844013328707592e-07 4.703129916961367e-05
612 4.829455621255574e-05 1.6508657565648984e-07 4.8142216999921776e-05
613 4.8675401222710435e-05 1.5487029901765818e-07 4.850867050254857e-05
614 4.927838485636869e-05 1.537438479447854e-07 4.9105538224820694e-05
615 5.0150806996936594e-05 1.515438821358422e-07 4.9979623626907795e-05
616 5.048768611671325e-05 1.6592051535205438e-07 5.033229594026328e-05
617 5.123631522656659e-05 1.6439645181479906e-07 5.1075758078572194e-05
618 5.177962058966259e-05 1.6560284587719227e-07 5.1618112206555184e-05
619 5.2847468229860785e-05 1.8729834497430274e-07 5.265960677591814e-05
620 5.3074382671641276e-05 1.7025091181808062e-07 5.28998343316931e-05
621 5.3679928291414175e-05 1.9035996891686116e-07 5.35003013508498e-05
622 5.4707844363914924e-05 1.6655917116614164e-07 5.452163470743067e-05
623 5.520018416395943e-05 1.9840527659633608e-07 5.504013456058873e-05
624 5.5879724569150235e-05 1.8564386078824104e-07 5.5705628882609396e-05
625 5.6823648985236226e-05 1.973356638383553e-07 5.661458426151362e-05
626 5.745705802022562e-05 1.8186533226765225e-07 5.725566587910008e-05
627 5.811694771922311e-05 1.9928900842213825e-07 5.7920295300843024e-05
628 5.894190202493814e-05 2.0615889909723509e-07 5.872198406582459e-05
629 5.943131317119183e-05 1.8353058087065933e-07 5.92601387609131e-05
630 6.0566980158100106e-05 2.0723605046541622e-07 6.0361449445401564e-05
631 6.151431632285321e-05 2.212710017804671e-07 6.127008743562286e-05
632 6.254177209144684e-05 2.2249658966109919e-07 6.232324561918934e-05
633 6.301592013715659e-05 2.326753581010822e-07 6.279055832292371e-05
634 6.341772531997867e-05 2.1497616094005633e-07 6.321074917929588e-05
635 6.463919205269409e-05 2.415249655813509e-07 6.443647228059438e-05
636 6.521410960875163e-05 2.4878714908466695e-07 6.496235228202634e-05
637 6.60513970995961e-05 2.5022199672178114e-07 6.578899621838565e-05
638 6.709771631826539e-05 2.2660726304635606e-07 6.687278021703943e-05
639 6.826703988379489e-05 2.592817610112778e-07 6.800285148242769e-05
640 6.909273748166755e-05 2.4141205502872864e-07 6.886035320450276e-05
641 6.979324096371663e-05 2.617375008409817e-07 6.953553466074625e-05
642 7.107346532489997e-05 2.644119945269313e-07 7.079838047894209e-05
643 7.192209055574793e-05 2.7537705495213886e-07 7.163648040164993e-05
644 7.291051396227052e-05 2.723914160751628e-07 7.271321826316279e-05
645 7.362159694520452e-05 2.8626747516213993e-07 7.333456108625294e-05
646 7.438259192874047e-05 2.806430974764043e-07 7.408183889599967e-05
647 7.559079873418205e-05 2.660853300346174e-07 7.533137519612422e-05
648 7.657514848752606e-05 2.879504489775841e-07 7.630950961608096e-05
649 7.742024587522772e-05 3.120153339504102e-07 7.714022953226537e-05
650 7.911606996228346e-05 3.1087256779696215e-07 7.878835765784422e-05
651 7.984022406403579e-05 3.204011686031307e-07 7.945864257703386e-05
652 8.124836241987504e-05 3.2391648312543404e-07 8.088937495371759e-05
653 8.215160030342097e-05 3.6713634506096e-07 8.179921407795765e-05
654 8.235211961491986e-05 3.40324580474246e-07 8.200817884850365e-05
655 8.438802156307068e-05 3.31517641021136e-07 8.407150779447684e-05
656 8.534163599411762e-05 3.000446047889165e-07 8.505391978134087e-05
657 8.635662158571119e-05 3.5406868075966306e-07 8.597851058630041e-05
658 8.761886973146678e-05 3.2761302193166425e-07 8.730445921671685e-05
659 8.86171285605464e-05 3.542996573234432e-07 8.827048048239974e-05
660 9.034570315329778e-05 3.802744397289008e-07 8.992575154380083e-05
661 9.100039966100727e-05 3.9085699159173106e-07 9.063481914077729e-05
662 9.211474583468082e-05 4.066165897113791e-07 9.172316690690869e-05
663 9.397074297367038e-05 4.036530219219614e-07 9.35210997303458e-05
664 9.47843960279064e-05 4.03052992550323e-07 9.437493177563532e-05
665 9.628718660499977e-05 4.4695788076799653e-07 9.583230279115668e-05
666 9.688079981692204e-05 4.290177799979032e-07 9.647322095285983e-05
667 9.833786806202838e-05 4.370945218542402e-07 9.785327691949149e-05
668 0.000100282038332961 4.310495527168468e-07 9.990056118733556e-05
669 0.00010183609939981041 4.285259290386534e-07 0.00010137077654519901
670 0.00010209547266388196 4.4605140844345e-07 0.00010162016729620721
671 0.00010455643712127595 5.129399049101557e-07 0.00010405744019450292
672 0.00010593130173547077 4.6376476568540386e-07 0.00010548037079526683
673 0.00010765356685086222 5.016174529034949e-07 0.00010713345023335856
674 0.00010834573404378931 4.7493434843375655e-07 0.00010790554686700512
675 0.0001098244051151266 5.032550783714226e-07 0.00010931877358958212
676 0.00011133904192194028 5.458488976282392e-07 0.00011074036382043564
677 0.00011348236096354694 5.250168442634972e-07 0.00011296046632538326
678 0.00011440831382651877 5.745050422573482e-07 0.00011388855819275727
679 0.00011652964125446235 6.121076165619383e-07 0.00011590492570376745
680 0.00011829980292611158 5.756986831102605e-07 0.0001177946391984317
681 0.00012028035192290891 6.001110609130005e-07 0.00011973216254422608
682 0.00012146000731408948 6.306305044799039e-07 0.00012084969677007749
683 0.00012284109632929908 5.78128150930179e-07 0.00012222055938618365
684 0.0001238293235347672 6.761699945430685e-07 0.00012318748843763932
685 0.00012591131385641388 6.758806983158714e-07 0.00012521456455403832
686 0.00012799299227475735 6.612919271796889e-07 0.00012731853022135666
687 0.00012926284332561794 7.27568076157734e-07 0.00012849947604923163
688 0.00013123499256747757 7.021842725382936e-07 0.00013055268063869076
689 0.00013348892713620496 7.314469120230494e-07 0.00013271163843123484
690 0.00013469358314578407 7.016684815033255e-07 0.00013403003820507424
691 0.00013685260233358158 7.78831929461084e-07 0.00013603706149239994
692 0.00013834655057526148 7.934644999305089e-07 0.00013752046010665262
693 0.00014128624641430394 8.198422552761891e-07 0.00014048247294260976
694 0.00014312623921533668 8.39072993887534e-07 0.00014233151820098613
695 0.0001447313682856912 9.015466215389781e-07 0.00014386617033074434
696 0.00014679555547265758 8.738003572213638e-07 0.00014599127927785683
697 0.00014847212255589403 8.463141417278073e-07 0.00014756185730888512
698 0.00015092835920350203 8.578247035918516e-07 0.00015011616556117225
699 0.00015234926343615698 9.519060106043238e-07 0.00015137405641856016
700 0.00015495999404126725 8.911142128660755e-07 0.00015407492588964485
701 0.00015762762870267822 9.359095153922378e-07 0.00015673361201843668
702 0.0001585883292401273 1.0137678677833506e-06 0.00015758980646108568
703 0.0001617192299204105 1.0178618885944154e-06 0.0001606911270674548
704 0.00016226102151796327 1.105808055671491e-06 0.000161171288082437
705 0.00016572808671676812 1.0923452261778283e-06 0.00016456338643323917
706 0.0001690361628938572 9.831641680618294e-07 0.00016803590720451442
707 0.00017079477976103611 1.0540681055805805e-06 0.00016977425612695762
708 0.00017253423309419524 1.1654965590079096e-06 0.00017134764754254655
709 0.0001753822497164037 1.1564871728110708e-06 0.00017423197948462674
710 0.00017777878335891573 1.1816945818755729e-06 0.00017659305324380515
711 0.00018052329506191797 1.186427880673139e-06 0.00017921381457780596
712 0.0001828552786851917 1.2667056594873726e-06 0.0001815804766658178
713 0.00018593018530316794 1.2453208108033928e-06 0.000184658133990341
714 0.00018739888774135083 1.2357169188858845e-06 0.0001861855822154983
715 0.00018979700101435596 1.1587602513528305e-06 0.0001886316309230146
716 0.00019276943385789197 1.2877325007840306e-06 0.00019144659668802598
717 0.00019628404419883602 1.3681537781765061e-06 0.00019482173001520968
718 0.00019855642848112576 1.3258162639510536e-06 0.00019715069165098626
719 0.00020074638390260433 1.3921515273468448e-06 0.00019931933545252518
720 0.00020341185944032164 1.3952987451715828e-06 0.0002019957204354008
721 0.00020663877370324682 1.5842143100618559e-06 0.000204998701753062
722 0.00020893998886561477 1.4965031812633574e-06 0.00020754105580838983
723 0.00021296724847734232 1.6121370952349275e-06 0.00021129670829881872
724 0.00021545487660238808 1.72339251880468e-06 0.00021357560418656444
725 0.00021905082907789362 1.8213904728849872e-06 0.00021716430126915778
726 0.00022292172912909047 1.7231271033139354e-06 0.0002212204265188768
727 0.00022570058090718315 1.9437955723789184e-06 0.00022360991999493293
728 0.00023006708872060812 1.8892816490570814e-06 0.00022815143288570312
729 0.00023125571779686167 1.9114684654837753e-06 0.00022938947570521438
730 0.00023466358512172006 1.941350841155315e-06 0.0002326269946858784
731 0.0002386492384418973 2.0771825582114654e-06 0.00023667127547213304
732 0.00024213567100710428 2.147839947093439e-06 0.00024010965445133168
733 0.0002435896340720683 2.05952819546364e-06 0.00024144484162326734
734 0.0002481768517827053 2.1454706717415753e-06 0.00024606240786420667
735 0.0002524427715980025 1.9646046791667117e-06 0.0002505136913829238
736 0.00025555001032124354 2.3823638915409786e-06 0.0002531379766052191
737 0.000259392924328054 2.405448248816155e-06 0.00025693382356454337
738 0.0002635391951835035 2.4307448310803444e-06 0.0002609687615193781
739 0.0002662531059217616 2.5345043878963065e-06 0.0002635759466484906
740 0.0002708433179775858 2.7068967796450712e-06 0.00026814358844290555
741 0.000273887005173147 2.59718868897823e-06 0.00027108202834518695
742 0.00027797961840328824 2.628192162165927e-06 0.0002755422627880035
743 0.0002802070564680946 2.685226319010777e-06 0.00027772402484075974
744 0.000286519834898423 2.856439404348589e-06 0.0002835552808300127
745 0.00029028864349726587 3.1605880149483726e-06 0.0002871929432413182
746 0.0002936499987583598 3.0442228759422446e-06 0.0002905011433113277
747 0.0002984432940707231 3.249069463161728e-06 0.00029504807479791673
748 0.00030239781597249117 3.1007264292009724e-06 0.0002994404905289796
749 0.00030706968495262303 3.180987093834988e-06 0.00030419233204946996
750 0.00030982940688123527 3.36106047108036e-06 0.0003064679855933198
751 0.0003147749667314226 3.1510323681895356e-06 0.00031177220655224344
752 0.00031861719599987653 3.319661315557178e-06 0.0003153607937057682
753 0.0003252217371648667 3.361990297199047e-06 0.0003219453047872379
754 0.000331345195364121 3.996198274085742e-06 0.0003272687999746169
755 0.000333393724256284 3.387487095809581e-06 0.0003303028432109749
756 0.00033808070222307254 3.940252765967215e-06 0.0003340649989785925
757 0.00034447381320911916 3.7790411634859886e-06 0.00034047121611711006
758 0.00034797434710478364 4.137136238349486e-06 0.0003441419947295371
759 0.0003519333762501986 3.979419263147086e-06 0.0003476910680109608
760 0.0003594878616021544 4.004954289600635e-06 0.0003554984170301353
761 0.000363661578271393 4.261047374818631e-06 0.00035933535010633494
762 0.00036858487578019373 4.1198039863219265e-06 0.00036464295333740466
763 0.0003761839600318731 4.617896020618905e-06 0.0003717391024155797
764 0.00037748664276835125 4.41355818515261e-06 0.000373340552617231
765 0.0003819068327905999 4.3023354399015715e-06 0.0003780362961544051
766 0.00038801107642211203 4.959672114083322e-06 0.0003831660717916903
767 0.00039802093265838283 5.204617615795996e-06 0.0003923691733317166
768 0.00040245704487104807 5.2785493401888725e-06 0.0003971591633713413
769 0.0004075129705822543 5.335354660575296e-06 0.0004021916583002329
770 0.0004135955996516812 5.3258978561864844e-06 0.00040826497659091293
771 0.0004188007785010595 5.577010419669067e-06 0.00041338371137470477
772 0.0004247142883246951 6.063964009867552e-06 0.0004185092762113405
773 0.000429340391521211 5.903213922232437e-06 0.00042327175272264525
774 0.0004381113053884059 6.325440790382101e-06 0.0004318678880740406
775 0.0004451707533355197 5.987944553024458e-06 0.0004389033933929509
776 0.0004509179816720964 6.57449742153291e-06 0.00044408331173651454
777 0.00045564464899694104 6.299386100506987e-06 0.0004488529389858432
778 0.0004623377461764372 6.294661083374233e-06 0.00045590116525902287
779 0.0004689067017217011 6.858573618484807e-06 0.0004619507627236324
780 0.00047562304180869035 7.127914041259051e-06 0.0004686999212600408
781 0.00048467930608756357 6.206937109865703e-06 0.0004787670510337581
782 0.0004916756481045005 6.839886009667569e-06 0.000484838137376006
783 0.0004972732285270188 6.990788516121418e-06 0.0004900919911293045
784 0.0005054669485663769 8.189709235352225e-06 0.000496875116062708
785 0.0005125822437241941 8.166939036603385e-06 0.0005040289964041473
786 0.0005177477436235933 7.919211655079254e-06 0.0005101500655880749
787 0.0005247351482640032 7.92688881164708e-06 0.0005172377806940101
788 0.0005361001728418545 9.372031338407133e-06 0.0005264651043190841
789 0.0005404432739053249 8.195596051781881e-06 0.0005325769094831345
790 0.000549669950198469 8.379277747401198e-06 0.0005412151517121773
791 0.0005562366708923082 8.618165018715636e-06 0.0005476833700181833
792 0.0005665506693406322 9.660485590059295e-06 0.0005570836547180514
793 0.0005763888751487686 9.859937020826378e-06 0.0005663247167030477
794 0.0005837663344642948 9.62518084587503e-06 0.0005739800781720353
795 0.0005875741449940944 9.792864335945973e-06 0.000578922472806732
796 0.000597110614009703 9.898988603309901e-06 0.0005874254392050751
797 0.000609426094971977 1.1205060695658301e-05 0.0005980149002061365
798 0.0006162700433197798 1.0781166925989101e-05 0.0006049863236450708
799 0.0006235204471480215 1.1472314647093143e-05 0.0006115723817691748
800 0.0006355896242558781 1.2376345242848075e-05 0.0006235324100949837
801 0.0006453161485223233 1.1467525549523287e-05 0.0006339395466019483
802 0.0006524267377505255 1.1331517028883085e-05 0.0006412424087425761
803 0.0006596742606521779 1.1882670534022635e-05 0.0006477258336489427
804 0.0006707272707752741 1.2931950652651175e-05 0.0006572624843775914
805 0.0006829508372776544 1.2165411836493234e-05 0.0006709852399353429
806 0.0006916832831924746 1.5264673477577392e-05 0.0006767840088447482
807 0.0007044123243642844 1.3706358485363023e-05 0.0006909682676569059
808 0.0007104284340912529 1.3705867107467598e-05 0.0006971323889213714
809 0.0007224633210883313 1.4219627884960815e-05 0.0007079967453027851
810 0.0007312621739801996 1.4369058414046894e-05 0.000717138081415879
811 0.0007416664370631285 1.4483480832750372e-05 0.0007275494714740131
812 0.0007517695742567473 1.576321481404457e-05 0.0007363092213741125
813 0.000764958699079125 1.6221108133462643e-05 0.0007484088591406754
814 0.0007752515527302683 1.7278661217276763e-05 0.0007578992977407623
815 0.0007873869680027439 1.691419412667479e-05 0.0007700155139228214
816 0.0008012342237386103 1.855877912554584e-05 0.0007823999971086285
817 0.0008078028961750277 1.6923913866348495e-05 0.000790950549185728
818 0.0008205098050397368 1.8378742712503155e-05 0.0008019001775092815
819 0.0008300979787466085 1.708525856529648e-05 0.0008125866762889553
820 0.0008454362237436451 1.8309820516390814e-05 0.000827054337642144
821 0.0008602341236449587 1.965122339769163e-05 0.0008404460268175637
822 0.0008631461905467902 1.9845704469785313e-05 0.0008439893089724403
823 0.0008792133540205392 2.145456619544872e-05 0.0008581272461676149
824 0.0008927043908846528 2.101341742643444e-05 0.0008712291372816841
825 0.0009035999448554926 2.163559452293809e-05 0.0008818532404603192
826 0.0009239098412405172 2.2939961661978184e-05 0.000901229346966545
827 0.0009354897953993295 2.3258816202574552e-05 0.0009126030155883738
828 0.0009458709694591911 2.3526394536481798e-05 0.0009218950281362315
829 0.0009683238054805124 2.592196878535762e-05 0.0009417445256063407
830 0.000976793449922722 2.4915088716114544e-05 0.0009523662422292617
831 0.0009864817223879966 2.4863722799260374e-05 0.0009609051824495474
832 0.001008526556869596 2.801290358428795e-05 0.000981869254801317
833 0.0010142273980608693 2.426319459767087e-05 0.0009900149387262595
834 0.0010326187472447972 2.6124214807706185e-05 0.001005466355162752
835 0.0010471648938934202 2.5848213205841298e-05 0.0010209794500855552
836 0.0010697339989565028 3.0453710212220117e-05 0.001039959923964897
837 0.0010808311414471508 2.8125619109979984e-05 0.0010523309712873758
838 0.001096466152032086 2.8934625072403456e-05 0.0010670937533833976
839 0.0011114839880157531 3.069927617891979e-05 0.0010815814807139225
840 0.0011267866570403536 2.9868465967739416e-05 0.0010962690992238665
841 0.0011422531203327834 3.055376211981887e-05 0.0011109725156662061
842 0.0011611645772216697 3.044553161640799e-05 0.0011314927364887248
843 0.0011837225682005401 3.101190935580611e-05 0.001152029708666597
844 0.0011892380674215755 3.484911092795806e-05 0.00115537971980035
845 0.001212570721987114 3.519820540352569e-05 0.001178550371071595
846 0.0012222216556877538 3.357271107498944e-05 0.001189031634818135
847 0.001246785820044854 3.645894218238657e-05 0.0012115506635402363
848 0.0012619163459074683 3.572013526361663e-05 0.0012269848466609132
849 0.001284397351820369 3.8969229532383984e-05 0.0012461960440623076
850 0.0013009088910801681 3.825510124417221e-05 0.0012631847013439726
851 0.0013207558125185633 4.125225205622177e-05 0.0012804689718139161
852 0.0013313042952555305 4.411883957088824e-05 0.0012869896146532453
853 0.0013595994755448305 4.335846597224041e-05 0.0013155794676976992
854 0.001369639423799314 4.156853681600249e-05 0.0013291809525249722
855 0.0013976094883709773 4.466956318471813e-05 0.0013518693542772242
856 0.0014228584696748187 4.17190822973966e-05 0.0013796554532979365
857 0.0014452068622094838 4.6901590433260244e-05 0.0013991100627994116
858 0.0014595779290402513 4.8116153951841385e-05 0.00141052701945128
859 0.0014714404792634955 4.624336242790147e-05 0.0014255686311614765
860 0.0014995430028723444 5.041637802936426e-05 0.0014482733553575675
861 0.0015125099070291887 5.062693228190224e-05 0.0014616193569288065
862 0.0015427958788842685 5.448454912357996e-05 0.0014889016884083754
863 0.0015662284830364522 5.331968861496102e-05 0.0015138568352501386
864 0.0015870773061134275 5.221992589133925e-05 0.0015346245346452552
865 0.001617161972223543 6.132580900848329e-05 0.0015552687767252083
866 0.0016404129712308958 5.929410157009765e-05 0.001581278271393877
867 0.0016532319016500402 5.8205267016188093e-05 0.0015961897349933637
868 0.0016970219340092373 5.845827494993611e-05 0.0016385265273003793
869 0.0017031500857050672 6.0590111126667114e-05 0.001644434635465631
870 0.0017378034111932392 6.473245507379928e-05 0.0016717621877826655
871 0.001750894579828198 6.506262499352027e-05 0.0016884351333729423
872 0.0017878145694024408 6.747820681273453e-05 0.0017202571050401246
873 0.001803843931388906 6.802145616851708e-05 0.0017367048968785965
874 0.0018344987470232498 6.691568498965318e-05 0.0017679609816843855
875 0.001866083370615051 7.270036343786424e-05 0.001793020879261962
876 0.0018808611738111985 7.125337972758323e-05 0.0018103740102481023
877 0.0019048562095972251 6.867604897531076e-05 0.0018362859287742097
878 0.0019444170723927504 7.376481598557142e-05 0.0018695196887438138
879 0.001972327535855608 8.117779758999176e-05 0.0018929060399461958
880 0.002001003491302836 7.540930328980792e-05 0.0019241787483605507
881 0.002043060151545202 8.66543264768823e-05 0.0019565414804594335
882 0.002049166119665446 8.225579741921771e-05 0.001968919381290227
883 0.0020780895380415644 8.413709843724051e-05 0.0019960968533567873
884 0.00210969361603469 8.348052597975349e-05 0.0020276834556485815
885 0.0021465864348541234 8.172950919626018e-05 0.0020638024643742105
886 0.002176672942885183 9.141821714983312e-05 0.00208512072503244
887 0.0022040062071362046 8.93229234390348e-05 0.0021159756130459044
888 0.0022198568723496336 8.786309778801982e-05 0.002133841494626575
889 0.0022664488080067773 9.382843979172567e-05 0.002173733974376743
890 0.0023028755338814037 9.832929645320993e-05 0.0022014270796098926
891 0.002344792636159031 0.0001043032946751846 0.0022409388957416484
892 0.002370513662792164 0.00010737270271396073 0.0022647112758164573
893 0.0024015808331512255 0.00010829117541247048 0.0022950721663090824
894 0.00243332574808551 0.00010804364859211937 0.002325845602244107
895 0.0024872936638152343 0.00011157310116925854 0.0023749958349624685
896 0.0025049140563864506 0.00010167714865211275 0.0024019075071460053
897 0.0025468543961894765 0.00011692304173238226 0.0024317857830941938
898 0.0025779828487728696 0.00010895766085787197 0.0024700648666522644
899 0.002609573476200623 0.00011328428688764134 0.0024973461981256232
900 0.00266190918392298 0.00012066992295368714 0.0025385191260103614
901 0.002701507213428513 0.00012071844206741356 0.002577443961451937
902 0.0027325445506825433 0.00011393735151411204 0.0026181072496421877
903 0.0027759604565694 0.0001262222457515885 0.002650739349018912
904 0.002792274589971948 0.0001234627180367393 0.0026695382480544593
905 0.00284172728988766 0.00013460220720575673 0.0027075068641797644
906 0.0028816650314434926 0.00013468923439064365 0.00274475081419065
907 0.0029392654343176504 0.0001369318962335799 0.0027995187043485877
908 0.0029711487327047288 0.00014372604127042488 0.0028269882472290123
909 0.003003272842625482 0.00012896709616681606 0.002880581106946003
910 0.003064179025471122 0.0001416483548086823 0.0029235372867854404
911 0.0031054775413659357 0.00014761503234997844 0.0029571960317540287
912 0.003127097431727741 0.00014417563361424166 0.002983997194281325
913 0.0031777849260898328 0.00014817009120695034 0.003028686436954144
914 0.0032343798241524922 0.00015825987977880962 0.0030759219989081655
915 0.0032821214912940383 0.00016044818210700552 0.003123782869247953
916 0.003332045179970568 0.0001795255535932802 0.003150372271816371
917 0.0033932519169988873 0.00017217524218476963 0.0032217292956813453
918 0.0034262678975992217 0.0001826121149979576 0.0032440373014681586
919 0.0034637421486193804 0.00016285912119619182 0.0032991006607746252
920 0.003529267336562974 0.0001867867015586693 0.0033425092485505565
921 0.003567271095010137 0.0001832375945272473 0.0033868649650593548
922 0.0036149228791286054 0.00018939636263474844 0.003430042255655031
923 0.003677578964769712 0.0001931255112979526 0.0034869992206628237
924 0.0037258627768023177 0.00019664267743643707 0.0035345219633779877
925 0.003774308999442315 0.0001877225735190429 0.0035800799841011425
926 0.0038175644833959867 0.0001917074691271056 0.003627779383551168
927 0.003888589138069931 0.00020727961333351353 0.003675707321381134
928 0.0039513498132227745 0.00019922743965929368 0.0037498660504313793
929 0.0039871676534082665 0.00021100809424040476 0.0037756632193494733
930 0.004083760442481345 0.00023463769349863 0.0038497396263569407
931 0.0041017551598204124 0.0002149801669465631 0.0038916490022173
932 0.004178780157056881 0.0002340172479532991 0.003946752318250989
933 0.00420873316194014 0.00022409852428865572 0.003983541524098609
934 0.004310046397303557 0.0002441960354192737 0.0040608292209782645
935 0.004356550288450771 0.00024303101660953834 0.004115067271146794
936 0.004438670471258775 0.00024711323567081455 0.004181892882601099
937 0.004490838068410879 0.0002473503792910939 0.004240821028761458
938 0.004572824277703541 0.00027322238405546944 0.00430110856935059
939 0.0046286326420075016 0.0002838332748617233 0.004348741761497658
940 0.004666773804711916 0.0002690565712256648 0.00439851431131004
941 0.004747401538836928 0.0002727224722621456 0.004473290226471633
942 0.0047497841568340336 0.00024604337840214576 0.00450778589747503
943 0.004881673383169753 0.0002761008002391633 0.004599011606056843
944 0.00492783114225084 0.0002813586274087972 0.004649652942949498
945 0.00499840871401983 0.00026702093726661884 0.004731053540558294
946 0.005091928948671491 0.0003148060565671218 0.0047792239160200515
947 0.005169599857908197 0.0003203227108200173 0.004848567141587547
948 0.005257638889753027 0.00033932990030036505 0.004923354691391107
949 0.005310790841715831 0.00030337020029835393 0.005004054150341743
950 0.005374449399882166 0.0003064315000548486 0.0050756580481932205
951 0.0054409915917435605 0.00029778957927623637 0.0051529682099933916
952 0.005522978200499439 0.0003169338357371535 0.005203454056495095
953 0.0056441474477499235 0.0003609979860382241 0.005290056987806693
954 0.005695376186437201 0.00034352981270475654 0.005357260184943178
955 0.0058326298693198355 0.0003603180866889805 0.005466646756886515
956 0.005895554559543646 0.00035119296829400743 0.005533619165195509
957 0.005954900734748272 0.0003482201896056042 0.005612197654634692
958 0.006079565205413359 0.00037389276390819437 0.005702340065603474
959 0.006100864083691632 0.0003543499378632082 0.005741999469365667
960 0.006211480703783389 0.0003525279634966213 0.005857007538744488
961 0.006318231378192478 0.00036485685755371385 0.005944569749677339
962 0.006403397240983432 0.0003912397486720036 0.006010701305650069
963 0.0064620953960755016 0.00038523145968522693 0.0060803778771417885
964 0.0065452464551605605 0.00038962566301038205 0.006153514550430439
965 0.006704506541795585 0.00041491293699451114 0.0062960593408801545
966 0.00681509410173046 0.00042007330197225127 0.0063975861556433665
967 0.006845838885181583 0.0004162687044981594 0.006437614747212103
968 0.007000140926444905 0.0004497487759946817 0.006554041057727021
969 0.0071188922420216015 0.00043961924446938054 0.006680755223832692
970 0.00713423390704418 0.00042206509492229345 0.006701616076058307
971 0.00723961101709848 0.0004266548460734952 0.006808166333196488
972 0.007412726720392586 0.0004977065366092956 0.00693315550756051
973 0.007486855298727985 0.0004710059767008577 0.007013295550112927
974 0.007579410665735082 0.0004796030356968042 0.007091804556096915
975 0.007695145958871343 0.00047987046891912117 0.007213117275220983
976 0.007806425345080934 0.000494193954040373 0.007307456103273936
977 0.00790742922477908 0.0004988723182213397 0.00741036698967943
978 0.008100722799931868 0.0005383589301508351 0.007564638434290679
979 0.00811981276096027 0.0005128552309868374 0.00761581222250252
980 0.008294317506137192 0.0005437780564916056 0.007744256812517989
981 0.0084039036644483 0.0005223255889241645 0.007880628158364622
982 0.008544312058528309 0.0005417627056616968 0.007991554974016319
983 0.008669369139090763 0.000541581008738715 0.008144814337520248
984 0.008744273800899673 0.000532219273390384 0.008211134876102604
985 0.008894392333339973 0.0005465269748667344 0.008336352975761773
986 0.00904224576620467 0.0005865304851686573 0.008464637063704613
987 0.009167643211746325 0.0005605506762674264 0.008615636850014551
988 0.009292950292244901 0.000568642450749051 0.00872537327769632
989 0.009455967758350522 0.0006028736195600657 0.008852572391003543
990 0.00957131784675485 0.0005996464166177088 0.008977898172386055
991 0.009741189845031133 0.0006669467164711006 0.009078115695096593
992 0.009934885845441015 0.0006989593607327261 0.009237158700899922
993 0.010044265203786313 0.0006418904396540074 0.009391128486885107
994 0.01013079432007053 0.0006354089488202158 0.009492878056166897
995 0.01033569401016129 0.0006630365516276963 0.009680393602965472
996 0.010490564475675913 0.0006972419931355086 0.009787933691311873
997 0.010639714532781574 0.0007105431619015139 0.00994124742293418
998 0.01077361059611302 0.0006717807105818177 0.010092674282769434
999 0.010944269686657869 0.0006828388815340575 0.010265702669476922
1000 0.01100409337054049 0.0006635442687287392 0.010348653622259871
1001 0.011281071162028127 0.0007118547674660349 0.010575294722273521
1002 0.011421104954512942 0.0007071464705672566 0.010704602118737696
1003 0.01168049169095663 0.0007522257432521466 0.0109181344953368
1004 0.011778233895684545 0.0007223208298344158 0.011047262482827044
1005 0.011871130631415129 0.000709841183657305 0.011148715837585189
1006 0.01212305551343221 0.0007562809851176862 0.01137070910874748
1007 0.012358666769463685 0.0007856495041282012 0.011573804055485698
1008 0.01241245112023178 0.0007497649450923694 0.01167199586861733
1009 0.012734299454198133 0.0008047039537132293 0.011920351061362173
1010 0.01288716321355704 0.0008070928095627351 0.012074615385718886
1011 0.013089535688170778 0.0008218517561852635 0.012263954181442908
1012 0.0133147215333422 0.0008960511651761307 0.012433140836150167
1013 0.013559984703320876 0.000860881980621002 0.012704376359884204
1014 0.013790186503396964 0.0009011375205543815 0.012889701905327735
1015 0.014008649694997221 0.0008900543293413738 0.01310258839749664
1016 0.014203074092723507 0.0009214149129755946 0.013278885002640836
1017 0.014428616482847887 0.0009343520907253592 0.013496812274126238
1018 0.014627502581310523 0.000920518922227752 0.01372603849549752
1019 0.014933884357488601 0.0009564735590804306 0.013987465436421794
1020 0.015239497752955236 0.000975562562585892 0.01424831646892501
1021 0.01561567022555536 0.0009457539507761587 0.01467340085105685
1022 0.01591477200288434 0.0010036952228807017 0.01491841895748567
1023 0.016598985191258665 0.0009934055188634237 0.015608271494699098
1024 0.01691504614604737 0.0010223546764183294 0.01588427174354134
