# units: uK_CMB^2
ell R_ell F_ell N_ell
2 0.0005771241744939042 0.0005719083987562631 1.1430642399572167e-05
3 0.00014339482066839357 0.00012669385445666174 1.3642660348121459e-05
4 6.586687125666738e-05 5.6924590429312564e-05 1.1619096133248885e-05
5 2.7338638859268033e-05 1.6605720919567157e-05 1.1691591362755762e-05
6 3.770795738027018e-05 2.832920137912745e-05 1.1266329873953986e-05
7 3.528302712250303e-05 2.6413671704718315e-05 1.0712656460936087e-05
8 2.1452876907352678e-05 1.116833859560764e-05 1.1061421366456217e-05
9 2.460868864814504e-05 1.4009253605107859e-05 1.0795495396319345e-05
10 2.1581762607462302e-05 1.0808894479016411e-05 1.1035772038239841e-05
11 1.9474739454030085e-05 8.423150710364292e-06 1.1404089169009707e-05
12 2.222542541980864e-05 1.2608493793258558e-05 1.0824612329365767e-05
13 1.9907118702513033e-05 9.343826060519221e-06 1.121508013669736e-05
14 1.5789180915234404e-05 5.515360777464572e-06 1.0776623700172153e-05
15 1.6921558232464322e-05 6.115128388779085e-06 1.1344008036935599e-05
16 1.6967738314744044e-05 6.611965177242802e-06 1.0984218285041969e-05
17 1.57571612122789e-05 4.636088134059633e-06 1.1066162935916733e-05
18 1.5245292097427296e-05 4.317018326689919e-06 1.1263390666360129e-05
19 1.4103260912637116e-05 3.3166486859795653e-06 1.1206187164247187e-05
20 1.4174003845466077e-05 3.6618656799481523e-06 1.1026751460125627e-05
21 1.3962088059080564e-05 3.44364970426588e-06 1.0415187924625718e-05
22 1.3349879173043435e-05 2.1338888904894382e-06 1.1380833842210656e-05
23 1.4647725535479373e-05 3.5292013698072667e-06 1.144222951829219e-05
24 1.2267378195161321e-05 1.4837082860982282e-06 1.0907224393569377e-05
25 1.299767374994016e-05 2.205923909652462e-06 1.092695676326053e-05
26 1.2612932834140916e-05 2.027291023254209e-06 1.0800310806955244e-05
27 1.3248951197308897e-05 2.324532701767685e-06 1.1215683373305375e-05
28 1.2892877404472437e-05 1.6537953930223636e-06 1.1385098381778949e-05
29 1.277211346433039e-05 1.9324117114945463e-06 1.1260912972809719e-05
30 1.2497423605118386e-05 1.4478362808278926e-06 1.1372761969717695e-05
31 1.2192194178196688e-05 1.1439235345443523e-06 1.1366404285204145e-05
32 1.2358591873517625e-05 1.311405444208448e-06 1.1228834993415712e-05
33 1.2486039621048281e-05 1.6150123064154063e-06 1.1146098868279848e-05
34 1.1981958030218082e-05 1.453443330633232e-06 1.0813889177336795e-05
35 1.2124629887546516e-05 1.1750410451560551e-06 1.1135311901527596e-05
36 1.1916548579116414e-05 9.941135471239938e-07 1.1052565779463212e-05
37 1.164155945630676e-05 9.056776295106406e-07 1.1050180892604175e-05
38 1.1379197173819134e-05 8.579899659361428e-07 1.0623132413277503e-05
39 1.0902126099117703e-05 1.0639726752283834e-06 1.0127430782458102e-05
40 1.0636433638678987e-05 1.0969938990457623e-06 9.739238746659506e-06
41 9.874924995261866e-06 8.622791142313102e-07 9.20058035412689e-06
42 9.1348222160581e-06 4.612771286003591e-07 8.763497425453728e-06
43 8.702617971945172e-06 8.32417333038655e-07 7.990303162129786e-06
44 8.365769381352123e-06 8.877080231793587e-07 7.640988421226575e-06
45 7.71597288859225e-06 7.507474956742712e-07 7.1151613996874896e-06
46 7.427126114165954e-06 6.450044655977864e-07 6.920322327283208e-06
47 6.844917880728642e-06 6.853138879110667e-07 6.224564938110056e-06
48 6.267802879539691e-06 6.386783475104001e-07 5.709411735603686e-06
49 5.756616121637266e-06 5.822254795431581e-07 5.302596634041831e-06
50 5.502789060936875e-06 3.9135668536878165e-07 5.153146225425283e-06
51 5.416742527843686e-06 7.965988333065257e-07 4.765664177688615e-06
52 5.102245179033863e-06 6.513997577707017e-07 4.5360262719697904e-06
53 4.8038392523921645e-06 5.65529406987899e-07 4.331683913870943e-06
54 4.941066910884317e-06 8.791978566852898e-07 4.208666902286008e-06
55 4.486763523514396e-06 6.521009386990931e-07 3.929534111918574e-06
56 4.443951815385271e-06 5.257967249149475e-07 3.992704905388803e-06
57 4.3187829274458956e-06 5.054113068487736e-07 3.912113825140276e-06
58 4.1545168022171966e-06 4.206880955150389e-07 3.8091659678624644e-06
59 4.326970259618978e-06 5.587487483758041e-07 3.858067313306612e-06
60 4.3094757824837765e-06 5.839530133980183e-07 3.802600222601426e-06
61 4.4100076647107e-06 6.163863433945284e-07 3.867630106514798e-06
62 4.093031150092185e-06 3.0144313296495186e-07 3.848985456193972e-06
63 4.224984331002602e-06 4.350322759609673e-07 3.884645545810331e-06
64 4.265654923940014e-06 3.8802308286443425e-07 3.97628355506018e-06
65 4.218448468516513e-06 3.920103699810206e-07 3.869433309075618e-06
66 4.184331632783752e-06 4.6774811201156996e-07 3.81476793752879e-06
67 4.418442438553365e-06 5.040098484747049e-07 3.96596263742432e-06
68 4.266345824213507e-06 3.753723805651866e-07 3.951248571591016e-06
69 4.228603829090455e-06 3.7971201398783534e-07 3.954894680982323e-06
70 4.174340452983903e-06 3.583409213018703e-07 3.8852854285206e-06
71 4.31869562953135e-06 3.9634362375792643e-07 3.986626522144461e-06
72 4.2689130853324924e-06 3.257963691240302e-07 3.9567070888770425e-06
73 4.210689284678765e-06 3.734665224250835e-07 3.902955005753686e-06
74 4.110030541389514e-06 3.350924093969812e-07 3.847111763469113e-06
75 4.084910340381426e-06 3.6488465059933706e-07 3.7954183867622455e-06
76 4.032141488738189e-06 3.004478333283211e-07 3.8098005577822702e-06
77 4.034931736173411e-06 3.248082006692156e-07 3.7558497381173305e-06
78 4.014028072363864e-06 3.5876698807915995e-07 3.733194589197343e-06
79 3.9854760917381375e-06 3.589056433173491e-07 3.709915924856972e-06
80 3.954887105592511e-06 4.0802673916481383e-07 3.606466763815267e-06
81 3.828317694049698e-06 3.0653290822079607e-07 3.550970227976331e-06
82 3.705535704452422e-06 3.321837206051352e-07 3.4221027608180603e-06
83 3.531684910353282e-06 2.3841354923485313e-07 3.358002913520309e-06
84 3.543367990528522e-06 2.473676105685517e-07 3.3656676209257664e-06
85 3.6352811092186384e-06 3.3481460258011866e-07 3.3390188804767517e-06
86 3.5031373946317658e-06 3.291913101025075e-07 3.210879331396191e-06
87 3.3353439186681967e-06 2.9661395144710813e-07 3.1046260759961282e-06
88 3.3052978850763513e-06 3.0934630234683763e-07 3.038767757385612e-06
89 3.2299185219808522e-06 3.172184053999836e-07 2.9633153681102455e-06
90 3.239194084472782e-06 2.751847963973194e-07 2.999693639795152e-06
91 3.1603764350285984e-06 2.4921158342398877e-07 2.9202312670329043e-06
92 3.029050861755089e-06 3.02650664450587e-07 2.78772849446364e-06
93 3.0095541219729256e-06 3.572835605381429e-07 2.7064431607191063e-06
94 2.973948147905106e-06 3.367099246650962e-07 2.7021285896183592e-06
95 2.893621063807321e-06 2.7972666961998663e-07 2.675109030408556e-06
96 2.893465410660966e-06 3.137178063409157e-07 2.592154901875883e-06
97 2.813335040402422e-06 3.684556954605156e-07 2.5202461717119336e-06
98 2.8174102490093056e-06 3.433580537426609e-07 2.5126563473127794e-06
99 2.720035289996133e-06 2.8786247744268184e-07 2.4693775206625265e-06
100 2.675505071450877e-06 3.077913002608589e-07 2.4233403096890327e-06
101 2.617931084072362e-06 3.4231919673056926e-07 2.3544939833966113e-06
102 2.5815190304310648e-06 2.9979855800238687e-07 2.327078840451396e-06
103 2.4593119759710867e-06 2.505197933554201e-07 2.2521930575754796e-06
104 2.619120376454728e-06 3.966693220254446e-07 2.2584784125999917e-06
105 2.523965780804587e-06 3.736170235895162e-07 2.20480053844945e-06
106 2.5682104698717947e-06 4.4955831283829737e-07 2.1597413160235994e-06
107 2.532942372084719e-06 4.1984031480451873e-07 2.158939029497978e-06
108 2.423151904636292e-06 3.5611108877828395e-07 2.11492223105299e-06
109 2.43614435669315e-06 4.039832805956295e-07 2.1027853430838574e-06
110 2.4053837465243227e-06 3.3146247666402445e-07 2.1128245248941626e-06
111 2.444013420260444e-06 3.7211299095806553e-07 2.101821751431031e-06
112 2.475931055831341e-06 4.289644974864632e-07 2.079926234239455e-06
113 2.450399634242907e-06 4.126025417141495e-07 2.0525488827521143e-06
114 2.318303736129581e-06 3.119990859737155e-07 2.04091798475207e-06
115 2.3956233875750958e-06 4.21855177410588e-07 2.0275771116775234e-06
116 2.3820952476500777e-06 3.822418678179133e-07 2.0642828274743392e-06
117 2.3683926613174036e-06 3.555381721093972e-07 2.067467121447438e-06
118 2.2995848462295246e-06 2.903599584887705e-07 2.039149314225788e-06
119 2.3492262400721873e-06 3.53910092811698e-07 2.0371501050772828e-06
120 2.3741523602757046e-06 3.452820495341919e-07 2.0561550876522265e-06
121 2.447768813763265e-06 4.1628229950527447e-07 2.085719424557818e-06
122 2.4133455080743667e-06 3.8346438681792e-07 2.080952444734438e-06
123 2.378273881040326e-06 3.319473758284376e-07 2.080368161531405e-06
124 2.4670402224748575e-06 3.8134042950584746e-07 2.1257948322407707e-06
125 2.4084789029003992e-06 3.2484538580416767e-07 2.1269532577421405e-06
126 2.439792604285776e-06 3.4337210426696154e-07 2.1167172778529633e-06
127 2.4257850149299924e-06 3.511199580020166e-07 2.1040542205435074e-06
128 2.4089907764723413e-06 3.101760707427639e-07 2.139929559399213e-06
129 2.4077929376834698e-06 3.2720606856502726e-07 2.1248462181889257e-06
130 2.4736946866597016e-06 3.7478277107776834e-07 2.1414915290205484e-06
131 2.4370116605971896e-06 3.171738684050037e-07 2.153410724866724e-06
132 2.418812597884373e-06 2.8119557735610626e-07 2.189655988908195e-06
133 2.4379062605986183e-06 2.5601241018164715e-07 2.2214716265066007e-06
134 2.4548985021800037e-06 2.8327343703985454e-07 2.2028719253013652e-06
135 2.462793250279745e-06 3.103073952638244e-07 2.203111917981826e-06
136 2.45688973386308e-06 2.560986967725787e-07 2.2315378113074367e-06
137 2.4514726896497718e-06 2.591176959307726e-07 2.2121173635795246e-06
138 2.4195414176036415e-06 2.3236430962073874e-07 2.2292244310580683e-06
139 2.445215564617477e-06 2.4943614467245954e-07 2.2425299739138625e-06
140 2.4901514832583033e-06 2.9924161706993847e-07 2.2178218850941213e-06
141 2.453508188733464e-06 2.580256415805249e-07 2.2205272664157595e-06
142 2.4184327232516757e-06 1.8316852191706598e-07 2.241276573496403e-06
143 2.4575426419693163e-06 2.1825756692382872e-07 2.2594780078745116e-06
144 2.4443461475755824e-06 2.649095772923992e-07 2.231581320810442e-06
145 2.480260292213564e-06 2.4652691956612825e-07 2.2686073266948545e-06
146 2.4372272854354295e-06 2.2618150004364943e-07 2.2371979320438565e-06
147 2.4722303380775204e-06 2.662510377926817e-07 2.2474173424538287e-06
148 2.443491718781907e-06 2.452807756313784e-07 2.2356110565319495e-06
149 2.4473668310352918e-06 2.3909954942119737e-07 2.2478580417761526e-06
150 2.371907119281046e-06 1.8942882777897274e-07 2.210433673341519e-06
151 2.3822219012431425e-06 2.2051626393906815e-07 2.201383133317549e-06
152 2.44038904277662e-06 2.162841074930055e-07 2.263265664437674e-06
153 2.399263347275509e-06 2.1496910833377205e-07 2.2092458769244233e-06
154 2.3858047604238654e-06 1.987204724412869e-07 2.222003696419065e-06
155 2.297933796879382e-06 1.7843885700564996e-07 2.1548038433832466e-06
156 2.2929026395149004e-06 1.512036213908248e-07 2.17260312804399e-06
157 2.327378143358888e-06 1.9204705364136584e-07 2.1762098819710786e-06
158 2.289410513182949e-06 1.9295613335725703e-07 2.136103091536429e-06
159 2.280842111491933e-06 1.9765757913603716e-07 2.106384029379574e-06
160 2.290776429915779e-06 2.0898664943106117e-07 2.118297657222891e-06
161 2.2711429009011384e-06 1.9516165838538545e-07 2.12324149847917e-06
162 2.282773338436004e-06 2.0206804547521736e-07 2.1032316452164046e-06
163 2.2462496342606253e-06 2.3207168583130377e-07 2.0514669639648674e-06
164 2.2375381712544994e-06 2.1694776013106304e-07 2.062303527740631e-06
165 2.2671240171983036e-06 2.5192394015324604e-07 2.0481196282716646e-06
166 2.255950034664404e-06 2.449074750552896e-07 2.034847903361528e-06
167 2.221373044251596e-06 2.1512982143793364e-07 2.0310622055323974e-06
168 2.1449167347783012e-06 1.9231253875756396e-07 1.995971710757559e-06
169 2.1979183008917762e-06 2.289627954075019e-07 1.9974178864928178e-06
170 2.076903501337134e-06 1.7133217509528648e-07 1.9494055853205636e-06
171 2.0788651577128378e-06 1.6611585447310496e-07 1.947081521869059e-06
172 2.0670009968830137e-06 2.0106564612756594e-07 1.900348311994205e-06
173 2.0763043717002784e-06 2.0052065137871847e-07 1.9074096922993573e-06
174 2.008373292316262e-06 1.8577168035505208e-07 1.860392064112384e-06
175 2.037650294626585e-06 2.0903283620624567e-07 1.8511391341683626e-06
176 2.0106868623753034e-06 2.0111066091525035e-07 1.8467765948500283e-06
177 1.9964486253688614e-06 1.859041695165197e-07 1.8398281094591623e-06
178 1.9369116818880975e-06 1.5162708329998902e-07 1.8074650956952912e-06
179 1.9384342190229127e-06 1.6722285288065648e-07 1.793421106562164e-06
180 1.931021223245637e-06 1.7085484452093457e-07 1.7811314281954781e-06
181 1.9110282326427844e-06 1.7267484746519788e-07 1.7599650688408536e-06
182 1.9089016263089674e-06 2.0291662848765303e-07 1.7368699267905996e-06
183 1.8978939227424219e-06 1.7904977159854963e-07 1.737370061053412e-06
184 1.8692571900071119e-06 1.7452393141267702e-07 1.721657500801223e-06
185 1.8411441675776194e-06 1.9111598177219093e-07 1.6706116873959084e-06
186 1.831216504947108e-06 1.8928631528136727e-07 1.6566891248010794e-06
187 1.8345908527153067e-06 2.1676346314035183e-07 1.648302214231674e-06
188 1.787876057873668e-06 1.7490003699450502e-07 1.6361162752989581e-06
189 1.7979473643299628e-06 1.962924066419991e-07 1.6232436787532694e-06
190 1.7736035658164144e-06 1.9995794426075174e-07 1.593722901629758e-06
191 1.7537531155677187e-06 1.850505059578246e-07 1.5924974961751868e-06
192 1.7362539621485904e-06 1.8551276568433951e-07 1.5752839307026402e-06
193 1.7506944463930265e-06 1.9966118486911121e-07 1.5744161329647921e-06
194 1.6934960108341323e-06 2.0130486637480097e-07 1.5208370627467897e-06
195 1.689579962152246e-06 1.8158152518325498e-07 1.5351957206915968e-06
196 1.6883783012418524e-06 1.6697461471797064e-07 1.5417045123924294e-06
197 1.6965627360762553e-06 2.0569372576601101e-07 1.5220909703012145e-06
198 1.6862792123717395e-06 1.9969578838562855e-07 1.4989551710946795e-06
199 1.6766046678557875e-06 2.0474570797567853e-07 1.4855144465974393e-06
200 1.6645531468856418e-06 2.1491045061793338e-07 1.4753983406553498e-06
201 1.6422302295316082e-06 1.915854164891343e-07 1.4847371581077958e-06
202 1.6028240076928379e-06 1.67171548882715e-07 1.459189247780369e-06
203 1.5849164625177638e-06 1.6078796746785964e-07 1.4418823734272127e-06
204 1.6129443785273162e-06 1.922145521541071e-07 1.4452209454323953e-06
205 1.5924395683267152e-06 1.942500702451006e-07 1.4305539050753073e-06
206 1.6046694556237702e-06 2.061290369904966e-07 1.4216487531154154e-06
207 1.5992322348597443e-06 2.0258410435674753e-07 1.420098650059877e-06
208 1.5765710866824017e-06 1.6263366592140162e-07 1.4311072894983195e-06
209 1.5600273575179155e-06 1.944413353895622e-07 1.4019032659230075e-06
210 1.5690976235539995e-06 1.8676050658158346e-07 1.4039360016444397e-06
211 1.5981962261548847e-06 2.1542700503106563e-07 1.405834584455087e-06
212 1.5627563652466694e-06 1.878966762500899e-07 1.4070390614199943e-06
213 1.5580803307588924e-06 1.951699220835862e-07 1.3880002315540588e-06
214 1.5601015459402566e-06 2.022443816516909e-07 1.3815452663979072e-06
215 1.5626112571260063e-06 1.9800495175388872e-07 1.3846621163602358e-06
216 1.5709672414732866e-06 1.9727640697939973e-07 1.393850701640142e-06
217 1.5608549072170227e-06 1.9514907387969723e-07 1.3988671267307809e-06
218 1.5960434429604255e-06 2.236308887886506e-07 1.3946990329806243e-06
219 1.5974748056625785e-06 2.1774474527392135e-07 1.4060993515459285e-06
220 1.5714101017626465e-06 1.8674089006786157e-07 1.4043432611172916e-06
221 1.6129890846218489e-06 2.3717730570797645e-07 1.4010670929447745e-06
222 1.6096157946462066e-06 2.158877461678528e-07 1.412572363717314e-06
223 1.563272380168396e-06 1.8618567265061575e-07 1.3948462318494687e-06
224 1.591523770054855e-06 1.9919599667912951e-07 1.411291741617504e-06
225 1.6143722722219262e-06 2.1242165513936444e-07 1.4275713993516803e-06
226 1.6175170197524045e-06 2.1795791802550765e-07 1.4197620458495525e-06
227 1.6011343978230653e-06 1.7781817339899072e-07 1.4430902480446723e-06
228 1.646686017765179e-06 2.087980900648069e-07 1.459026946168407e-06
229 1.6429794175820901e-06 2.1241542278614148e-07 1.4473648545289768e-06
230 1.644591483402838e-06 2.178579916247914e-07 1.4527273846239773e-06
231 1.644285454522247e-06 1.939187572979235e-07 1.467673155716088e-06
232 1.6495630100949606e-06 2.020658109267608e-07 1.4708196972910953e-06
233 1.6806734413609914e-06 2.1046002640962527e-07 1.5008329098341997e-06
234 1.6850357730597425e-06 1.9953128147292581e-07 1.5058701742629697e-06
235 1.663498840976986e-06 1.7653717375754236e-07 1.5067251801155166e-06
236 1.6612570346346783e-06 1.7658796589971387e-07 1.5069308981576802e-06
237 1.681229761645626e-06 1.9714704595200316e-07 1.507126662919117e-06
238 1.743936014793299e-06 2.1802564597509518e-07 1.546659900022419e-06
239 1.6924922870589564e-06 1.6545024300351375e-07 1.5519772811695834e-06
240 1.7357044691472903e-06 1.755467612959246e-07 1.5787067131001484e-06
241 1.7270110678544188e-06 1.887107090021214e-07 1.5631407375643096e-06
242 1.6974347769590941e-06 1.5143392718168516e-07 1.5748314026988673e-06
243 1.7628591049392585e-06 2.145044337271269e-07 1.5694491746351363e-06
244 1.7603829038358013e-06 1.7773120754581808e-07 1.6056404070705787e-06
245 1.7544239025109777e-06 1.526412343106637e-07 1.6283225889606064e-06
246 1.7832038139636868e-06 1.9657786567369233e-07 1.6160896909914963e-06
247 1.8000589957719286e-06 1.7246432778255338e-07 1.6515047277146899e-06
248 1.7848032825035595e-06 1.559635033052725e-07 1.6489689739533392e-06
249 1.7994290009895543e-06 1.610497463080541e-07 1.6534522932356505e-06
250 1.78823923218118e-06 1.5351487169699394e-07 1.6639769745794874e-06
251 1.8200409090282956e-06 1.7033736636901872e-07 1.6738230358780578e-06
252 1.8223353907384456e-06 1.7481828319772612e-07 1.674482469973637e-06
253 1.8578162619269713e-06 1.8484371848242123e-07 1.7043174034031005e-06
254 1.8742707368024033e-06 1.707673347706904e-07 1.7270475617560773e-06
255 1.845691943647525e-06 1.395367223725392e-07 1.7344174062746709e-06
256 1.8724715167384656e-06 1.5257832948072376e-07 1.7416656738854487e-06
257 1.8827988293395364e-06 1.6618798229565833e-07 1.741588878196617e-06
258 1.9024864592191817e-06 1.675267394044488e-07 1.757897700226018e-06
259 1.9071327088036845e-06 1.5844021972086128e-07 1.7712793847066856e-06
260 1.8920029853052003e-06 1.4193479877019175e-07 1.7808673273876263e-06
261 1.931809073587585e-06 1.4539367115583785e-07 1.8027826676952042e-06
262 1.9184425103631094e-06 1.3600056620291465e-07 1.795236979283806e-06
263 1.9172582755217484e-06 1.2934111649395054e-07 1.810916085569575e-06
264 1.94053610877175e-06 1.3666455183430082e-07 1.8348503933545736e-06
265 1.9749457527922904e-06 1.5297818462638173e-07 1.8400884292742574e-06
266 1.969857026852996e-06 1.3337081367583639e-07 1.8565608392918194e-06
267 1.9813525773434744e-06 1.5027686362017002e-07 1.8603994760423229e-06
268 2.0037218455259053e-06 1.3779177566426462e-07 1.8891266042631837e-06
269 2.0207857034342968e-06 1.3663115937491922e-07 1.902931567213941e-06
270 2.004561803931085e-06 1.3693518526200996e-07 1.8982453776026399e-06
271 1.9868450468420426e-06 1.1973111970567422e-07 1.8931803793005906e-06
272 2.047416225371098e-06 1.3983340849567225e-07 1.935162819141096e-06
273 2.054893025952591e-06 1.313572147603024e-07 1.954330548851784e-06
274 2.0878505400462028e-06 1.3557667151827203e-07 1.972485084394972e-06
275 2.0946649202979987e-06 1.4037491177998487e-07 1.9842262628878593e-06
276 2.068959659335768e-06 1.2759820993985317e-07 1.972005102492513e-06
277 2.109633067211288e-06 1.1591136103518442e-07 2.0200413641047893e-06
278 2.140450445390188e-06 1.3194983668971339e-07 2.0306255816754508e-06
279 2.1277455890944887e-06 1.0785879998107764e-07 2.045462085478319e-06
280 2.1524255972796872e-06 1.2483065303718845e-07 2.050916077277915e-06
281 2.1713579257133913e-06 1.3516722231396567e-07 2.0607196621507e-06
282 2.152700698815763e-06 1.0711321475808145e-07 2.072225938114015e-06
283 2.1734725292144677e-06 1.2122168258575056e-07 2.0814338183953024e-06
284 2.2084435153634545e-06 1.4979648192610056e-07 2.0866611408927837e-06
285 2.23004674371643e-06 1.2746038974279944e-07 2.1304868359240456e-06
286 2.2333184797239198e-06 1.2038343986054945e-07 2.141080822924794e-06
287 2.2346557392871497e-06 1.2636720894171598e-07 2.1377839093217997e-06
288 2.2309257916668684e-06 1.2003497041781806e-07 2.136866779082776e-06
289 2.2914817662487373e-06 1.283593507689109e-07 2.189968344015681e-06
290 2.2916733405679143e-06 1.3374053400234796e-07 2.1865758886013067e-06
291 2.3087018795419496e-06 1.12141706342747e-07 2.220532802248267e-06
292 2.3170810354900485e-06 1.1433951603706311e-07 2.2346906604991857e-06
293 2.3380112027229986e-06 1.1767183500515981e-07 2.2433160016584534e-06
294 2.3459984408898898e-06 1.1680494032340705e-07 2.2556331607440715e-06
295 2.3427600113432137e-06 1.0451640061840879e-07 2.266561934645961e-06
296 2.354241026141406e-06 9.95225946128721e-08 2.2857191473148977e-06
297 2.355955815142362e-06 1.1121829929489314e-07 2.2773825104041858e-06
298 2.3754295566632855e-06 1.0825516978762872e-07 2.299791278128082e-06
299 2.4075016405466266e-06 1.0400381059956573e-07 2.336949840220993e-06
300 2.4423395531369048e-06 1.0705755612431119e-07 2.3610034009204546e-06
301 2.43185937649929e-06 9.644935388573023e-08 2.3637651242191086e-06
302 2.45992241801231e-06 9.840838271488517e-08 2.3853513827088523e-06
303 2.4726036301774103e-06 9.119689784147316e-08 2.4045530675077792e-06
304 2.4976420995424826e-06 1.156595195554742e-07 2.4060990165107494e-06
305 2.5017070991321026e-06 1.1112160745957523e-07 2.4197321813801226e-06
306 2.5253753590202747e-06 1.0950730897354778e-07 2.444641853443046e-06
307 2.52426015212211e-06 1.0248090032226381e-07 2.4498014019061454e-06
308 2.5370407428453285e-06 1.0353638202000078e-07 2.460023167096394e-06
309 2.553162143243141e-06 1.039576961979654e-07 2.4757925816414603e-06
310 2.584225730687863e-06 1.0619740423545249e-07 2.510593943461519e-06
311 2.5752605017532765e-06 1.0092070595660788e-07 2.503623802357352e-06
312 2.5948102934403564e-06 1.0202833562129377e-07 2.526826419171507e-06
313 2.59411246625341e-06 8.702932484536868e-08 2.5392593071669636e-06
314 2.6286556593679796e-06 8.692654923518836e-08 2.5698741258655874e-06
315 2.6385057288621633e-06 1.0023268009779649e-07 2.568945572869002e-06
316 2.679381161236028e-06 1.1397636827929305e-07 2.5948785817517507e-06
317 2.6689188024525424e-06 9.72603531275813e-08 2.592412825525345e-06
318 2.7026694025390752e-06 8.385279355163207e-08 2.6489421168723517e-06
319 2.7129168086927085e-06 9.666406705314454e-08 2.644107911754972e-06
320 2.725503639066351e-06 9.799201449194822e-08 2.6592351283460386e-06
321 2.7427826574446867e-06 8.56080081300167e-08 2.688332747690805e-06
322 2.7474331235003548e-06 9.171098250940292e-08 2.6894487572967277e-06
323 2.794604962491917e-06 8.833904257742994e-08 2.742257669330715e-06
324 2.8153554476553105e-06 9.894318095508422e-08 2.7513493188757438e-06
325 2.8481760541672554e-06 9.321646357866449e-08 2.7888726308149614e-06
326 2.8031023801509985e-06 8.798360631199944e-08 2.7508389470693406e-06
327 2.8278248950708302e-06 8.467707839776273e-08 2.7751164102319044e-06
328 2.86496477185736e-06 9.557318452804469e-08 2.8082776464646805e-06
329 2.8960473059217297e-06 9.110248364533903e-08 2.838280853926422e-06
330 2.88564162090167e-06 8.465568680860419e-08 2.825550698730815e-06
331 2.932697634561428e-06 8.764637800392446e-08 2.878700436922733e-06
332 2.949036030322671e-06 1.0289124887234152e-07 2.8814209919472514e-06
333 2.9381236996734513e-06 9.182947366009069e-08 2.8723686355563766e-06
334 2.961043933365683e-06 8.51722605369217e-08 2.9100566991787257e-06
335 3.0061599052232904e-06 1.0155773086737957e-07 2.9357773931106928e-06
336 3.0386525129484926e-06 1.0371102404365736e-07 2.97439454301352e-06
337 3.0337699426234502e-06 8.515668729524766e-08 2.9770568922537056e-06
338 3.090344605467825e-06 1.0298025615568618e-07 3.0243055440250304e-06
339 3.087912877532024e-06 9.730129177901276e-08 3.024567642849006e-06
340 3.0824721917904043e-06 9.130222645044683e-08 3.0237387335993992e-06
341 3.108430417289656e-06 9.036928472720867e-08 3.0548206239247778e-06
342 3.173240253654567e-06 9.706798659854718e-08 3.1143509167144566e-06
343 3.1762491719610338e-06 1.0293741009591644e-07 3.1047177823383867e-06
344 3.1809261615822088e-06 9.18295894074145e-08 3.122909480441861e-06
345 3.2200035374289367e-06 1.0539133843697909e-07 3.151984433749203e-06
346 3.233724811897415e-06 1.1128785592859956e-07 3.160262878076961e-06
347 3.262786162874303e-06 9.044090616637593e-08 3.210129538134828e-06
348 3.2928987852840847e-06 9.692447748229206e-08 3.2333268949917587e-06
349 3.3002106699877046e-06 9.798031842851309e-08 3.2364346218135033e-06
350 3.3124695254255666e-06 9.565671996362758e-08 3.25616001237369e-06
351 3.377456193853843e-06 1.0137118853071051e-07 3.301733029800346e-06
352 3.368516506555806e-06 9.714821168753695e-08 3.3092969705385864e-06
353 3.3785020364399554e-06 1.0627723138379801e-07 3.306125938072589e-06
354 3.402234670923547e-06 9.975402970499314e-08 3.3410143193634727e-06
355 3.441020614272223e-06 9.880077480109325e-08 3.390831681787833e-06
356 3.4841416456187e-06 1.0460451836967823e-07 3.414732391964592e-06
357 3.523331006480451e-06 1.0047426907709184e-07 3.4547301744079816e-06
358 3.5213509255450056e-06 1.0099201692449562e-07 3.4538193708947205e-06
359 3.523352552658302e-06 1.0372776892950941e-07 3.458664252677063e-06
360 3.5838294476648693e-06 9.832676846469095e-08 3.5250458243133792e-06
361 3.5987218742521595e-06 1.095000537218118e-07 3.5304029188398686e-06
362 3.6153727911922496e-06 1.1538566043874972e-07 3.5422241819395045e-06
363 3.667599322564577e-06 1.078436149998567e-07 3.5996094013624606e-06
364 3.6860084787272426e-06 1.0997947588662369e-07 3.6169192720157706e-06
365 3.7161592455194836e-06 1.1421013093777839e-07 3.6432870465284437e-06
366 3.7380982790838445e-06 1.075036337264765e-07 3.662055830173007e-06
367 3.759917758144564e-06 1.1997384972428784e-07 3.684086508355006e-06
368 3.8025123043498214e-06 1.1163437147926249e-07 3.736857542752814e-06
369 3.8417045093128e-06 1.1228167109314622e-07 3.7709951396576713e-06
370 3.849565020858529e-06 1.1536603855677861e-07 3.764600740763958e-06
371 3.866801951764315e-06 1.219760702434683e-07 3.78699377414184e-06
372 3.885348867375424e-06 1.1685496083475613e-07 3.816629820179073e-06
373 3.944920690553655e-06 1.2125324510123356e-07 3.873947342444665e-06
374 3.957684934910832e-06 1.2349032409826854e-07 3.876236871016906e-06
375 4.031656943820259e-06 1.1188925480120621e-07 3.952190876161873e-06
376 4.059775380776212e-06 1.2153076164615796e-07 3.989448866454806e-06
377 4.063741339162536e-06 1.195360077358292e-07 3.98976269086108e-06
378 4.074858968879291e-06 1.1408948865948482e-07 4.005524181506386e-06
379 4.09254296504115e-06 1.214900081207122e-07 4.017705904947013e-06
380 4.184025317545668e-06 1.3158608085353284e-07 4.102113253525559e-06
381 4.243063040151358e-06 1.2936692297988163e-07 4.156246073403694e-06
382 4.257686239729378e-06 1.3420001674458402e-07 4.1610334874648564e-06
383 4.260127004883138e-06 1.2425535104334646e-07 4.174534678546932e-06
384 4.298632216263201e-06 1.1437039720061772e-07 4.232499008508116e-06
385 4.324268288237942e-06 1.1904394652618941e-07 4.256378308430444e-06
386 4.381031813305948e-06 1.2120047506266247e-07 4.307196442669421e-06
387 4.378610693702362e-06 1.312568543818005e-07 4.288283882515958e-06
388 4.493255131187243e-06 1.3896437184580273e-07 4.407179488108296e-06
389 4.50344750607358e-06 1.366589986205505e-07 4.4153559201420604e-06
390 4.498087458337544e-06 1.2244578519377715e-07 4.4241394134898996e-06
391 4.53199805422506e-06 1.2341681782276339e-07 4.460119861132505e-06
392 4.582355885079265e-06 1.3635159179561712e-07 4.488641628324349e-06
393 4.636291864446921e-06 1.3274254970180551e-07 4.545204632273734e-06
394 4.66237578306691e-06 1.320896606702463e-07 4.578214620558176e-06
395 4.756794917864011e-06 1.3626232672786303e-07 4.671246715705148e-06
396 4.741004981526559e-06 1.3833575208271732e-07 4.6469555909855844e-06
397 4.814610742634109e-06 1.5059821092711716e-07 4.7223215511281015e-06
398 4.8765030560484e-06 1.3992689690486685e-07 4.777781241100589e-06
399 4.925279271387951e-06 1.343945990877928e-07 4.840816158480193e-06
400 4.91629635899091e-06 1.4513153462356306e-07 4.831029393901627e-06
401 4.959496763289802e-06 1.4523967008248692e-07 4.865657845726016e-06
402 5.018643226979842e-06 1.4132134888454866e-07 4.9281667728980276e-06
403 5.086413881239367e-06 1.503426730212361e-07 4.9834869320875725e-06
404 5.11784342650509e-06 1.498083559322652e-07 5.021607680208103e-06
405 5.142175449589775e-06 1.5171414779109937e-07 5.048112611013355e-06
406 5.288503754253556e-06 1.5764913297819932e-07 5.17513287407924e-06
407 5.273250019622001e-06 1.4946096726255708e-07 5.190233198660701e-06
408 5.370773803289736e-06 1.592378982330728e-07 5.266478331413715e-06
409 5.334095730996857e-06 1.5758826305758257e-07 5.238271706158804e-06
410 5.36959860082983e-06 1.5661646288549977e-07 5.277723812782179e-06
411 5.473515196977581e-06 1.6633443057743531e-07 5.368376313172556e-06
412 5.47195642963175e-06 1.6987678402796987e-07 5.362390173271688e-06
413 5.565122419957482e-06 1.6579046717346592e-07 5.460444238311757e-06
414 5.589138942466007e-06 1.8286940298180232e-07 5.457237539222365e-06
415 5.656732055314851e-06 1.5689298489879068e-07 5.5616823038955285e-06
416 5.684704836458004e-06 1.74547806593613e-07 5.572687217166579e-06
417 5.800998072778459e-06 1.7174705465026062e-07 5.684721985867409e-06
418 5.805538815896347e-06 1.6088882600142588e-07 5.709655372796194e-06
419 5.848950040040152e-06 1.5616924976884284e-07 5.762558121207754e-06
420 5.931870142406612e-06 1.6992265659376922e-07 5.83153364091275e-06
421 6.023223448652137e-06 1.7521858204224515e-07 5.909679487431978e-06
422 6.055732424443494e-06 1.5725261343376897e-07 5.966658852528161e-06
423 6.179959025155358e-06 1.7547118049411025e-07 6.0634916633312504e-06
424 6.147949295203469e-06 1.7926018381944207e-07 6.034031994597611e-06
425 6.2056668510159275e-06 1.8039104208605128e-07 6.101241947430639e-06
426 6.3165664297025925e-06 1.734084819217438e-07 6.227495534496226e-06
427 6.282089152700044e-06 1.6916086094665192e-07 6.180683276642604e-06
428 6.393131469388194e-06 1.7744215677898596e-07 6.29027426416838e-06
429 6.462521591711783e-06 1.6828412815283814e-07 6.36948061156685e-06
430 6.569565439823579e-06 1.6964052093659642e-07 6.4650326557031105e-06
431 6.625685191951551e-06 1.7020344478568606e-07 6.532599144882618e-06
432 6.67613749035568e-06 1.8507540456983206e-07 6.5610374226336695e-06
433 6.71021552171014e-06 1.8168553918604012e-07 6.594535909738619e-06
434 6.8046444306048955e-06 1.848690639353662e-07 6.691268094138875e-06
435 6.900372548200938e-06 2.038284559256559e-07 6.773776557251623e-06
436 6.891483094568006e-06 1.8797430230396092e-07 6.7800696347047164e-06
437 7.013246978909084e-06 1.824770845798615e-07 6.901181872672693e-06
438 6.962883690881656e-06 1.7877865831952665e-07 6.859139152563729e-06
439 7.131504138490819e-06 2.0196373906185035e-07 7.019123384607722e-06
440 7.208947433293466e-06 1.8666400185671796e-07 7.1051422299303875e-06
441 7.230707195858754e-06 1.8850560067115708e-07 7.1229785435050485e-06
442 7.360640032419615e-06 2.0317963224227412e-07 7.224909427304568e-06
443 7.471976763804391e-06 1.962301091601382e-07 7.343931678656991e-06
444 7.466231567385464e-06 1.893393908765206e-07 7.350147702446157e-06
445 7.591210274530884e-06 1.8770583656750357e-07 7.484178940272247e-06
446 7.635583731082194e-06 1.8099307610767226e-07 7.540133995908836e-06
447 7.757118657146722e-06 2.0407255526382348e-07 7.633731812406446e-06
448 7.766551668066036e-06 1.8499090888790817e-07 7.65683887983409e-06
449 7.903679723818887e-06 1.9707020883603586e-07 7.786719837553767e-06
450 8.070558234679972e-06 1.9654904519504638e-07 7.944042404207826e-06
451 8.089619879912139e-06 1.9302013257186378e-07 7.978331081648077e-06
452 8.132911942475366e-06 2.0127730859996227e-07 8.02165154651578e-06
453 8.235390014741108e-06 2.0099142767964753e-07 8.13505212197676e-06
454 8.321032023505445e-06 2.09074035011679e-07 8.202085107920657e-06
455 8.345462619244691e-06 1.9005241293956584e-07 8.251512156577486e-06
456 8.477361577264208e-06 2.1351189384073028e-07 8.369074300425874e-06
457 8.673463477187371e-06 1.926550311398608e-07 8.555996021185398e-06
458 8.654504782156718e-06 2.0760722757068367e-07 8.54407956736106e-06
459 8.813119393400143e-06 1.9701228886581847e-07 8.698758714517843e-06
460 8.857062657848258e-06 2.2054796902239112e-07 8.715055344741147e-06
461 8.976282634324331e-06 1.9927815576189518e-07 8.889610619723527e-06
462 9.050655464169012e-06 2.1133146350568776e-07 8.929791553608687e-06
463 9.07834488966043e-06 2.0123166715187912e-07 8.973112660150848e-06
464 9.1763612611866e-06 1.949623626374567e-07 9.081566222037827e-06
465 9.280235774787961e-06 2.0886922932181564e-07 9.172074288660362e-06
466 9.40816089012786e-06 2.0039395895526745e-07 9.29806126263437e-06
467 9.46159049547999e-06 2.0729068150065164e-07 9.345598096403608e-06
468 9.603800694070606e-06 2.1707956729833432e-07 9.497806657326922e-06
469 9.828087005607617e-06 2.0724890046992097e-07 9.721667196186915e-06
470 9.83647538003733e-06 2.1238391839310383e-07 9.739901015772264e-06
471 9.91232176837106e-06 2.0938537742314577e-07 9.802852326730582e-06
472 1.0002554564240516e-05 2.0190333459453375e-07 9.877488495807771e-06
473 1.0084236835044879e-05 2.090616224138449e-07 9.985614390366255e-06
474 1.0295961695480102e-05 1.9787943823973422e-07 1.0204998927349561e-05
475 1.028102168187266e-05 2.0293976365830295e-07 1.0190513384532457e-05
476 1.0505291228930843e-05 2.1074849043226882e-07 1.0397905434835981e-05
477 1.0587844413672332e-05 2.0551949522663984e-07 1.0503153605281294e-05
478 1.0574847302027757e-05 1.956958409013615e-07 1.0500299722192523e-05
479 1.0680556649400798e-05 2.003972357962442e-07 1.0598272453513798e-05
480 1.0917540919936161e-05 2.0276299871281782e-07 1.084234601242954e-05
481 1.1014329271779567e-05 2.0696040777768206e-07 1.0929075055121545e-05
482 1.1032862859431263e-05 2.0646673537205357e-07 1.0947825280892001e-05
483 1.1188178790248347e-05 1.8878827756989299e-07 1.112820880459212e-05
484 1.140321041926502e-05 1.9133206224347567e-07 1.132741388072254e-05
485 1.1436422621027121e-05 2.058680219144394e-07 1.134329398019223e-05
486 1.1528430582061773e-05 2.009353679215919e-07 1.1446853174226785e-05
487 1.1690197221705331e-05 1.934476926736732e-07 1.1613785903311598e-05
488 1.1788472160629213e-05 1.916478081180678e-07 1.172871272720492e-05
489 1.1810333844532706e-05 1.9205064195007342e-07 1.1737451537735331e-05
490 1.1973378057978461e-05 1.9189694051371506e-07 1.190526949320262e-05
491 1.2257255903901742e-05 1.9622551180474618e-07 1.2185111818449346e-05
492 1.2331490289737132e-05 1.7864569467866485e-07 1.2291570057430766e-05
493 1.2385065102992366e-05 2.0606692064625272e-07 1.2315813582985512e-05
494 1.2536718258100484e-05 1.8653707136145674e-07 1.2474729455720604e-05
495 1.2655477294012261e-05 2.0024782158514293e-07 1.258609743229055e-05
496 1.268144845234219e-05 1.865070875510805e-07 1.2631738615733529e-05
497 1.2939465337625106e-05 1.9771025720846624e-07 1.2906456805330165e-05
498 1.3102264236791169e-05 1.8831352621034666e-07 1.3048004269663786e-05
499 1.3038230746569568e-05 1.9095994564169154e-07 1.2984059778331146e-05
500 1.3308494683130481e-05 1.9397848553485602e-07 1.324113825323112e-05
501 1.3316449196099236e-05 1.943345761277527e-07 1.3271583623405743e-05
502 1.3633974070156809e-05 2.1357047054900648e-07 1.355236092787094e-05
503 1.382359905297359e-05 2.096938572622912e-07 1.37721966546237e-05
504 1.3733195023833878e-05 1.8716306506244657e-07 1.3706249257118992e-05
505 1.3885891599120636e-05 1.9096385825872582e-07 1.3854927609508536e-05
506 1.4211940630303287e-05 2.0488357566473014e-07 1.4165845010217696e-05
507 1.4297539541457221e-05 2.0119056018207273e-07 1.4249875326218132e-05
508 1.445551183394354e-05 1.8413754562646665e-07 1.442249715276151e-05
509 1.4609104518338088e-05 1.9669640218941902e-07 1.45682573778039e-05
510 1.4773334379612853e-05 1.9322972495625154e-07 1.4748620377590436e-05
511 1.4863505096264366e-05 1.906665241648935e-07 1.4812537913837921e-05
512 1.5071430163047447e-05 1.8297089262012757e-07 1.5027294861647972e-05
513 1.531623676049201e-05 1.7535090895366048e-07 1.5280661524855872e-05
514 1.534300896319182e-05 1.8075896482643738e-07 1.534777743732457e-05
515 1.5524373027883477e-05 1.7865655725583226e-07 1.5508247459561155e-05
516 1.5693158874085424e-05 1.702906685334716e-07 1.5677264368853847e-05
517 1.5801919596509604e-05 1.8244640522381628e-07 1.5798638427626195e-05
518 1.6036056835172114e-05 1.855661789507785e-07 1.602634378232789e-05
519 1.6086885065009117e-05 1.7334626984595583e-07 1.6071241561909936e-05
520 1.645775211074445e-05 1.6970029433167475e-07 1.6457625957227744e-05
521 1.6711026968153964e-05 1.6283538180478752e-07 1.6702216745577843e-05
522 1.674770953713265e-05 1.680896189029796e-07 1.6752585178450653e-05
523 1.6712618250830727e-05 1.6997310820354628e-07 1.6700275195794808e-05
524 1.704814157395471e-05 1.6308553427308952e-07 1.7074642306699042e-05
525 1.73626429986973e-05 1.627987544605263e-07 1.738071170487535e-05
526 1.7512114608750927e-05 1.6905118786076236e-07 1.752839467093169e-05
527 1.7554526044940336e-05 1.6876805963208991e-07 1.7584788114913337e-05
528 1.7649680455241632e-05 1.7216141800832793e-07 1.7669389225786102e-05
529 1.786576904792233e-05 1.6853079189827757e-07 1.7880454409090137e-05
530 1.817408365793228e-05 1.6617919767563125e-07 1.8201440734684246e-05
531 1.8404296387371252e-05 1.777337058755826e-07 1.839950366635503e-05
532 1.8664359588290967e-05 1.6889444523234387e-07 1.867780066958668e-05
533 1.8835914733985377e-05 1.761834159976065e-07 1.8866300009639102e-05
534 1.9054573793443356e-05 1.7022708630245548e-07 1.906876191021513e-05
535 1.9204227961505434e-05 1.7432963536325564e-07 1.9251353559530803e-05
536 1.9340095951320753e-05 1.6158336517249892e-07 1.937081761265034e-05
537 1.9716413176254402e-05 1.671537288697321e-07 1.974246856777483e-05
538 2.0031061132286098e-05 1.6645359545862025e-07 2.0085886869330387e-05
539 2.0081506900697147e-05 1.721176953297831e-07 2.013952955077996e-05
540 2.0154755309479963e-05 1.681130479025637e-07 2.020470678339111e-05
541 2.0606509083731343e-05 1.6676370208185472e-07 2.0655707863239322e-05
542 2.0863526249018083e-05 1.7664922024046915e-07 2.0904328828391127e-05
543 2.097800315693132e-05 1.6849429099244277e-07 2.1022869753749128e-05
544 2.1278292671268634e-05 1.6476458730877362e-07 2.1321734562648607e-05
545 2.1501756710480693e-05 1.6555371557542394e-07 2.154835313281174e-05
546 2.1825438513608036e-05 1.6642492456292756e-07 2.1866769555696298e-05
547 2.191281272840564e-05 1.6093312175887894e-07 2.1975424355290997e-05
548 2.217513763917642e-05 1.6388149711401224e-07 2.224101259554875e-05
549 2.260265431387332e-05 1.721194325001171e-07 2.267557780749341e-05
550 2.274354299057729e-05 1.6537321059822893e-07 2.2806127945660294e-05
551 2.3063715502709028e-05 1.6537101469928023e-07 2.314177845352208e-05
552 2.340455924058937e-05 1.6236462517058728e-07 2.350006996447502e-05
553 2.3457108080794862e-05 1.699011087810963e-07 2.3530712996163226e-05
554 2.374876673730193e-05 1.556201170576024e-07 2.3844437614434362e-05
555 2.423330441390599e-05 1.5235185899559858e-07 2.4298106361379597e-05
556 2.442693818025111e-05 1.5171465306729247e-07 2.452440310336605e-05
557 2.4586495538880025e-05 1.53265081082512e-07 2.4671860706349066e-05
558 2.4928986405983156e-05 1.6933864513182997e-07 2.5044951591176092e-05
559 2.5255997754492157e-05 1.6575411458322613e-07 2.5349856801407496e-05
560 2.5708563412749433e-05 1.521074622651788e-07 2.5799564874385055e-05
561 2.563427026429051e-05 1.5792733634850587e-07 2.574322515323868e-05
562 2.6116516837209734e-05 1.647673904067731e-07 2.62242645128014e-05
563 2.645442334095598e-05 1.540816666014724e-07 2.6567215256471276e-05
564 2.6703929904655348e-05 1.6735939263252921e-07 2.6787704801035086e-05
565 2.7097852445821706e-05 1.6346252952585327e-07 2.719100434277709e-05
566 2.7420682749812326e-05 1.7218094574049747e-07 2.7552159775441538e-05
567 2.7711207943681652e-05 1.715336572879701e-07 2.782598739476296e-05
568 2.794947974397486e-05 1.611539582992381e-07 2.8070901208158535e-05
569 2.8256182330879112e-05 1.6685688068131057e-07 2.8369668323625156e-05
570 2.8708091445323797e-05 1.7063741927682925e-07 2.882993643241242e-05
571 2.905416525717784e-05 1.596432602466729e-07 2.918701881056358e-05
572 2.9442145190527238e-05 1.5892824765202227e-07 2.9578782591321093e-05
573 2.981537176932861e-05 1.4961657508289133e-07 2.9971078090026146e-05
574 3.009082866054083e-05 1.6506955018008033e-07 3.0248986597036197e-05
575 3.030579860381254e-05 1.6333547876817104e-07 3.045729642592023e-05
576 3.088749033518583e-05 1.7311841666671824e-07 3.104690070441525e-05
577 3.10997311817328e-05 1.616762797607156e-07 3.1250018200136745e-05
578 3.1569546863290887e-05 1.7966427075958658e-07 3.169133622938826e-05
579 3.195938616557785e-05 1.723267072569625e-07 3.2086553969418146e-05
580 3.212786439434093e-05 1.746920987241453e-07 3.232758116349336e-05
581 3.282243648057535e-05 1.6239669508839948e-07 3.299578133659212e-05
582 3.303210055109807e-05 1.7716218530709703e-07 3.3202150945785905e-05
583 3.355719056681703e-05 1.6863878585858316e-07 3.3754362139788394e-05
584 3.413480743078677e-05 1.796023214907058e-07 3.429977847816713e-05
585 3.444761113540078e-05 1.7887220237356817e-07 3.4609449068744606e-05
586 3.478093375478257e-05 1.9575455155566498e-07 3.492230740748474e-05
587 3.5197377312411426e-05 1.8183663439777537e-07 3.535772959242769e-05
588 3.5553343238443415e-05 1.9627478578979702e-07 3.5725257914342736e-05
589 3.610997413902183e-05 2.0245515265478052e-07 3.625008108678223e-05
590 3.651180528685778e-05 1.916356193405303e-07 3.667307130541044e-05
591 3.7001696983873015e-05 1.810835221867233e-07 3.720153963965089e-05
592 3.736104179249337e-05 1.960987880965129e-07 3.755230248938765e-05
593 3.784170239633092e-05 2.0159009519454713e-07 3.8036228540010585e-05
594 3.841460989390002e-05 2.004395362049851e-07 3.8613369791384875e-05
595 3.9030755730969826e-05 2.0516807377432367e-07 3.92579065555964e-05
596 3.9278041010944246e-05 2.1002319630870507e-07 3.951556397504787e-05
597 3.979688368182406e-05 1.9994295484615605e-07 4.001015236116664e-05
598 4.0133566371891264e-05 2.1394693552003522e-07 4.0337812259961735e-05
599 4.061068090133355e-05 2.1605438748248197e-07 4.0791185598500825e-05
600 4.116584595798838e-05 2.1203257697591957e-07 4.136024941011796e-05
601 4.1901734479516e-05 2.2322697909246807e-07 4.2100904549273266e-05
602 4.219719709781204e-05 2.2358492876011337e-07 4.241930006232607e-05
603 4.2516376779304565e-05 2.2408881364601188e-07 4.275660804220756e-05
604 4.333655861131154e-05 2.2633975309418718e-07 4.354548637948185e-05
605 4.382343430128223e-05 2.1601364702917055e-07 4.405681987640532e-05
606 4.452607405175611e-05 2.408620792562347e-07 4.4762692745038406e-05
607 4.4727308352759044e-05 2.2692106997409131e-07 4.497870360992676e-05
608 4.539158347354787e-05 2.4728268436054796e-07 4.562625985479774e-05
609 4.617864644338861e-05 2.3236898926141395e-07 4.6426144106013376e-05
610 4.680884060876455e-05 2.4051473159091336e-07 4.703320774889053e-05
611 4.712689004741045e-05 2.42499090114991e-07 4.736818042911732e-05
612 4.788681810417805e-05 2.2474868244049446e-07 4.8173667308841405e-05
613 4.857696940560141e-05 2.6698646560368215e-07 4.878837664816098e-05
614 4.888178708457597e-05 2.447564633763555e-07 4.914460579582692e-05
615 4.98778506753072e-05 2.471073556120617e-07 5.0142054091046314e-05
616 5.031415771688884e-05 2.813465635087153e-07 5.053818755552755e-05
617 5.0767922966579944e-05 2.631314122202212e-07 5.104950712092892e-05
618 5.1550596991356936e-05 2.890365453706078e-07 5.179179424831611e-05
619 5.229029991308227e-05 2.6845649222084557e-07 5.257338170279464e-05
620 5.261477462916827e-05 2.967647375158263e-07 5.2885083517913904e-05
621 5.331927870558439e-05 2.9117857787573e-07 5.3592929542045994e-05
622 5.450472884535173e-05 2.881429653408094e-07 5.476971384499413e-05
623 5.4708883150430376e-05 3.331809512818075e-07 5.4957514756177613e-05
624 5.530818384653034e-05 3.0399883399529974e-07 5.557937228364009e-05
625 5.6431642185472384e-05 3.152228049571868e-07 5.6726360391778505e-05
626 5.6908511623123985e-05 3.0757638720827495e-07 5.7149637744744897e-05
627 5.762299903781162e-05 3.3402088209927225e-07 5.786057857459561e-05
628 5.858920030165898e-05 3.32633585052147e-07 5.881112949557799e-05
629 5.87816263652556e-05 3.352492069397955e-07 5.9081020080965684e-05
630 6.0118652806036254e-05 3.153993990348507e-07 6.0451464649279055e-05
631 6.083726347556218e-05 3.63424601861064e-07 6.10743853170297e-05
632 6.21618453555223e-05 3.574364515671219e-07 6.239179986943793e-05
633 6.242544345219085e-05 3.5869562589235065e-07 6.266946173723342e-05
634 6.279222741562931e-05 3.770257995703304e-07 6.306017527296691e-05
635 6.403714282952182e-05 4.1392404781202873e-07 6.432367852727595e-05
636 6.454338101139761e-05 3.790033259236702e-07 6.480757712765843e-05
637 6.520323110652516e-05 4.3012054897064996e-07 6.54071441748504e-05
638 6.634332535274638e-05 3.820019689721767e-07 6.659144983589454e-05
639 6.756342076067414e-05 4.4764075627639764e-07 6.777170205213921e-05
640 6.81812043675334e-05 4.358055661949031e-07 6.849676181585605e-05
641 6.863259192778649e-05 4.4735016111692786e-07 6.893518583630734e-05
642 7.010153816606335e-05 4.176593626285432e-07 7.032909862848407e-05
643 7.101284762917857e-05 4.3215965570567897e-07 7.126739102415798e-05
644 7.210209001415656e-05 4.2439939029432206e-07 7.23998253571019e-05
645 7.299786824352714e-05 4.191704014436857e-07 7.328157254323786e-05
646 7.331765461697626e-05 4.507888662760019e-07 7.359902465070064e-05
647 7.452649954456753e-05 4.345064433839148e-07 7.484581069333403e-05
648 7.574957367411373e-05 4.865476133676227e-07 7.606692310632653e-05
649 7.651480481942838e-05 4.833669243462935e-07 7.681489215192715e-05
650 7.802347458374807e-05 4.828098364946965e-07 7.837600656277121e-05
651 7.883385089041077e-05 4.836770611643594e-07 7.911128913864107e-05
652 8.015760437068146e-05 5.275676533734058e-07 8.040420801268451e-05
653 8.0992058265852e-05 5.472074586987697e-07 8.126680934964514e-05
654 8.12639126724349e-05 5.650641092665275e-07 8.152100121704434e-05
655 8.28172779618624e-05 5.621487528714644e-07 8.313627576041903e-05
656 8.378704416176612e-05 5.038659768865375e-07 8.414601493685234e-05
657 8.493911184217526e-05 5.321244139405192e-07 8.522935452156299e-05
658 8.675778017097773e-05 5.647314277789967e-07 8.713936482636773e-05
659 8.737944298115357e-05 5.447603849964784e-07 8.769883872530221e-05
660 8.895901694465115e-05 5.898571712564475e-07 8.931472293369501e-05
661 9.000638350022049e-05 5.817717854181359e-07 9.029329960166413e-05
662 9.088219621610259e-05 5.84688100868921e-07 9.121344231119902e-05
663 9.272056397314425e-05 6.201120142193424e-07 9.301804115027585e-05
664 9.305481047988258e-05 5.697887134476075e-07 9.345423451832814e-05
665 9.44801961078124e-05 6.190920501843948e-07 9.488016651909361e-05
666 9.533040938446612e-05 6.052028430263378e-07 9.574823595932821e-05
667 9.710682254963854e-05 6.506709819816603e-07 9.734568176467966e-05
668 9.869976964088526e-05 6.64665994882317e-07 9.909743628753381e-05
669 0.00010036952557935182 7.001489548538716e-07 0.00010063302378938581
670 0.00010058966127446523 7.002035328604873e-07 0.00010086877710852637
671 0.00010287950016661513 7.242958690044946e-07 0.00010325275280743079
672 0.0001039991213796694 7.040700082419273e-07 0.00010445772304312995
673 0.00010580666256004206 6.961955873474712e-07 0.00010631605847845571
674 0.00010650820728993214 7.69859981211519e-07 0.00010682181016570382
675 0.00010826766925578798 7.531426051051581e-07 0.00010862737625550602
676 0.0001094939475438949 7.452039792079049e-07 0.0001098342419994517
677 0.00011152918629447421 7.134092113248229e-07 0.00011197487490071299
678 0.00011199737892862951 7.229903075534995e-07 0.00011246739147473213
679 0.00011409380750354822 8.453008731058461e-07 0.00011443051958064831
680 0.00011655803602662097 7.849963158604176e-07 0.00011695568253083504
681 0.0001184018721634491 8.020306342967653e-07 0.00011886402707044512
682 0.00011911832768738308 9.074136342589372e-07 0.0001194455156360626
683 0.00012028777525113958 7.928709315322786e-07 0.00012082844853821429
684 0.00012185265082602222 8.675672576636508e-07 0.00012219742615312507
685 0.00012388780569289398 8.395588546578316e-07 0.00012439722188792985
686 0.00012565175100197437 8.539392148368951e-07 0.0001262141425653858
687 0.00012693775582698507 8.257738060055641e-07 0.00012739877325651093
688 0.00012891415492296597 8.704989134311533e-07 0.0001294114407002143
689 0.0001308225509458592 9.705227139839403e-07 0.0001312564442934818
690 0.00013229011037421372 8.723234433165363e-07 0.00013281191505671965
691 0.00013407619267223982 1.0477254938558294e-06 0.00013453881238132637
692 0.00013626606765750784 9.675355596477263e-07 0.0001366494800156089
693 0.00013858115803874573 1.0223862366949477e-06 0.0001390746870064421
694 0.00013974574430296294 9.294967987502075e-07 0.0001402495652219056
695 0.00014255497060961225 9.993573183089098e-07 0.0001431098927771127
696 0.00014402330168424596 8.898884720778099e-07 0.00014471855395792159
697 0.0001461237427877516 9.419728630760301e-07 0.00014676090288069508
698 0.0001489244875645367 1.0712419740182879e-06 0.00014939279683981303
699 0.0001496013975886219 1.0398368055705118e-06 0.00015004789709009827
700 0.00015150393263172875 9.63315597441733e-07 0.0001522141340403254
701 0.0001548119892337259 1.006856086984351e-06 0.0001554465596096194
702 0.00015558389529018473 1.0872948319305217e-06 0.00015609646533122404
703 0.00015864700602766723 1.0018559000669076e-06 0.00015935280970116194
704 0.00015984117183868784 1.150468950291929e-06 0.00016034757600236362
705 0.00016279744590764724 1.143873948805281e-06 0.0001633066023401755
706 0.00016546933522286773 1.1810291978533348e-06 0.0001661259977542642
707 0.00016843977370153341 1.0628146137028999e-06 0.00016918347071231783
708 0.00016947954164476842 1.2448107231427667e-06 0.00016982965857678515
709 0.0001721577279281374 1.2890619051511323e-06 0.00017273682489980026
710 0.00017460045350234163 1.3383437628188038e-06 0.00017507490382842155
711 0.0001766613994834416 1.2306373105132814e-06 0.00017727256477086215
712 0.00017940920375647445 1.372979158903398e-06 0.00017997462454736669
713 0.00018316495515119607 1.3316439334865324e-06 0.00018353828102066685
714 0.00018449386749365388 1.1919501985274158e-06 0.00018516218816548273
715 0.00018693719633968074 1.2852973503486512e-06 0.00018752171425085864
716 0.00018938898256479978 1.4053125434656741e-06 0.0001900200995845982
717 0.0001931395412445107 1.3095340865983618e-06 0.00019382241569204233
718 0.0001955442990332784 1.2955214615236385e-06 0.000196131355247985
719 0.0001974201533847309 1.3343923687403065e-06 0.00019815372636380283
720 0.00020032518950048963 1.4172649975269629e-06 0.00020095478820447525
721 0.00020339622083408217 1.4124553305940136e-06 0.0002040218839023296
722 0.0002046951101230792 1.3789331441200036e-06 0.00020559068367280214
723 0.0002097028614612447 1.5579631005869976e-06 0.00021041827924333657
724 0.00021190085708062197 1.4411646807225511e-06 0.00021258444100775146
725 0.0002156640436600548 1.4443883202865196e-06 0.000216503097963355
726 0.00021849207313681475 1.4668154230911977e-06 0.00021948576887068736
727 0.00022205727825932715 1.4703117713376391e-06 0.00022276540290110399
728 0.0002259360929024873 1.5459704776233377e-06 0.00022691189170622828
729 0.00022718478033500512 1.469495213903939e-06 0.00022821127943382097
730 0.00023116243923450126 1.6323213476891922e-06 0.0002320417463374425
731 0.00023509646461173056 1.6024055239568738e-06 0.00023608054409241116
732 0.00023939234306555424 1.7589881685700238e-06 0.00024030938161052242
733 0.00024060320874223418 1.7627588144821424e-06 0.00024129448660313468
734 0.00024383750752947602 1.6247058295161664e-06 0.0002447815977939949
735 0.0002492042639697586 1.4699272924198753e-06 0.00025021691067930924
736 0.00025166948554850537 1.7073724526010738e-06 0.0002527468672953422
737 0.00025497694443687535 1.8347308569257728e-06 0.00025593314385804014
738 0.0002595661022343565 1.5897417890205228e-06 0.0002605297343905592
739 0.00026233959079883796 1.6905221362652649e-06 0.0002632926453236334
740 0.0002660564613018358 1.6920350195974034e-06 0.00026739155936175143
741 0.0002700146008508523 1.7362407300868113e-06 0.0002708106253230317
742 0.00027435577353207525 1.7703830327299506e-06 0.00027525225743234684
743 0.00027748469644286615 1.8240334524631348e-06 0.0002786539165015652
744 0.0002833719126230263 1.980729433790728e-06 0.0002843404413843884
745 0.00028618951115210616 1.9066072212143111e-06 0.00028739516923566554
746 0.00028958652919619244 1.94972307362292e-06 0.00029049709088942085
747 0.00029468043774716113 2.083919398320821e-06 0.00029568395086412315
748 0.000299020190416991 1.9174837068943586e-06 0.00030046084461514926
749 0.0003040780757583861 1.838266967503836e-06 0.0003056076410721338
750 0.00030590523181976497 2.0696839408953994e-06 0.00030711235395036615
751 0.0003118601057849791 1.955707981197651e-06 0.0003133709393116823
752 0.0003166118587607759 1.9876200681726585e-06 0.0003177422598766191
753 0.00032038857515489036 1.9509985588846396e-06 0.00032197654593606233
754 0.00032787673419870016 2.0820953522362316e-06 0.0003291975293414282
755 0.00033143858440346055 2.0549563041782845e-06 0.00033301960114754254
756 0.00033538811418241504 2.076001637600195e-06 0.0003367353709559208
757 0.0003419378725811187 2.276558386983224e-06 0.00034298074326406537
758 0.00034473625032653413 2.1851388165041394e-06 0.00034604813733979704
759 0.0003500188868731121 2.1860296043454947e-06 0.0003512139187572404
760 0.00035606053291190867 2.1734880071782266e-06 0.00035770977894539126
761 0.0003616723217208491 2.2605042961846364e-06 0.00036307218375053734
762 0.00036765944795916905 2.373279680131168e-06 0.0003692886006392108
763 0.0003735107136630681 2.1276987972056013e-06 0.0003754609188689372
764 0.00037598719742584633 2.3148520737907355e-06 0.0003775921127944415
765 0.0003811108683964941 2.037341931760004e-06 0.0003831745582170343
766 0.00038623913983446624 2.425813774214621e-06 0.00038790444358414495
767 0.00039446337764678207 2.107552421766656e-06 0.0003964871554213446
768 0.00039924216547660693 2.2963727474178097e-06 0.00040135856352308636
769 0.00040475764951774205 2.322768185639578e-06 0.00040691415227211064
770 0.0004130790307514009 2.3430509476451152e-06 0.00041510496059748666
771 0.0004160380699914635 2.450732575984098e-06 0.0004180438461665941
772 0.0004225543391901968 2.192884372620965e-06 0.00042465526596726776
773 0.000426844131839049 2.4237438203299934e-06 0.00042884016102692665
774 0.0004365924233859323 2.64339169206284e-06 0.0004387073157487977
775 0.00044289905657890575 2.511167739587771e-06 0.0004451281091519358
776 0.00045029471802887015 2.517951436788969e-06 0.0004526089105297171
777 0.0004556445008084276 2.5753562946502088e-06 0.0004572710631777348
778 0.00046323865133534946 2.393295401526143e-06 0.000465535418791385
779 0.0004692099371508744 2.769495449443259e-06 0.00047150422430706265
780 0.0004761343903393691 2.489130605987559e-06 0.000478298977221226
781 0.0004858591756515396 2.274598878378872e-06 0.0004886439952582419
782 0.0004924052765079482 2.5455852684783413e-06 0.0004952337087978812
783 0.0004977241295795711 2.337396143638827e-06 0.0005004459327576663
784 0.0005064320722641636 2.8622794389892475e-06 0.0005089212014640469
785 0.0005129474614441624 2.5970280504595283e-06 0.0005158226158132889
786 0.0005203149491905958 2.572876641466637e-06 0.0005232483792264896
787 0.0005278352096439701 2.64939391032255e-06 0.0005307159543120391
788 0.000536814936256792 2.713778642626193e-06 0.0005397614796597809
789 0.0005416663929850415 2.7674160413425427e-06 0.0005446997378993312
790 0.0005532424428100602 2.8994353370425193e-06 0.0005565078693216874
791 0.0005602899535664452 2.5258387646234565e-06 0.0005636376814305883
792 0.0005707419078857811 2.8033542113269104e-06 0.0005738640116956935
793 0.0005788079061260739 2.849887254748323e-06 0.0005824066284572937
794 0.0005885856368461207 2.7876312804660267e-06 0.0005922147184982098
795 0.0005910024567209367 2.760547788996583e-06 0.0005949363962459807
796 0.0006010332308627785 2.9801727327887114e-06 0.0006045493602320034
797 0.0006135128831362738 3.1202842722940586e-06 0.0006168058286948194
798 0.0006242786821204229 3.0516456375839818e-06 0.0006282721363035337
799 0.000630347928385634 3.0265620388248632e-06 0.0006338161118120747
800 0.0006398753101260356 3.2231634382823966e-06 0.0006434826805093039
801 0.0006549075207512098 2.9530433444394263e-06 0.0006587856244913675
802 0.0006613302068137214 2.940256569053427e-06 0.0006648576102560207
803 0.0006686714398357789 2.922986883833421e-06 0.0006726395392372419
804 0.0006809322935104467 3.1570063727501826e-06 0.0006847089579222956
805 0.0006916100960329383 3.056810433461859e-06 0.0006959374385959984
806 0.0006984152105374384 2.9057734880166075e-06 0.0007026193191954387
807 0.0007134478793253108 3.1882377575104617e-06 0.0007187974123459915
808 0.0007191435572733658 3.250193529985864e-06 0.0007232352090562145
809 0.0007358002064131274 3.1148231973011443e-06 0.0007399762782540512
810 0.0007482172914646007 3.0526667871922192e-06 0.0007532893018411829
811 0.000755813954094821 3.1295841893142676e-06 0.0007611496816732261
812 0.0007695883248562522 3.304338836534577e-06 0.000774518934892115
813 0.0007789606351028261 3.19906251718109e-06 0.0007836030691741221
814 0.0007913368830961127 3.7981743592841518e-06 0.0007958159167524814
815 0.0008033842966859661 3.431847528868686e-06 0.000808583330005004
816 0.000817509272270348 3.3378695096992935e-06 0.0008227261992447715
817 0.0008256148563672226 3.3278392469244645e-06 0.0008312225123972352
818 0.0008394990680447091 3.402091215787437e-06 0.0008448860204351458
819 0.0008532197972256991 3.5301503032111165e-06 0.0008586982385262319
820 0.0008695585569057101 3.4864799591360447e-06 0.0008753256404154767
821 0.0008840554783192353 3.4094306806918983e-06 0.0008901645817748976
822 0.0008864659237172377 3.721565472422229e-06 0.0008923904300792701
823 0.0009010438020950191 3.578922092462387e-06 0.0009071123533497192
824 0.0009195859822661238 3.3314411390484446e-06 0.0009258643898412435
825 0.0009263713621179196 3.4904261146955624e-06 0.0009329382016624766
826 0.0009493963659465157 3.4559349679286684e-06 0.0009563654464269493
827 0.0009636906177247903 3.605167407341799e-06 0.000970538512056611
828 0.0009754559167022673 3.402411422733027e-06 0.0009825254906701702
829 0.0009978249860867008 3.4957431506735702e-06 0.0010042314317943472
830 0.0010104117381079477 3.7619464127269505e-06 0.0010174469409221377
831 0.001017450115177075 3.4542012892227568e-06 0.0010242593392234404
832 0.001041265206886423 3.587457894906706e-06 0.0010492839362484052
833 0.0010577668292820709 3.6149103312027918e-06 0.0010657374311285805
834 0.0010731710368225187 3.505721142197377e-06 0.0010814746276602274
835 0.0010880022116529608 3.831381528350919e-06 0.0010958848747163283
836 0.0011094098280936173 3.981438893575261e-06 0.0011179714482761618
837 0.001123839474488823 3.6742819531025602e-06 0.0011324478196590851
838 0.0011431562478287124 3.864891772503471e-06 0.0011507195326836018
839 0.001158922504330448 3.7607729052180148e-06 0.0011676270020733871
840 0.0011772964039589238 3.713644106219769e-06 0.0011861775502453626
841 0.0011903768077688608 3.696980890144207e-06 0.0011992232360468842
842 0.0012152171124198826 3.751434439572466e-06 0.0012247778694774846
843 0.0012416726130491497 4.037436865516153e-06 0.0012504335503067596
844 0.0012454141576242442 3.875281234104295e-06 0.001255502353188568
845 0.0012730611495763821 3.949663861491451e-06 0.0012830852999299793
846 0.0012860930936743576 3.978287914343149e-06 0.0012959750567854778
847 0.0013141287769501816 4.284994729438357e-06 0.0013239479030771636
848 0.0013342139905301539 3.911433125435024e-06 0.0013449660792829163
849 0.0013497078059818118 4.3336734255832256e-06 0.0013600058005272505
850 0.0013737883069758951 3.91636494141193e-06 0.0013847131480930097
851 0.0013994187308876032 4.086617116665435e-06 0.0014103673681635214
852 0.0014094629434878863 4.4971022078372105e-06 0.001419254675871698
853 0.0014417066950929496 4.285308952412162e-06 0.001452414920050083
854 0.001455594672740926 4.004272277569618e-06 0.0014678253124954293
855 0.0014786640999769598 4.362603952034649e-06 0.001489909142368355
856 0.0015174333734096967 3.8150226560945085e-06 0.0015291554158811714
857 0.001536273168349743 4.156721341654411e-06 0.0015491632136834727
858 0.001550082202585769 3.863435938369073e-06 0.001563569402088545
859 0.0015763846922997775 4.0415909041770905e-06 0.0015895917689328473
860 0.0016014754932583025 3.841946396697549e-06 0.001615031170788615
861 0.0016201679947983796 4.34099489894277e-06 0.0016337798615780536
862 0.0016520864612850142 4.01816298593385e-06 0.00166505364046001
863 0.0016842443840236587 4.632755893914111e-06 0.0016974956002911038
864 0.0017138889275785706 3.9445416892208495e-06 0.0017276972544958
865 0.00173165640967254 4.373379209548391e-06 0.001745260099797774
866 0.0017650134243185748 4.475469708266914e-06 0.0017795058316531088
867 0.0017857857611443017 4.1875604601575656e-06 0.0018015298259646026
868 0.00183455554966465 4.272225655640351e-06 0.001850476389656838
869 0.0018464988936985982 3.853199319665391e-06 0.0018622392208572742
870 0.00187982319300394 4.409082769163492e-06 0.0018949820435492245
871 0.0019027846975217205 4.5170532413189854e-06 0.0019192515755830683
872 0.0019441554208701334 4.443863590690814e-06 0.0019612138940263584
873 0.001963740600887891 4.340524269969009e-06 0.001980068695219429
874 0.0020066605376679258 4.460218821901704e-06 0.002024188607748413
875 0.0020458269402264147 4.8875305420319054e-06 0.002062906827117437
876 0.0020555531641324467 4.76785687244267e-06 0.00207254629966371
877 0.0020868426316734395 4.607180188827037e-06 0.002105981394186509
878 0.0021416991872490582 4.706387360112626e-06 0.0021595179576142957
879 0.0021737881284283685 5.115541088941749e-06 0.0021921144514649373
880 0.002203111323345582 4.098096145577621e-06 0.002221547231147917
881 0.002234890895193159 4.591513530016098e-06 0.0022560678096789077
882 0.0022619269674558824 4.3444820678269624e-06 0.0022816787308966562
883 0.0023044888824406812 4.53362495043449e-06 0.002324450556326718
884 0.002355151500548309 4.595832564165505e-06 0.0023756775510539105
885 0.0023930429226908727 4.7854223460765865e-06 0.0024148087456986873
886 0.00242682714736956 4.697860936596163e-06 0.0024483118910607
887 0.0024699715835192694 5.290438179619688e-06 0.002492331883595931
888 0.002497894559602713 4.468296153052166e-06 0.0025195072314443566
889 0.002534230602098921 4.794505721083089e-06 0.002556686824687989
890 0.0025882854376243114 4.47792540745293e-06 0.002611928612274051
891 0.0026339552894582012 4.589029000884438e-06 0.002657289369089068
892 0.0026676907632208857 4.887418319488504e-06 0.002692471336284011
893 0.0027074589013550664 4.5722859621183965e-06 0.0027324286063007946
894 0.0027458347845413407 4.751243548022926e-06 0.002770533557349509
895 0.0028166448027065944 4.714162445457199e-06 0.002842514593628795
896 0.002863826299145682 5.10453886766727e-06 0.0028894061459791044
897 0.0029048505261813863 5.3646612014649845e-06 0.002930309411583454
898 0.0029478254113507484 5.080100542432243e-06 0.0029746908165735196
899 0.0029748603898337206 4.985034118460213e-06 0.0030036650100123646
900 0.0030570579273328036 5.012876977718965e-06 0.0030833566152217583
901 0.0030981773243238275 5.413713867959177e-06 0.0031243914526827123
902 0.003156276521170652 5.012121135820005e-06 0.0031858270822188047
903 0.0032045761237096894 4.886749125542308e-06 0.003234547359505957
904 0.0032443564318819524 4.723965443857865e-06 0.003274800817516853
905 0.003289648305427709 4.768696111403047e-06 0.0033193258548766657
906 0.003361356255234201 5.089425357415004e-06 0.0033933050540118394
907 0.003416510181145302 4.591992651367343e-06 0.0034482679777385517
908 0.003459450134191639 4.924390152789398e-06 0.0034935485872209992
909 0.003533394798426996 5.253314249994045e-06 0.003568555616462924
910 0.00359844815083146 4.859354101417402e-06 0.0036339637284245573
911 0.0036535240100910933 4.954280276738601e-06 0.0036877780781136207
912 0.0037104017602007278 5.095606199822508e-06 0.0037450532702758906
913 0.003777861373599342 5.068415187354441e-06 0.00381277594621601
914 0.0038289700061889895 5.190683823681985e-06 0.0038671324970885102
915 0.0038883855881917794 5.008925913650666e-06 0.0039264090039303505
916 0.003959633474611239 5.173612971062675e-06 0.003995999228401106
917 0.0040609196646246536 4.956494211705435e-06 0.004100994347957278
918 0.0040921080306834355 5.3199159760625975e-06 0.004130618903684421
919 0.004156076013404651 5.092917739962829e-06 0.004194083887970672
920 0.004242804043058175 5.223133540087399e-06 0.004282809933782751
921 0.0043170193366024075 5.4266556950201805e-06 0.004358227076539612
922 0.004368655616464538 5.550408106445759e-06 0.004412518621955567
923 0.004464850304680822 5.3104593620411505e-06 0.004508384923205218
924 0.004543432479620764 5.176103115153073e-06 0.004588091308199846
925 0.004597649836229733 4.981517958843929e-06 0.0046424076328188965
926 0.004692253701883965 5.1216942638817804e-06 0.004738700355755955
927 0.004767163231464182 5.309788707972719e-06 0.004811844641898594
928 0.004872791055535077 4.995566387892632e-06 0.004920413390889026
929 0.004941386512283024 5.499779895210322e-06 0.004991052612185868
930 0.005025036320271557 5.189314991976715e-06 0.005075121397161498
931 0.005116833521497126 4.788225758211243e-06 0.0051672988883179225
932 0.005209814218081297 5.306984450293569e-06 0.00526265369655492
933 0.00529431335451684 4.999693920281144e-06 0.005347117391869783
934 0.0053765591525886 5.275851693615306e-06 0.005428453077773176
935 0.005475573599229678 5.016057041231977e-06 0.005529802893566634
936 0.005582570461965579 5.304238532269253e-06 0.005639292781623897
937 0.005687992497085065 5.127204996510538e-06 0.0057463946618169824
938 0.005785118246216766 5.007134781878928e-06 0.0058418188118497935
939 0.00584487173680439 5.46938758053457e-06 0.005903935210641313
940 0.00596525785829059 5.3115405844607975e-06 0.006026377176610042
941 0.006099553448061192 5.6126176265511665e-06 0.006162674820658549
942 0.006148915441063907 5.211356200126807e-06 0.006210945501647422
943 0.006309697946409249 5.5858823817227754e-06 0.006372940025918198
944 0.006404708878032385 5.412186756041627e-06 0.006468622004302165
945 0.006526185463311019 5.32324122465229e-06 0.0065956318394157065
946 0.006605594747955431 5.399944430612079e-06 0.006673539757322741
947 0.006735142712262151 5.160016550190476e-06 0.006798466191388294
948 0.00689249205505069 5.2300993619303046e-06 0.006965486967333969
949 0.007035059997694087 5.497050913517126e-06 0.00710641628367488
950 0.00713344477280616 5.39007827803312e-06 0.007206758819085064
951 0.007243543391162989 4.947080714615961e-06 0.007322960326101638
952 0.007381962712144949 5.459930820291102e-06 0.007457865596558829
953 0.0075305189293410025 5.361256609603184e-06 0.007605386096212421
954 0.007689377179018286 5.642911528344191e-06 0.007770666970985427
955 0.007854406890193177 5.0468804786994345e-06 0.007936239506542339
956 0.007967344388288134 5.063216139511485e-06 0.00805108884803849
957 0.008083487040242787 5.5556318137826854e-06 0.008168442192868613
958 0.008238241672989092 5.469807531279369e-06 0.008323848131732344
959 0.008446881212608505 5.0249541234186535e-06 0.008534265585551036
960 0.008615317307333382 5.328477592126953e-06 0.008703682745607155
961 0.008730822804881553 5.268606570343174e-06 0.00882042079191038
962 0.008862202718273107 4.83575285366534e-06 0.008953185555419952
963 0.009074875566083445 4.953547112640632e-06 0.009171677819735513
964 0.009161010769183228 5.037214931799394e-06 0.00925688592145026
965 0.009426254514648912 5.226940705535619e-06 0.009524054790936487
966 0.009592955561919053 5.091326939883887e-06 0.009696929030714318
967 0.009723453979907757 4.982819083070814e-06 0.009828992877666587
968 0.010009586364838563 5.273983140347087e-06 0.010117240592906673
969 0.01019817312785176 5.459398437822216e-06 0.010305871233776902
970 0.010253729520573927 5.132470438613872e-06 0.010359144415073724
971 0.010481739289609694 5.135668948888819e-06 0.010592127807614546
972 0.01071837752002666 5.325433620246855e-06 0.01083570803225219
973 0.010899028918303291 5.396896155535203e-06 0.0110145315327925
974 0.011082837564056652 5.813637184940619e-06 0.01120397407438176
975 0.011299354538831406 5.033203160165436e-06 0.011420272444426368
976 0.01155893049143659 5.562619796647192e-06 0.011675103202146568
977 0.011771484913687949 4.8415535884299126e-06 0.011898136287009729
978 0.012053743341210874 5.263596496136938e-06 0.012181937128803177
979 0.01220319352199032 5.265837820748901e-06 0.012339358786776358
980 0.012451854293160362 4.991318519639324e-06 0.012590196248854792
981 0.012733300738030355 5.049855721654761e-06 0.01287116997811002
982 0.012993575666287845 5.1448416885964e-06 0.013132357117607615
983 0.013212690634276715 5.308541099479812e-06 0.013356279370812043
984 0.013459416248379952 5.125622415555022e-06 0.013606165338821509
985 0.013794226600697903 4.848677890762916e-06 0.013948046881648033
986 0.014089508102978564 4.855572756484212e-06 0.0142411450503342
987 0.014346836004555592 4.796473770712659e-06 0.014505135544484658
988 0.014659449070922698 4.9724843960528404e-06 0.014819070843733044
989 0.014856402016313965 5.024398055208954e-06 0.015018649371881914
990 0.01514910761051592 5.079750902139116e-06 0.015318119991651977
991 0.015461870312036479 4.946326607559975e-06 0.01562910890868592
992 0.015751629763765377 5.382335298103019e-06 0.0159264192911709
993 0.016184015182181873 5.415820601108091e-06 0.016361175204992383
994 0.016473659049398747 4.929217059733309e-06 0.016656221149090506
995 0.016823731460984842 4.76177276318352e-06 0.017006555434107406
996 0.017125009766630107 5.611152676531124e-06 0.017318858848695294
997 0.01745070346254395 5.05101185991181e-06 0.01764689745768097
998 0.017801654756362414 4.8062892625698036e-06 0.017998420795378774
999 0.018206908765745204 5.025021141849985e-06 0.018405962033854285
1000 0.018520053268242725 5.108056421501367e-06 0.018722805888058983
1001 0.018946662515309964 5.215464037550072e-06 0.0191537279433017
1002 0.01933556891851422 5.013067528398792e-06 0.019562523742856455
1003 0.019834624499523765 5.251224625375854e-06 0.020047374347241048
1004 0.020296674032518086 5.231840839367648e-06 0.020522270918679995
1005 0.02052607000833309 4.934685261895706e-06 0.02075524781883604
1006 0.02107519514035162 5.180513438549071e-06 0.021306500430565253
1007 0.021396663762225324 5.7296388112378515e-06 0.021634452531256444
1008 0.021905657520202116 5.0299858665796e-06 0.022153737285727358
1009 0.022369833867278772 5.176656771738539e-06 0.022617027661929565
1010 0.022874844068008073 4.946113103533886e-06 0.023129435708542964
1011 0.023262296593186366 4.875146299891245e-06 0.023522029702121514
1012 0.023703893502496215 5.215995522658306e-06 0.023976863722065197
1013 0.024352520057672567 5.028826621401593e-06 0.02462665489082364
1014 0.02490666492857655 5.098152251997747e-06 0.025188718762171294
1015 0.025444760713967934 4.94958222840852e-06 0.0257306273485342
1016 0.025797689556322535 5.175268631680949e-06 0.026083882015960423
1017 0.02646057559941601 4.921374583137392e-06 0.026761865098034264
1018 0.02701184324149377 4.844515495553812e-06 0.027321038546343615
1019 0.027422898225450985 5.44682541542822e-06 0.027729626609636432
1020 0.028047429151601425 5.680418026618627e-06 0.028368902373891013
1021 0.028512068343734015 6.62049727886288e-06 0.028844699389890937
1022 0.029082901647541085 7.181628046808279e-06 0.029434427405344965
1023 0.0306934270341621 2.468326212757263e-05 0.03113407404638378
1024 0.03129038290331394 2.4083518202092615e-05 0.03175038097811327
