ell R_ell F_ell N_ell
2 0.0009016515761350734 0.0008758380796922535 1.5233110722430012e-05
3 0.00021472520667106416 0.00018341641133131931 1.9512864696662223e-05
4 0.00012657506681780463 0.0001127279827611333 1.4932608134998798e-05
5 6.816236410682079e-05 4.8153549155843064e-05 1.5990741449600255e-05
6 8.332000240493191e-05 7.000481000578588e-05 1.5563064216596606e-05
7 6.731984183483272e-05 5.3504947579025704e-05 1.4880192021625007e-05
8 3.9727936594576724e-05 2.302742494423013e-05 1.5202087710328932e-05
9 3.056900854053011e-05 1.733855110252734e-05 1.4519961959976527e-05
10 3.618221098539594e-05 2.1643587503536793e-05 1.4821132564298346e-05
11 3.057736652230033e-05 1.5823713775959993e-05 1.507371936310956e-05
12 3.1611952562708765e-05 1.708362825146401e-05 1.396755203835321e-05
13 2.577989171957777e-05 1.2173024458731386e-05 1.5237085803222058e-05
14 2.4991938126634503e-05 1.1269663291511456e-05 1.4823596760467526e-05
15 2.8110187840203695e-05 1.1719481840569705e-05 1.581346620131939e-05
16 2.3610317464056033e-05 8.136023977938195e-06 1.5533493993447753e-05
17 2.464402082426096e-05 8.71832218416838e-06 1.5092730228186237e-05
18 2.2075234812900997e-05 6.93032974770766e-06 1.5143896957379576e-05
19 1.907326548387173e-05 4.885129226589416e-06 1.4703473064453033e-05
20 2.1713142920767964e-05 7.201788734916922e-06 1.4675733263098462e-05
21 1.9747737730329133e-05 4.79807107604318e-06 1.4899063626610281e-05
22 1.9177107972996337e-05 3.2195612255895776e-06 1.5976164267829862e-05
23 2.003954537190726e-05 5.134354210964935e-06 1.4944896295838e-05
24 1.7556287015217002e-05 1.9004414573823197e-06 1.5346321054637376e-05
25 1.8218299975148936e-05 3.745205978580588e-06 1.4604110981913807e-05
26 1.6617136700475575e-05 2.5493618876089303e-06 1.4179758215626497e-05
27 1.863329925784124e-05 3.281568359366596e-06 1.5550778343369112e-05
28 1.7560946820318547e-05 1.7996529486962447e-06 1.5765980377599315e-05
29 1.7449424983755444e-05 2.568383611225197e-06 1.4952276899978898e-05
30 1.7502439542581388e-05 2.2002625280543024e-06 1.5315573091221897e-05
31 1.7515652738297818e-05 1.7627580703132118e-06 1.5753499501175417e-05
32 1.7258615257024957e-05 2.0245532333317173e-06 1.5200233804782196e-05
33 1.6967166257380166e-05 2.093676553114525e-06 1.4948198997354307e-05
34 1.6747230636708425e-05 2.0038621497918024e-06 1.4950848703904775e-05
35 1.6959853995380107e-05 1.849777748880406e-06 1.5043781964114704e-05
36 1.7185446160577215e-05 1.4148125442220124e-06 1.562803840218887e-05
37 1.6548181810639594e-05 1.7293036396933512e-06 1.4916831842635107e-05
38 1.6968844415156244e-05 1.6409931952492003e-06 1.5143001880527447e-05
39 1.635827023072727e-05 2.4112584143293897e-06 1.4363820503365884e-05
40 1.51446458179168e-05 1.530697540404118e-06 1.3704677246209496e-05
41 1.5730902823399577e-05 2.192869718388548e-06 1.3528740546874822e-05
42 1.4064503958845747e-05 1.0664581204061633e-06 1.3065274470621045e-05
43 1.3174365797777264e-05 1.2053579333620205e-06 1.2051491611264256e-05
44 1.3246484300977527e-05 1.3852647168508918e-06 1.1868164575310701e-05
45 1.297766300107859e-05 1.3641765518824315e-06 1.1662193196971778e-05
46 1.2160800966382767e-05 1.081607936876407e-06 1.1122602027579584e-05
47 1.1842677584195874e-05 1.0256884828513862e-06 1.079091235818634e-05
48 1.1508218741486598e-05 1.2517397181082367e-06 1.0193928983888402e-05
49 1.0597850778750728e-05 8.331365098893729e-07 9.829175285035591e-06
50 1.0650132983195736e-05 9.677631391330963e-07 9.67589350849456e-06
51 1.0399109692162288e-05 1.286414242266993e-06 9.140126740243323e-06
52 1.0056763406503877e-05 1.049370863391695e-06 9.07942714750654e-06
53 9.630779021839118e-06 6.739123297102295e-07 8.899835022875495e-06
54 9.971402604876351e-06 1.26104321124108e-06 8.880416807285861e-06
55 9.70044876393799e-06 1.0888900864484693e-06 8.645974401328868e-06
56 9.457511818443707e-06 9.137174127527022e-07 8.519783767111212e-06
57 9.568428460112683e-06 1.0545480154905005e-06 8.576671346656539e-06
58 9.55177716140764e-06 1.0341555767433891e-06 8.471344282465e-06
59 9.655538306779003e-06 1.0681227372268875e-06 8.505589997358702e-06
60 9.446694602699745e-06 1.1011285664360754e-06 8.427953468594586e-06
61 9.585513725899496e-06 1.1392914316925824e-06 8.404367104459957e-06
62 9.190380218003327e-06 6.907309803373305e-07 8.449447586426667e-06
63 9.522895465653532e-06 9.86685646001989e-07 8.539535170224253e-06
64 9.18943362193618e-06 8.17366789263208e-07 8.50611309041428e-06
65 9.267115170692784e-06 6.319636758761175e-07 8.592426615611376e-06
66 9.37285725831829e-06 9.880281979736726e-07 8.429268492668121e-06
67 9.445561135510076e-06 9.146624379893204e-07 8.496558112387819e-06
68 9.385466624459466e-06 7.727331383965927e-07 8.713941326188026e-06
69 9.32085867954675e-06 6.792213343166458e-07 8.661397658383609e-06
70 9.257635829547273e-06 7.453458864253895e-07 8.516183377131674e-06
71 9.38724187494052e-06 8.053164038336641e-07 8.580967171173466e-06
72 9.278260757488788e-06 6.189103272615861e-07 8.559255276894186e-06
73 9.144119512685634e-06 6.075198813755284e-07 8.54000199510451e-06
74 9.071911039804228e-06 6.270099173842818e-07 8.456862790309465e-06
75 9.08217538453778e-06 7.289912931239186e-07 8.397334564660585e-06
76 8.825278520342173e-06 5.540616326136272e-07 8.31325968432814e-06
77 8.74451382871154e-06 5.673724816332495e-07 8.210773742666578e-06
78 8.782194073065322e-06 6.307433165010358e-07 8.201742551105949e-06
79 8.871622252745866e-06 7.092026268465126e-07 8.096951691095942e-06
80 8.516636713370997e-06 7.242372256329761e-07 7.843290463579722e-06
81 8.412892508580727e-06 6.493390510596482e-07 7.72532733560952e-06
82 7.994544716575155e-06 5.30877834962577e-07 7.4537565450924426e-06
83 7.79680147857996e-06 5.532509465054224e-07 7.270356751001449e-06
84 7.886072669196228e-06 6.498222655179368e-07 7.247989858627643e-06
85 7.864860193903452e-06 7.860485579645368e-07 7.0548880648635635e-06
86 7.563408425093856e-06 6.25462482355874e-07 6.9089946089759075e-06
87 7.441455312428458e-06 7.238692169627088e-07 6.709302984629294e-06
88 7.187330579158574e-06 6.500276148175723e-07 6.500704997751025e-06
89 7.0824832366751066e-06 6.741522085120565e-07 6.477409163814873e-06
90 6.795498603834061e-06 6.598785402976557e-07 6.1904368201828314e-06
91 6.947022026109144e-06 6.66325514277519e-07 6.183107808403753e-06
92 6.47492896392398e-06 5.832697244956202e-07 5.877622551072737e-06
93 6.33598918718222e-06 6.135482458798236e-07 5.705410616014596e-06
94 6.382646037803854e-06 7.226260702023531e-07 5.760732339237385e-06
95 6.073581651316969e-06 5.835847161365248e-07 5.5316720800896155e-06
96 6.221973365374705e-06 7.938317259549442e-07 5.3757627135168155e-06
97 5.928513824638035e-06 7.158666272004185e-07 5.258411411540254e-06
98 5.8754857818215736e-06 8.405404654003328e-07 5.0733480391767864e-06
99 5.694436802636749e-06 7.123027290900594e-07 4.995163608926975e-06
100 5.701787864468388e-06 8.306693158764706e-07 4.865112997205841e-06
101 5.6451142124946756e-06 9.260336580178683e-07 4.758322548960747e-06
102 5.185124923960432e-06 6.403988802844508e-07 4.5899637638513435e-06
103 5.290164017334011e-06 8.158960137777364e-07 4.481282091830421e-06
104 5.428061511698605e-06 9.675058164380136e-07 4.4782031347368715e-06
105 5.0061560981779085e-06 7.595870187624107e-07 4.26132629543471e-06
106 5.1260256496651545e-06 9.890009673092413e-07 4.13954521711221e-06
107 4.883591520876806e-06 7.857588406018237e-07 4.0987150840576545e-06
108 4.827294292244091e-06 8.912760140516003e-07 3.975235433820915e-06
109 4.801059499170376e-06 8.171688210011284e-07 3.981793830430404e-06
110 4.791587339503532e-06 8.944338177978281e-07 3.950626561144557e-06
111 4.675882944501664e-06 8.147985472233742e-07 3.8420429503471945e-06
112 4.774070569828861e-06 9.321152979754015e-07 3.8104807969528816e-06
113 4.582655899851162e-06 8.022813427895385e-07 3.7633500681487834e-06
114 4.29485115048031e-06 6.12402582325511e-07 3.7050661757262686e-06
115 4.506535019160433e-06 9.484745381064593e-07 3.6064172469315685e-06
116 4.408344014729517e-06 8.188281361868155e-07 3.637333863764159e-06
117 4.459940746457275e-06 8.034948221198288e-07 3.677620961798854e-06
118 4.288073973042789e-06 6.548034012288373e-07 3.6438767736531504e-06
119 4.4490663247726505e-06 8.721001267439254e-07 3.6112160076407482e-06
120 4.326188472961198e-06 7.112713074079269e-07 3.5634701954975766e-06
121 4.552759799430012e-06 9.764988580916564e-07 3.613919090322934e-06
122 4.400889841676459e-06 7.673562123450859e-07 3.6507991447921432e-06
123 4.409608053655397e-06 7.773034787286622e-07 3.6487601772644182e-06
124 4.54187198815647e-06 8.597104867833034e-07 3.6599493055937704e-06
125 4.490184604445986e-06 7.732334501824336e-07 3.7075865325655166e-06
126 4.517423144754072e-06 7.343773004989035e-07 3.7214189154148045e-06
127 4.329946237795592e-06 7.33975371006915e-07 3.607744862601332e-06
128 4.3709955352993945e-06 7.023711622666266e-07 3.644715164308205e-06
129 4.394713558665203e-06 7.501258878590625e-07 3.6856052915539305e-06
130 4.4685882319088935e-06 7.027790574713166e-07 3.737077173351371e-06
131 4.48291233158472e-06 7.778684108315732e-07 3.7246443198441003e-06
132 4.358240030656258e-06 6.272504489893687e-07 3.784683148504877e-06
133 4.392584536231811e-06 6.327806713420087e-07 3.7909133825914137e-06
134 4.31011575941695e-06 5.354126598327336e-07 3.7695580147883143e-06
135 4.290836250877674e-06 6.266519160557796e-07 3.7478560877857876e-06
136 4.58514104572975e-06 6.735134272253792e-07 3.8777043314056524e-06
137 4.405088903605544e-06 5.972109502302534e-07 3.7913861072220577e-06
138 4.389558602846343e-06 5.210447751683008e-07 3.877621503356233e-06
139 4.4157048849845795e-06 5.525854077836364e-07 3.895069308993271e-06
140 4.375699421305731e-06 5.35634612915893e-07 3.860475742751662e-06
141 4.539659290189091e-06 6.077797932282799e-07 3.905541364125365e-06
142 4.267457300226527e-06 3.46149087492927e-07 3.883130791350678e-06
143 4.467516682058833e-06 5.53838333888131e-07 3.911472355821311e-06
144 4.484495815052417e-06 6.04282514203026e-07 3.873456964090037e-06
145 4.451905546769437e-06 5.287056714176875e-07 3.927062918844325e-06
146 4.346051455762305e-06 4.351438753939947e-07 3.895954196271295e-06
147 4.460953842125433e-06 5.264506017543161e-07 3.925595004325403e-06
148 4.4435283606535235e-06 4.725789919960129e-07 3.941548258682007e-06
149 4.437466092362513e-06 4.6883770228561e-07 3.954148868295305e-06
150 4.316372250352471e-06 4.4339733965132953e-07 3.89514302792003e-06
151 4.347721685301148e-06 5.272656108368001e-07 3.817279049932007e-06
152 4.495770370365905e-06 5.348470067176355e-07 3.971368737454087e-06
153 4.347731150882793e-06 4.688414071167652e-07 3.901916338994792e-06
154 4.444794072432874e-06 4.7656642275741583e-07 3.979561384142584e-06
155 4.258697828390098e-06 3.708857558994671e-07 3.878850666545606e-06
156 4.255978728571984e-06 3.5716827850858035e-07 3.911190595670838e-06
157 4.338063120380136e-06 4.3905475313638494e-07 3.901589745041572e-06
158 4.2609168927346435e-06 4.156247845756395e-07 3.845885640596298e-06
159 4.24434074346032e-06 4.113250749155862e-07 3.844744117790366e-06
160 4.205252460124642e-06 4.024679303997914e-07 3.814257045244085e-06
161 4.187947569564557e-06 3.9549213884891434e-07 3.8013672470896928e-06
162 4.298297470508292e-06 4.340008644456647e-07 3.842723744038133e-06
163 4.296803788754265e-06 5.011864233161997e-07 3.7942766031390987e-06
164 4.318655653449065e-06 4.814918102056119e-07 3.8396217056685656e-06
165 4.247904720737759e-06 4.914374726684215e-07 3.7688047558333998e-06
166 4.332804071058087e-06 4.789041993206505e-07 3.826147489262803e-06
167 4.221564643642545e-06 4.0594800617881175e-07 3.815185335248001e-06
168 4.177817805223852e-06 3.9419318201384413e-07 3.8052012964672166e-06
169 4.165222887983163e-06 4.466738341233172e-07 3.7102362761827304e-06
170 4.000451587399349e-06 3.6264815751987914e-07 3.6785204530387462e-06
171 4.11737995917503e-06 3.5871166989723736e-07 3.7633694877108307e-06
172 4.0844097377429575e-06 4.170254336804802e-07 3.684707036978764e-06
173 4.056381856616815e-06 3.973237304657655e-07 3.678905644850008e-06
174 4.068360207656841e-06 4.1489180872696293e-07 3.666500156629824e-06
175 4.055170071526796e-06 4.023141432528546e-07 3.6691679754892915e-06
176 4.031177185414987e-06 4.2345286764511826e-07 3.6006032069480068e-06
177 4.0589567544200894e-06 3.7151161198803835e-07 3.652806945511854e-06
178 3.975119048542189e-06 3.4883426964002615e-07 3.6032477335539256e-06
179 4.0024870722200845e-06 3.655518913089551e-07 3.6377383759541914e-06
180 3.971496734660108e-06 3.4501020348641813e-07 3.6254342488193805e-06
181 3.938996577594221e-06 3.3563689723301037e-07 3.577801031721558e-06
182 3.940067163774274e-06 4.002626824224319e-07 3.5189421006493496e-06
183 3.92005132287792e-06 3.473786356258605e-07 3.5625572407400695e-06
184 3.981048823674165e-06 3.8719312729284076e-07 3.600158282504357e-06
185 3.882371455984192e-06 4.019361758388397e-07 3.4731018613648905e-06
186 3.860035527679641e-06 3.531187825959152e-07 3.4957859044234785e-06
187 3.921830344413067e-06 3.919601382295395e-07 3.509210035740105e-06
188 3.816896872948578e-06 3.11227416725596e-07 3.5040484775656387e-06
189 3.871479254761771e-06 3.737139617622162e-07 3.4933007776790157e-06
190 3.801804252726947e-06 3.477773589983434e-07 3.4572323064242566e-06
191 3.7875828523423356e-06 3.410233667844386e-07 3.4666927062106992e-06
192 3.790411655140948e-06 3.6203237389462746e-07 3.425554654619436e-06
193 3.89362612121701e-06 4.195581655578286e-07 3.4746425587569067e-06
194 3.7687078866569656e-06 3.2712329847948956e-07 3.4443499618351678e-06
195 3.7014978182214275e-06 3.030625047009164e-07 3.4104257691614735e-06
196 3.7795836851840986e-06 2.758619683755449e-07 3.479633820523267e-06
197 3.8231704144459905e-06 3.613147445222924e-07 3.4858539906812543e-06
198 3.7811693717092273e-06 3.3991710658027186e-07 3.431913897488166e-06
199 3.7778855916499925e-06 3.4878722588819264e-07 3.4355000275043664e-06
200 3.7888399077760686e-06 3.726070171942662e-07 3.4195330803779636e-06
201 3.7942249102349377e-06 3.3827418780360776e-07 3.448964250839509e-06
202 3.791988215305892e-06 3.3861785639757117e-07 3.444749492116032e-06
203 3.7374810669644634e-06 3.181796248491011e-07 3.4087271964480347e-06
204 3.7327180447163426e-06 3.206511315105299e-07 3.4373115345937987e-06
205 3.7930392964410447e-06 3.354180568977303e-07 3.44469527359225e-06
206 3.7121623962504225e-06 3.1251211640694203e-07 3.395101594134274e-06
207 3.7560410146182824e-06 3.610212518047065e-07 3.419344155927291e-06
208 3.7312689785216182e-06 2.9663067754656193e-07 3.4353082096047104e-06
209 3.728748991171879e-06 3.4261544724474703e-07 3.4114329838489527e-06
210 3.7267938692081903e-06 2.903441296993529e-07 3.45735901954723e-06
211 3.85351072658019e-06 3.748043371665461e-07 3.4848558196991565e-06
212 3.7767173535410507e-06 3.066877332965521e-07 3.4741866578065743e-06
213 3.774242643449422e-06 3.241562471777905e-07 3.4523420085155795e-06
214 3.8289502527800975e-06 3.6055619496331416e-07 3.4874623903820866e-06
215 3.7364566112520223e-06 3.0699725205672396e-07 3.4428693804018528e-06
216 3.771610137544505e-06 3.083729126877366e-07 3.4743478431813874e-06
217 3.7863291525389014e-06 2.79625791765737e-07 3.5312034915707992e-06
218 3.912236087953968e-06 3.748518976525943e-07 3.5359109850171154e-06
219 3.9165586376805415e-06 3.621351756721538e-07 3.5720657319780274e-06
220 3.908085976661836e-06 3.462995612913324e-07 3.557399168053602e-06
221 3.945959877244079e-06 3.691027010616652e-07 3.5810073396160815e-06
222 3.968595031149518e-06 3.6160702486550935e-07 3.592454399466816e-06
223 3.906849505738706e-06 3.2291644764255836e-07 3.565948372540432e-06
224 3.928419084054997e-06 3.177229620125045e-07 3.5937979459467515e-06
225 3.9439491484077985e-06 3.2641239253342013e-07 3.636185069589399e-06
226 3.9898087486681644e-06 3.415510874904816e-07 3.6511607059775217e-06
227 3.971352684344184e-06 2.881091247553628e-07 3.6920028382430285e-06
228 4.065220503606754e-06 3.4282544733858904e-07 3.7132948113514776e-06
229 4.092378305718974e-06 3.092674758851931e-07 3.770845315006706e-06
230 4.100385366527329e-06 3.593091450239045e-07 3.752129520723351e-06
231 4.079510111719311e-06 3.032226602763346e-07 3.7677298855643406e-06
232 4.144350336124178e-06 3.315264363413586e-07 3.7952475127715056e-06
233 4.149200168775494e-06 3.168889533601207e-07 3.849797742236712e-06
234 4.169764688149463e-06 3.389634936074358e-07 3.840332504768462e-06
235 4.156062121613716e-06 3.0364130121845434e-07 3.85512089650128e-06
236 4.182063394669259e-06 2.7756770214658916e-07 3.90531547409212e-06
237 4.1776941333237525e-06 2.900104962614082e-07 3.890408710548156e-06
238 4.314468910194328e-06 3.125333052533632e-07 3.971629058708335e-06
239 4.251184636939583e-06 2.8356790579168137e-07 3.970510534609335e-06
240 4.301143037335182e-06 2.65136091294152e-07 4.0512546035546705e-06
241 4.335718189147605e-06 2.76460550919032e-07 4.053023125893385e-06
242 4.3191070322385795e-06 2.732421583523324e-07 4.065988885113508e-06
243 4.402126464521466e-06 3.1118549853271516e-07 4.061607899623673e-06
244 4.392940597653017e-06 2.686667238588626e-07 4.121456075669807e-06
245 4.462524188567196e-06 2.5140575553724585e-07 4.205923110384698e-06
246 4.46841078641895e-06 3.0235667122282574e-07 4.157377524651895e-06
247 4.476549922564299e-06 2.6871510574193936e-07 4.222837777645967e-06
248 4.50002786194909e-06 2.6358429715366655e-07 4.228881061390624e-06
249 4.5821675580574544e-06 2.912107741680543e-07 4.27992386832491e-06
250 4.522754435813627e-06 2.912953280273169e-07 4.228893880234052e-06
251 4.5848091499895595e-06 2.9651812090831707e-07 4.290592833059317e-06
252 4.6352248789486125e-06 2.9398086742826935e-07 4.330710364458178e-06
253 4.608306000414559e-06 2.7148660772287425e-07 4.342043810336744e-06
254 4.67365576014249e-06 2.4473873033022766e-07 4.433528384016188e-06
255 4.668357549629898e-06 2.3252120514889486e-07 4.4429093436199374e-06
256 4.706095029722412e-06 2.432795354801823e-07 4.480437402350998e-06
257 4.7610524992147e-06 2.6001420880870865e-07 4.484663146210717e-06
258 4.777351285976057e-06 2.529301638630981e-07 4.504159019947346e-06
259 4.775111456170524e-06 2.614650002628538e-07 4.51999615549828e-06
260 4.768094690515162e-06 2.1966308092913188e-07 4.567107908272814e-06
261 4.903019487626163e-06 2.5676784034032353e-07 4.622653583575722e-06
262 4.821197767896925e-06 2.0133740091433214e-07 4.604672649812821e-06
263 4.853681917068533e-06 2.17438870540713e-07 4.635003606038151e-06
264 4.94321366676768e-06 2.1576539797023207e-07 4.738293375141333e-06
265 4.969627471576301e-06 2.268334434533704e-07 4.745986613703256e-06
266 4.949599476461598e-06 2.028972131629622e-07 4.7453514882119485e-06
267 5.01416399598441e-06 2.3971710858781505e-07 4.787891778786152e-06
268 5.033863551557516e-06 2.2580035514489445e-07 4.81060485379305e-06
269 5.08268523977862e-06 2.0601187298535157e-07 4.864228819592931e-06
270 5.104776494765365e-06 2.362780384382042e-07 4.892141942999367e-06
271 5.0770365596478235e-06 1.9148974794267632e-07 4.906219297313405e-06
272 5.178347823260746e-06 2.2552869530178448e-07 4.952947259995823e-06
273 5.185030432836563e-06 2.0301625179338737e-07 4.98370251439485e-06
274 5.2542040542953825e-06 2.04883038125145e-07 5.053877854503829e-06
275 5.304910833757015e-06 2.2215211904149503e-07 5.09250343906735e-06
276 5.307317058577376e-06 2.1797247154478385e-07 5.084227434065687e-06
277 5.4421315034781675e-06 1.6975406422361137e-07 5.2720703920487426e-06
278 5.424966011106485e-06 1.8867883524363267e-07 5.24992068183574e-06
279 5.449970538638234e-06 1.746241838344002e-07 5.272335863719019e-06
280 5.470723533585058e-06 1.9396699937021952e-07 5.261125321321579e-06
281 5.465298262239617e-06 2.118261066276485e-07 5.26124167929084e-06
282 5.479948187490153e-06 1.7927231136104346e-07 5.3110611777191724e-06
283 5.541039996113915e-06 1.9608035670952783e-07 5.350947718510032e-06
284 5.61279897841701e-06 2.019029525784322e-07 5.4118790796035235e-06
285 5.683244729905433e-06 2.034711858199624e-07 5.495169736292388e-06
286 5.6822333507080785e-06 1.9043962768350993e-07 5.500838233891739e-06
287 5.661478269846971e-06 2.0892447724805464e-07 5.483736489582293e-06
288 5.766771624788379e-06 2.0172591566571435e-07 5.566187259990441e-06
289 5.859874706501921e-06 1.9385735240504683e-07 5.666753713483435e-06
290 5.9162730879412e-06 2.0892933866443775e-07 5.7181178749153374e-06
291 5.952776638851518e-06 1.9699190093667654e-07 5.745730908477616e-06
292 5.912499001336926e-06 1.8172652965288144e-07 5.7389466261208705e-06
293 5.93565198588274e-06 1.7253293195424738e-07 5.764022128627918e-06
294 5.934350517687825e-06 1.5392791654457504e-07 5.775280240666323e-06
295 6.068714425237816e-06 1.7133123377993636e-07 5.8974974933050775e-06
296 6.0903873782056316e-06 1.6510758421845586e-07 5.934000293755237e-06
297 6.0977481105427985e-06 1.713175241624933e-07 5.9496154390206316e-06
298 6.13577007265262e-06 1.8487125212250656e-07 5.9503421127329765e-06
299 6.22127643228651e-06 1.8093269301388946e-07 6.0341195371567295e-06
300 6.277731613435776e-06 1.9199870678800424e-07 6.069725106886803e-06
301 6.309698344308797e-06 1.7592642144195183e-07 6.143607359785462e-06
302 6.342345126259537e-06 1.6183835716201723e-07 6.179064429260415e-06
303 6.447898606245378e-06 1.539097947442312e-07 6.271939674494907e-06
304 6.4900155158960145e-06 1.788731278133875e-07 6.308599912075707e-06
305 6.477628608284045e-06 1.5954805282429532e-07 6.313397527763127e-06
306 6.47546774191483e-06 1.779586417683615e-07 6.286155511486709e-06
307 6.539907647393002e-06 1.730741133505672e-07 6.37306124229954e-06
308 6.63281995277981e-06 1.5527395176152868e-07 6.478896809523821e-06
309 6.561462329905375e-06 1.663705662319429e-07 6.388424645155218e-06
310 6.710206360028253e-06 1.6279996583351968e-07 6.566138512773158e-06
311 6.760476252648246e-06 1.7285909430919362e-07 6.594929003091851e-06
312 6.76735406114153e-06 1.693272278229534e-07 6.596575840908474e-06
313 6.800585035172714e-06 1.475605019747151e-07 6.658596827804627e-06
314 6.8711099497998055e-06 1.4324747975261887e-07 6.736900639988205e-06
315 6.8682525518613456e-06 1.813697202335332e-07 6.718380976825194e-06
316 6.960865700764459e-06 1.8531125536828054e-07 6.792846431356465e-06
317 6.982275382447437e-06 1.5435316188841417e-07 6.816800951221687e-06
318 7.135920133522574e-06 1.539821722909284e-07 6.983021048127347e-06
319 7.1369266056906496e-06 1.5493677830362324e-07 6.9775136947545365e-06
320 7.209622232928272e-06 1.8201307775205056e-07 7.019763078297475e-06
321 7.261220808515574e-06 1.5392303000729266e-07 7.111183586168543e-06
322 7.256238471085366e-06 1.5503074133771619e-07 7.111001426363058e-06
323 7.410705914411149e-06 1.371799003145174e-07 7.269248562332793e-06
324 7.422160654586821e-06 1.6106283220222762e-07 7.263623501516881e-06
325 7.463405145154053e-06 1.5431557579041836e-07 7.318320258786913e-06
326 7.466456131496029e-06 1.660952766272593e-07 7.301349177953365e-06
327 7.603305874240087e-06 1.4433123599872644e-07 7.479173954940371e-06
328 7.67885251097455e-06 1.8367745320449674e-07 7.520130204389543e-06
329 7.800411695800372e-06 1.6671704211259425e-07 7.63089680718243e-06
330 7.784369289095797e-06 1.623647256934207e-07 7.617246093291945e-06
331 7.777600095203574e-06 1.602829899182982e-07 7.621157449710077e-06
332 7.922677943042277e-06 1.814069425757284e-07 7.753962826140014e-06
333 7.867198554249752e-06 1.7275710459163051e-07 7.694768965244676e-06
334 7.959666195610588e-06 1.5964866017069033e-07 7.81015284872398e-06
335 8.125329283701149e-06 1.8741849505603905e-07 7.941836521697715e-06
336 8.20926342391644e-06 1.9262454950745722e-07 8.014866931229253e-06
337 8.203832662335845e-06 1.70417505011683e-07 8.04016867988659e-06
338 8.357417714323713e-06 1.8116539202981896e-07 8.174058346170407e-06
339 8.374825027846604e-06 1.684066333059156e-07 8.209198670026023e-06
340 8.297179326805537e-06 1.713841037429943e-07 8.117224162103166e-06
341 8.372610595135394e-06 1.8271102491016306e-07 8.198368107945593e-06
342 8.52846892461797e-06 1.8665211755128766e-07 8.358194906313721e-06
343 8.529096134756432e-06 1.9837566081595977e-07 8.329375042853476e-06
344 8.688498565063985e-06 1.8232082627482126e-07 8.514516667527772e-06
345 8.758731165254938e-06 2.0590905570705565e-07 8.565727851785064e-06
346 8.758797422048513e-06 2.187120504132556e-07 8.539899809743308e-06
347 8.8938649468718e-06 1.937438246034869e-07 8.716376631554241e-06
348 9.026768265099441e-06 2.0034915027751224e-07 8.819643056423079e-06
349 9.060242854524495e-06 2.0626477623080391e-07 8.86232154244202e-06
350 9.133743327448212e-06 1.830885240387355e-07 8.965947021407911e-06
351 9.314376632551492e-06 2.0971450309446428e-07 9.066421509489179e-06
352 9.282140836650593e-06 2.1261425244620112e-07 9.071386178723096e-06
353 9.31307824594986e-06 2.2522668273915612e-07 9.097334530652697e-06
354 9.475745315407839e-06 2.0222405059498045e-07 9.274111346848318e-06
355 9.490959320406339e-06 2.1267615386665859e-07 9.304301695545212e-06
356 9.60189094318209e-06 2.2670122704570586e-07 9.379061417209984e-06
357 9.728235622109184e-06 2.0280398362660473e-07 9.512305477122616e-06
358 9.734077728608433e-06 2.0665673738620475e-07 9.520956343831934e-06
359 9.810990878356525e-06 2.219030687512428e-07 9.588859191952875e-06
360 9.962827689176453e-06 2.1598399292282824e-07 9.748626106634585e-06
361 9.952015386274386e-06 2.2698974041744587e-07 9.728302671346757e-06
362 1.0161094290274588e-05 2.295866395532416e-07 9.939027862361516e-06
363 1.0243329884581133e-05 2.343527688934908e-07 1.0040453663135184e-05
364 1.0232294851728983e-05 2.3748151480692908e-07 1.0004312336916907e-05
365 1.0378109161312013e-05 2.556763345044517e-07 1.0135450839319736e-05
366 1.0374701115706539e-05 2.282530332945351e-07 1.0141668491183287e-05
367 1.0629053698765077e-05 2.3433084964976513e-07 1.0411407212170905e-05
368 1.0701506722106127e-05 2.670260307726897e-07 1.0447599828123488e-05
369 1.0836370549980622e-05 2.555450953341123e-07 1.0582362959267115e-05
370 1.0919158150031731e-05 2.750170140569583e-07 1.0617598793810099e-05
371 1.083563205061217e-05 2.609351504553148e-07 1.0571857241730115e-05
372 1.1035798976730083e-05 2.5528330546478754e-07 1.0782637846619141e-05
373 1.1136406496587779e-05 2.6395202570293916e-07 1.0879168681105854e-05
374 1.1192106337403176e-05 3.0336763342561467e-07 1.0906695985670573e-05
375 1.1258756370896208e-05 2.4812155205266225e-07 1.0999156608507147e-05
376 1.1491900742923361e-05 2.891097269427509e-07 1.1236559998553963e-05
377 1.1650699794456466e-05 2.893621178137131e-07 1.1367547409005257e-05
378 1.1725387898305392e-05 2.6412419407667165e-07 1.1501007669468004e-05
379 1.1714393835043662e-05 2.798334650599486e-07 1.1444207866082522e-05
380 1.2076058963639854e-05 3.2608507887150565e-07 1.1760579082225643e-05
381 1.2198288378997674e-05 2.9319104807896553e-07 1.1881356479916741e-05
382 1.2063630829039082e-05 3.480327652604089e-07 1.1698743121795641e-05
383 1.2119453836208032e-05 2.9700703657773256e-07 1.1836741918642209e-05
384 1.2320109676595792e-05 2.912911178473052e-07 1.2053772761256734e-05
385 1.2443298078403587e-05 2.6871166960880477e-07 1.2167717514163026e-05
386 1.248098571936863e-05 3.0776987769572664e-07 1.2177692499494904e-05
387 1.2574353176329633e-05 3.0562114697703115e-07 1.226289879435689e-05
388 1.3019309767529468e-05 3.358453729820481e-07 1.2681091696077478e-05
389 1.2966596435227251e-05 3.3549020933776345e-07 1.26364801783174e-05
390 1.2976522071235605e-05 2.9559857055844615e-07 1.2690369776015148e-05
391 1.3122284637007719e-05 3.165522809730573e-07 1.2815398114978635e-05
392 1.3308713019003834e-05 3.233730816012739e-07 1.3004213203613516e-05
393 1.3532612838881462e-05 3.1883961648424254e-07 1.3225803395547398e-05
394 1.3446932620254134e-05 3.252196523193418e-07 1.3113658233076907e-05
395 1.3758867620436136e-05 3.2828441999676086e-07 1.34156970211383e-05
396 1.3791526092356357e-05 3.263439949809621e-07 1.3460385229413358e-05
397 1.4122326616055824e-05 3.7058207751990977e-07 1.375396022153102e-05
398 1.4279872786948742e-05 3.5257034590802336e-07 1.3923608772922259e-05
399 1.4477867045810017e-05 3.371624068070175e-07 1.4144585239441732e-05
400 1.4424122035066515e-05 3.4616851986749494e-07 1.4093070780973354e-05
401 1.4596974420809371e-05 3.7276812138974684e-07 1.4190876757087226e-05
402 1.4794526102111443e-05 3.342777371101661e-07 1.4435429386315258e-05
403 1.4806120124000314e-05 3.898585307786161e-07 1.4418943900831152e-05
404 1.4896615850577755e-05 3.8778043275347564e-07 1.4539913838293344e-05
405 1.52272807194365e-05 4.0112606562911706e-07 1.4836517136472218e-05
406 1.546154371260767e-05 3.870017698943455e-07 1.5075704629587104e-05
407 1.5622230731092277e-05 3.8900085444069195e-07 1.523031261006214e-05
408 1.5932557883576564e-05 4.168997262040444e-07 1.5528342605897646e-05
409 1.5838945824648067e-05 4.086827673596531e-07 1.5439769371717427e-05
410 1.58089004836414e-05 4.115101430601559e-07 1.5418187587193883e-05
411 1.6102406316410323e-05 4.309435072190544e-07 1.5690610260744116e-05
412 1.621383571227392e-05 4.3616482820127896e-07 1.5758383700807774e-05
413 1.6438993909316385e-05 4.2247003601305836e-07 1.6026587796369614e-05
414 1.6443229046937743e-05 4.670770843190512e-07 1.5975274474572084e-05
415 1.679624706415123e-05 3.9059007658562187e-07 1.6450587158643077e-05
416 1.697451509962978e-05 4.6741274293247615e-07 1.6546354263689754e-05
417 1.7209011407201536e-05 4.3361449172932206e-07 1.678521497152309e-05
418 1.733534758951004e-05 4.0809071715060956e-07 1.6960719398271785e-05
419 1.7486319201833936e-05 4.0663688542897414e-07 1.7101105804620014e-05
420 1.7694247450883803e-05 4.3012155511084704e-07 1.7283648738838782e-05
421 1.7884103482664834e-05 4.4414098125247264e-07 1.7422623225805304e-05
422 1.8131505669709742e-05 3.907751869099678e-07 1.7753815131596875e-05
423 1.8579846179424286e-05 4.7511234124214675e-07 1.810114304352915e-05
424 1.8434676642863556e-05 4.6503240895891327e-07 1.800144618801107e-05
425 1.8538889339113106e-05 4.7611734895001947e-07 1.810654777607482e-05
426 1.904906586994128e-05 4.800127483713244e-07 1.863714869783741e-05
427 1.8904541389262313e-05 4.505944931727874e-07 1.8446972681739755e-05
428 1.9353194453986143e-05 4.531378210300758e-07 1.8939265382044085e-05
429 1.949973572258227e-05 4.2255153492403527e-07 1.90895494888524e-05
430 1.9687653090081645e-05 4.2581796745553884e-07 1.927526430646407e-05
431 1.9929185008658772e-05 4.4221905627576493e-07 1.949941313559071e-05
432 2.0125687170551087e-05 5.01941338151273e-07 1.9623720780447248e-05
433 2.0233016985199967e-05 4.926741489847439e-07 1.9713633154062378e-05
434 2.0529992210919518e-05 5.086583924015513e-07 2.0048198004743246e-05
435 2.0883482328737998e-05 5.547861919843611e-07 2.0334031415728406e-05
436 2.0914852431992293e-05 4.870106219008808e-07 2.044390256460778e-05
437 2.1150686027658193e-05 5.379591168506053e-07 2.0602413027235186e-05
438 2.1157095046496146e-05 4.676187063813954e-07 2.071342320325578e-05
439 2.172465214432272e-05 5.082967591147822e-07 2.1241042159931242e-05
440 2.1846099436485136e-05 4.959664228759e-07 2.1361555155845442e-05
441 2.2074264015059783e-05 4.959997032447819e-07 2.16150342773649e-05
442 2.238784186696865e-05 5.496621784388221e-07 2.1836704690389902e-05
443 2.2837987334175828e-05 5.349013533136986e-07 2.2284462298100722e-05
444 2.2632671466189023e-05 5.258752621739744e-07 2.2090990307071946e-05
445 2.3340371434900425e-05 5.181695171615851e-07 2.2825978748884734e-05
446 2.3461749558150866e-05 4.826871684052156e-07 2.2983641881283846e-05
447 2.374556235676173e-05 5.499600780975737e-07 2.3217622336942256e-05
448 2.3938773859232846e-05 5.104621737325853e-07 2.342102711355345e-05
449 2.441937966263833e-05 5.487691295049265e-07 2.3870600755508606e-05
450 2.461569575804129e-05 5.29903377740229e-07 2.4011075173915227e-05
451 2.47280651872007e-05 5.134433366797889e-07 2.4228387411437e-05
452 2.4729321342646394e-05 5.65785357591141e-07 2.417656734753138e-05
453 2.5225549360270416e-05 5.566243149782462e-07 2.477528890870857e-05
454 2.5670132113696647e-05 5.492139503218502e-07 2.5137187827108887e-05
455 2.5592453737959387e-05 5.013026168815561e-07 2.5109202517988632e-05
456 2.6103425329145165e-05 5.727780181024146e-07 2.558761089849388e-05
457 2.6728760309665597e-05 5.141445598698129e-07 2.616074048986039e-05
458 2.653417477395821e-05 5.714782987999405e-07 2.6010951131180804e-05
459 2.7013595686888414e-05 5.203894326991746e-07 2.6484193068777368e-05
460 2.7491390255871213e-05 6.259498405127499e-07 2.6834979918445603e-05
461 2.7697935026340238e-05 5.612262846997249e-07 2.720762439054837e-05
462 2.7874184666635263e-05 6.199728112024632e-07 2.724834389495941e-05
463 2.824470864972442e-05 5.825419338761743e-07 2.7656732687697752e-05
464 2.8369415079232533e-05 4.952725805855779e-07 2.7868802766734314e-05
465 2.8742550791374878e-05 5.598905521846292e-07 2.8187472266272638e-05
466 2.9151087566237467e-05 5.36711556378284e-07 2.8589873083844954e-05
467 2.9233846228616463e-05 5.507070118499227e-07 2.8733781563759245e-05
468 2.980781220731733e-05 6.114619010420314e-07 2.9243837533062995e-05
469 3.0310398872476077e-05 5.564647187336798e-07 2.9805150201341026e-05
470 3.0249749360354738e-05 5.92028793884806e-07 2.9742812964596806e-05
471 3.077681999920667e-05 5.992885937275459e-07 3.0182279440942123e-05
472 3.113444543028412e-05 5.549708607802652e-07 3.056068057585184e-05
473 3.1150005248126686e-05 5.563483800864191e-07 3.057850791399862e-05
474 3.203809560594287e-05 5.490613436169916e-07 3.141126291388941e-05
475 3.186402604886254e-05 5.882063233140734e-07 3.131470514714348e-05
476 3.2495630450387425e-05 5.841805126513579e-07 3.1915405302940015e-05
477 3.29700420380997e-05 5.450443928375163e-07 3.248400601912535e-05
478 3.2836318175546926e-05 5.380091484366184e-07 3.2321847159799774e-05
479 3.313005797430406e-05 5.395150241825007e-07 3.259012441584133e-05
480 3.358572890017702e-05 5.364895127003763e-07 3.306487369821497e-05
481 3.3936862327049585e-05 5.229118409747426e-07 3.342993685422427e-05
482 3.4286452336191076e-05 5.787972879041984e-07 3.376024423698277e-05
483 3.475653571338046e-05 5.363525889763674e-07 3.425090369130356e-05
484 3.548865844338052e-05 5.229346256945738e-07 3.491532633888387e-05
485 3.5600838126115424e-05 5.363643999633291e-07 3.509134919543881e-05
486 3.55757789944592e-05 5.269526600964233e-07 3.508389460128571e-05
487 3.59890147469351e-05 5.595133613017415e-07 3.5430649870579264e-05
488 3.6989476062430214e-05 5.258673641462517e-07 3.648086565652696e-05
489 3.682818912319006e-05 5.120049153230841e-07 3.6285221080498014e-05
490 3.7243541462758455e-05 5.370326605245016e-07 3.6730444642069396e-05
491 3.815828314044074e-05 5.327744086649285e-07 3.763045723596038e-05
492 3.857124602783343e-05 5.046630300903614e-07 3.8101678559264835e-05
493 3.884933358407807e-05 5.749318252361207e-07 3.830876492032368e-05
494 3.9140726891835516e-05 4.914731128099114e-07 3.8659084684330265e-05
495 3.935132857040846e-05 5.505208458357565e-07 3.88898953772171e-05
496 3.958893200085604e-05 5.03609942295911e-07 3.910959871549296e-05
497 4.054236560318416e-05 5.399758565299016e-07 4.003268705970679e-05
498 4.085681994809747e-05 5.26720216317515e-07 4.029886075778764e-05
499 4.090956075324795e-05 5.149838884011725e-07 4.039476708225115e-05
500 4.155593868216711e-05 5.477968758775386e-07 4.100861964783666e-05
501 4.198500323162652e-05 5.666131882020542e-07 4.1437228301063855e-05
502 4.281522794676295e-05 6.098694714784965e-07 4.222831797621991e-05
503 4.328779152437544e-05 5.902423939833001e-07 4.271126008008616e-05
504 4.327072232657918e-05 5.412914350500292e-07 4.270546192395326e-05
505 4.350390943374778e-05 4.976047948347669e-07 4.3082675200506886e-05
506 4.489127516162678e-05 5.236216881984492e-07 4.4388667229842445e-05
507 4.49567161789865e-05 5.672963010834912e-07 4.437578524845281e-05
508 4.560530381018668e-05 5.089619892494941e-07 4.5117868886544625e-05
509 4.60498115702891e-05 5.49097435024694e-07 4.5559324457984496e-05
510 4.6645962475948805e-05 5.338622791214445e-07 4.615024606342922e-05
511 4.6888821850232545e-05 5.532179075263245e-07 4.628262467313837e-05
512 4.7600898941211635e-05 4.947798300374779e-07 4.708236561420964e-05
513 4.82586231942764e-05 4.902395363008866e-07 4.773055292694108e-05
514 4.8513899557641085e-05 4.876720820991807e-07 4.799807938924247e-05
515 4.90451409263605e-05 5.036977128154847e-07 4.852435146735121e-05
516 4.943300851152512e-05 4.68206653028514e-07 4.8965090510971666e-05
517 4.9948703221957625e-05 5.194317225938433e-07 4.9482002666898506e-05
518 5.034911157156099e-05 4.98479271139755e-07 4.9886959806603746e-05
519 5.080450779503029e-05 4.907342136179069e-07 5.0319692734165004e-05
520 5.159359305999698e-05 4.5725866675563755e-07 5.108948629536924e-05
521 5.273311886012083e-05 4.5036777962217415e-07 5.227226288978934e-05
522 5.3260716829518095e-05 4.689819926831923e-07 5.2788358878302696e-05
523 5.3014728747646434e-05 4.578406277049469e-07 5.2564849207901644e-05
524 5.3436636510373815e-05 4.4962388931417415e-07 5.307376163812657e-05
525 5.501490670766861e-05 4.570962614799121e-07 5.4582158886781004e-05
526 5.5450177210057866e-05 4.4290741070145177e-07 5.5047024801459324e-05
527 5.583921484153307e-05 4.5866483108205e-07 5.543159272051844e-05
528 5.5876651317854825e-05 4.6833846290379946e-07 5.546586186896937e-05
529 5.710669318147685e-05 4.743279416572899e-07 5.657198572018516e-05
530 5.7545902603991906e-05 4.611232290227811e-07 5.713270739980622e-05
531 5.822891492369538e-05 5.095247224527027e-07 5.772715298985774e-05
532 5.9266765125539625e-05 4.535465761805339e-07 5.876859667127005e-05
533 5.977710380714226e-05 4.852801431293481e-07 5.940454277387272e-05
534 6.043581446316712e-05 4.6088953167919415e-07 6.0011432610307046e-05
535 6.139133476423479e-05 4.82067768176464e-07 6.094922233262311e-05
536 6.164925401275811e-05 4.3842169188068146e-07 6.12158457304619e-05
537 6.288792720849123e-05 4.917117570558183e-07 6.233224361435881e-05
538 6.338263313784884e-05 4.692704910975707e-07 6.292363728570867e-05
539 6.384659954921543e-05 4.69235116655311e-07 6.340232678656816e-05
540 6.486698133663531e-05 4.802060445392957e-07 6.437692060911015e-05
541 6.617673989165186e-05 4.7648106727043003e-07 6.56684274498814e-05
542 6.647851814903444e-05 5.133774622339135e-07 6.605240882234517e-05
543 6.701031717810973e-05 4.855331381343119e-07 6.6499234125737e-05
544 6.794074698825667e-05 4.569629070670665e-07 6.749081958890864e-05
545 6.901961304112585e-05 4.60418347147857e-07 6.857542517841479e-05
546 6.976179682584085e-05 4.797691092508986e-07 6.924033991707719e-05
547 6.978295476811116e-05 4.5292055020528695e-07 6.941256577156249e-05
548 7.084911422332882e-05 4.486760742299212e-07 7.041833478900792e-05
549 7.178886440190197e-05 4.915531537430322e-07 7.13151616680644e-05
550 7.255639947571839e-05 4.521159934806202e-07 7.209725846754227e-05
551 7.343725398370025e-05 4.738835131003279e-07 7.304234797260662e-05
552 7.540146064906634e-05 4.70001141860758e-07 7.49960822241839e-05
553 7.545398658440256e-05 4.776382194891874e-07 7.501685370420434e-05
554 7.616322597648971e-05 4.438053792674174e-07 7.575226226826656e-05
555 7.691746022246872e-05 4.3336152599191543e-07 7.64064099363639e-05
556 7.867755830860066e-05 4.1607099932230193e-07 7.831210247938306e-05
557 7.856721073849215e-05 4.4086814777683134e-07 7.815322731424381e-05
558 8.046133634556545e-05 4.902684082967696e-07 8.004419320056341e-05
559 8.127467937955911e-05 4.917772709162833e-07 8.076640979580305e-05
560 8.200585619775667e-05 4.332409810984054e-07 8.153557531049214e-05
561 8.289701768537792e-05 4.4998049832217434e-07 8.250080097910707e-05
562 8.431474447276701e-05 4.756786201453493e-07 8.387685214900947e-05
563 8.542575573415065e-05 4.469304344028796e-07 8.496551077914538e-05
564 8.618866127274382e-05 4.99339858054059e-07 8.566442408788278e-05
565 8.696104281435968e-05 4.943277536264377e-07 8.64910358653917e-05
566 8.835346781728532e-05 5.316454431890777e-07 8.787802143977209e-05
567 8.940963957804464e-05 4.955512729847517e-07 8.89281178797062e-05
568 9.096236261372293e-05 4.845281139020257e-07 9.044952341353482e-05
569 9.182197233800169e-05 5.023503220319872e-07 9.129305634986517e-05
570 9.23522132140884e-05 4.906894118361769e-07 9.190055408280063e-05
571 9.370517607770726e-05 4.465599911558076e-07 9.32300391501523e-05
572 9.516125991143251e-05 4.731524622416803e-07 9.464666221376986e-05
573 9.653419436808862e-05 4.3792141497791085e-07 9.615722095154002e-05
574 9.730741834512048e-05 5.093473404091848e-07 9.671883171138469e-05
575 9.83187536244581e-05 4.821272532119972e-07 9.78808592173596e-05
576 0.00010038365756575294 5.103176334464865e-07 9.99930219214723e-05
577 0.00010127885281439164 4.844710510662748e-07 0.0001008076272219172
578 0.00010294441525559224 5.465132535684995e-07 0.00010237886444878713
579 0.00010283005417985294 5.178401317978426e-07 0.0001023098041435541
580 0.0001039070734762402 5.367721081243113e-07 0.0001034453224792821
581 0.00010639102609582332 5.002116587506673e-07 0.00010587922910919697
582 0.00010646120154549418 5.43054629049796e-07 0.00010596283881084
583 0.00010851911575681849 5.074726994549664e-07 0.0001080415806259583
584 0.00011100240471977979 5.226414136342031e-07 0.00011038942434583679
585 0.00011181781586324616 5.426966858311408e-07 0.00011127256244161775
586 0.00011261613611531906 5.960112960828517e-07 0.0001120569905399513
587 0.0001148610375928518 5.653328416565277e-07 0.0001141562903758177
588 0.00011650665024029097 6.358089455262845e-07 0.00011593201704996645
589 0.00011752186117560307 5.879976147910945e-07 0.00011689735590114225
590 0.00011876465707779772 5.903380908503264e-07 0.00011816460370718226
591 0.00012032408564026502 5.698587694232061e-07 0.00011983057173314109
592 0.00012171989518670969 5.812265735422014e-07 0.00012116636231095614
593 0.00012363900567451006 6.200035056848031e-07 0.00012310089871070366
594 0.00012568590096346253 6.468225815541444e-07 0.00012509926683529595
595 0.00012769647556391052 6.419394625319966e-07 0.0001271640622612187
596 0.000128240792122871 6.709888894656213e-07 0.00012756838212086874
597 0.000130235253434589 6.439468415130899e-07 0.00012960092976189302
598 0.00013117754666782142 6.449192366356358e-07 0.00013056961146297143
599 0.0001329716477898165 6.735080616441901e-07 0.00013224200289513677
600 0.00013533709493694288 6.651531533059899e-07 0.0001347729619420533
601 0.00013575298164829303 7.2276917392998e-07 0.0001350318040523716
602 0.00013891966647594503 7.271701820856849e-07 0.00013813709495829818
603 0.00013950313623604886 7.408814244339374e-07 0.00013881239132033528
604 0.0001422183628146748 7.447880699672043e-07 0.00014141588271999209
605 0.0001433063560560198 6.7751873521915e-07 0.00014270808345013264
606 0.00014589630303810897 7.44730413173183e-07 0.00014524975417679382
607 0.00014697631017409558 7.398830612993679e-07 0.00014625208119159135
608 0.00014957124039379773 7.827108983450484e-07 0.0001489146211025052
609 0.00015069652263262465 7.331268361346482e-07 0.0001499949833487155
610 0.00015281299859547692 7.997483165044568e-07 0.0001520787911760999
611 0.00015457499197416472 8.246629507893447e-07 0.00015366167885489667
612 0.0001584202493056244 7.298839936546744e-07 0.0001576369577334277
613 0.00015913943635329923 8.366931642426445e-07 0.00015829193970826608
614 0.00016194139419861193 8.359697798507446e-07 0.00016107108656297276
615 0.00016433604689144725 8.428505731098778e-07 0.0001634972030745324
616 0.0001656563802582608 8.994521056331542e-07 0.00016478046471098855
617 0.0001677298504117895 8.6834804679033e-07 0.0001669163471970913
618 0.00017081641254167529 9.622396008193048e-07 0.00016985523191733086
619 0.00017441525295333257 9.157481541234046e-07 0.00017357773948474913
620 0.00017379906449793567 9.560959070503304e-07 0.00017293064758692182
621 0.00017654640058048596 9.644764755804113e-07 0.00017558930208531195
622 0.0001802924094504762 9.302797903362099e-07 0.00017925962198955402
623 0.00018112538344282624 1.1040638916549804e-06 0.00018012642909706776
624 0.00018256609009471646 9.967430449235607e-07 0.00018160114460033842
625 0.0001862953642470926 1.0351710813470515e-06 0.0001852842839456498
626 0.00018935338201288073 1.0138688921122757e-06 0.00018833814326699183
627 0.00019168799450341767 1.090378922855078e-06 0.00019053010636071576
628 0.00019374676696053714 1.1288308824586886e-06 0.0001926485454904234
629 0.00019549627922875532 1.1119612259071578e-06 0.00019439427855437775
630 0.00019980042561631246 1.0970094040522783e-06 0.00019875700171953015
631 0.00020226359855355942 1.215751005361809e-06 0.00020104714109930256
632 0.00020628553749921775 1.1829846639632496e-06 0.00020490067370163673
633 0.00020856804069165874 1.1967778329328376e-06 0.0002072775444935994
634 0.00020841611959524596 1.2511523253005842e-06 0.00020730408981335235
635 0.00021423416518194895 1.3471204385631124e-06 0.00021301103599450565
636 0.0002142031999822349 1.253057977327226e-06 0.00021302636849471435
637 0.00021883289113407587 1.3969606674371879e-06 0.00021733189180851055
638 0.00022124650177209312 1.2706604261624865e-06 0.00022001246633329984
639 0.00022422200819793788 1.4714544396428688e-06 0.0002226942464795974
640 0.00022874149425349357 1.4760342075285302e-06 0.0002274779058570202
641 0.0002297549911263906 1.5003305819318607e-06 0.00022834325963575774
642 0.000234955509060121 1.369549039906357e-06 0.00023343839485412014
643 0.00023814654085205136 1.4646307449986369e-06 0.00023659802725492854
644 0.0002395968479825622 1.4394307495733784e-06 0.00023813245444849967
645 0.00024184377044272722 1.3854474793249247e-06 0.00024013262165588868
646 0.0002466825035183192 1.541577734609153e-06 0.0002450748648979317
647 0.0002521317676581989 1.5144546247442919e-06 0.00025055298617748795
648 0.00025167782743062473 1.5613661222405073e-06 0.000250191610136073
649 0.0002559612050475604 1.6289490322367743e-06 0.0002543470800193818
650 0.00026193598786142854 1.6845217303567095e-06 0.0002601787647454274
651 0.0002653585935905149 1.7077405891206157e-06 0.00026331528650187764
652 0.0002681507601413432 1.7677664182221198e-06 0.0002663502231372264
653 0.00027209713149673663 1.8304741351684454e-06 0.00027029061254839527
654 0.0002701711670636601 1.8998945863973746e-06 0.00026848924395422093
655 0.0002791691235195396 1.9586242591597434e-06 0.0002775353589252441
656 0.0002830476881174818 1.6905865557725188e-06 0.00028127790842420166
657 0.00028552181353110604 1.7487262271267384e-06 0.0002836683834238851
658 0.0002897963654153408 1.9032003599565617e-06 0.0002881705091538605
659 0.0002951635497858374 1.909837788918928e-06 0.0002932577031498369
660 0.00030211758822697404 2.0274732787954545e-06 0.00029990332623134523
661 0.000302277460083579 1.9433541089964918e-06 0.00030035205497285156
662 0.0003058586832898719 1.9953250219795832e-06 0.0003039038505527088
663 0.0003129211347400427 2.079001220219448e-06 0.0003106568147688289
664 0.0003164137523985839 2.0450847865957032e-06 0.0003145149455009767
665 0.0003222035279129636 2.219423763068551e-06 0.0003198838331304366
666 0.0003224113811508689 2.153965356061843e-06 0.00032043203634623234
667 0.0003270482726762741 2.292060340674262e-06 0.00032458704839777156
668 0.0003346655439137192 2.2114039666598754e-06 0.0003322967960902836
669 0.00034168021964380935 2.349793578263374e-06 0.000339144251454467
670 0.00034069552203464285 2.3405294518704556e-06 0.0003381429928811683
671 0.00034676128273820097 2.5060540795230212e-06 0.0003445227655367502
672 0.00035319402900897364 2.2324414934751364e-06 0.0003510782552778311
673 0.0003575540026958084 2.4500503245409413e-06 0.00035537126490716234
674 0.0003627832766528293 2.597543158997984e-06 0.0003601837867942348
675 0.0003687973720427544 2.535923000198957e-06 0.000366536830088999
676 0.00037257190746422793 2.5255200349758813e-06 0.0003698501533354901
677 0.00038021569721466734 2.4886107158630954e-06 0.00037776113536461194
678 0.00038223845744836225 2.5735932985651953e-06 0.0003798991116273405
679 0.00038700498548080957 2.9206035879072405e-06 0.00038388824708228007
680 0.0003947502378877018 2.730229729177218e-06 0.0003922402251746679
681 0.00040318562670365617 2.7500006914653646e-06 0.0004004626093311748
682 0.00040782693751591263 2.819970844281547e-06 0.0004050269331154688
683 0.0004113027666882206 2.666039284289828e-06 0.0004086757688716613
684 0.000413997012916385 2.9259265370842474e-06 0.000411409005580061
685 0.0004240846741807208 2.980175323529823e-06 0.0004210932909247771
686 0.00042923492572875035 2.9239775050327517e-06 0.0004266534341912059
687 0.0004340608670212758 2.914201627209076e-06 0.0004308004046360529
688 0.00044183844135692297 3.0316312518475487e-06 0.00043891715929412963
689 0.0004505499557412391 3.2992759115490983e-06 0.0004471887343767916
690 0.0004552005830111464 2.9808673773713924e-06 0.0004522578671463811
691 0.00046102616968068 3.4606854296052903e-06 0.0004576667875287026
692 0.00046709794953673014 3.3719757220253164e-06 0.00046341742776885185
693 0.00047596247617775366 3.4408028172686082e-06 0.00047300799603933235
694 0.0004801432897315327 3.2034262253343093e-06 0.0004768958044377387
695 0.000488085115793504 3.6269855420663816e-06 0.0004844604800761963
696 0.000493427943477166 3.077909608055174e-06 0.0004903751227245374
697 0.0004993472234589379 3.2641199066355697e-06 0.0004965214963188414
698 0.0005079790119294326 3.7028540810950785e-06 0.0005043203138150314
699 0.0005184959804858075 3.6689123204060082e-06 0.0005146966819610724
700 0.0005249953619680023 3.2748598506092103e-06 0.0005219229886387804
701 0.0005346276826259631 3.461902016654346e-06 0.0005314428131409625
702 0.0005366442229683998 3.832765009019408e-06 0.0005327660051467443
703 0.0005473394101411955 3.4518920776294246e-06 0.0005438585342491046
704 0.0005523742564292255 3.955305966561258e-06 0.0005483181696249164
705 0.0005609751675215363 4.015162601828182e-06 0.0005567993486832706
706 0.0005758919187461564 4.029872449303793e-06 0.0005717750049702696
707 0.0005845366426970437 3.7127529022345844e-06 0.0005808484784511908
708 0.0005891578899456668 4.21868853587231e-06 0.000584537243434528
709 0.000596588813591136 4.3060569927117796e-06 0.0005927097148606326
710 0.0006086519124050053 4.539096316802711e-06 0.0006042542842262176
711 0.0006095250817435512 4.148712381204727e-06 0.0006050971403575279
712 0.0006251239939031183 4.579451184067426e-06 0.0006206906302165235
713 0.0006337637349119201 4.554662130844018e-06 0.000628730298255869
714 0.0006408007483188388 4.138506393940594e-06 0.0006367265830993819
715 0.0006492529701143236 4.314006392291067e-06 0.0006454023231294541
716 0.0006580654502484969 4.758309081286884e-06 0.0006533096625636041
717 0.0006690925572357682 4.423925494587465e-06 0.000664821290077909
718 0.0006794959073787473 4.436476568338998e-06 0.0006742528415585595
719 0.0006906489285410776 4.521259085335715e-06 0.0006864001729241272
720 0.0006977260986359226 4.832841763468484e-06 0.0006928121759073773
721 0.0007100152021005346 5.0921548362973494e-06 0.0007047504264938769
722 0.0007174785530749399 4.682564997359639e-06 0.000713052231002106
723 0.0007302201352837131 5.263191794272404e-06 0.0007249346309392948
724 0.0007358065075098943 4.9950396338712705e-06 0.0007307728744495803
725 0.0007544148544772711 5.152432181449174e-06 0.0007493452113701705
726 0.0007656054189319459 5.084799370893654e-06 0.0007607614233556283
727 0.0007783265704502121 5.145729705063249e-06 0.0007730336974066518
728 0.0007886507167343373 5.210323560259751e-06 0.000783480236880471
729 0.0008005274190638792 5.066427013868805e-06 0.0007959975351571782
730 0.0008075762286920617 5.566224716931653e-06 0.0008015379612741743
731 0.0008226643095702156 5.576194568698213e-06 0.000817841519779603
732 0.0008352834600805898 5.970237836752437e-06 0.0008302938634167825
733 0.0008438452808123629 5.7566610798217645e-06 0.0008382874902882426
734 0.000862957563236806 5.637119013148544e-06 0.0008571545509309129
735 0.0008788602888407901 5.083286274395198e-06 0.0008739135975807969
736 0.0008848991318445756 6.0273864896646546e-06 0.0008783360808418744
737 0.0009010797621689776 6.389759660427196e-06 0.0008949045448081247
738 0.0009122660813438734 5.5309335157775716e-06 0.0009058989539337799
739 0.0009311430647822204 5.818108205346162e-06 0.0009248409726679718
740 0.0009425233394076226 5.9936510305499915e-06 0.0009367696571887256
741 0.0009541581727600042 6.183506135868925e-06 0.0009472755400038168
742 0.0009740524362312724 6.1259660820430495e-06 0.0009679587619145769
743 0.0009858127055385653 6.3685632342311025e-06 0.0009799665447599519
744 0.0010013503265078095 6.701831319742887e-06 0.0009947530058127417
745 0.0010064046465258672 6.745975548909283e-06 0.0009999949383226786
746 0.0010262391650530148 6.803560209159428e-06 0.0010197351079743065
747 0.001046699953153446 7.130912562488095e-06 0.0010395029525543944
748 0.0010553534900272425 6.489067750364464e-06 0.0010492202713887919
749 0.0010747977040746533 6.460346472557464e-06 0.0010694843480692664
750 0.0010873747529270375 7.253875753966204e-06 0.0010803725900787047
751 0.0011073421400517897 6.610247027255323e-06 0.0011016275758412382
752 0.0011228629952611544 6.755250235028718e-06 0.0011162236728104158
753 0.0011393079513804087 6.459908666089389e-06 0.001133176019252964
754 0.001165116675124899 7.405771834011979e-06 0.001158034691598015
755 0.0011758818883000712 7.097981597070285e-06 0.0011692847155935838
756 0.0011884088210285747 7.232387427956878e-06 0.0011810916015662421
757 0.001209317443171587 7.586544023777255e-06 0.0012010869668362216
758 0.0012326097619127967 7.469586793584336e-06 0.0012259554264007037
759 0.0012523526364570132 7.502647546882194e-06 0.0012437341666006521
760 0.001268523894377039 7.492772530852483e-06 0.0012614014283229842
761 0.0012872114091666996 7.942853695798487e-06 0.0012777070716272544
762 0.0013094764832028533 7.997647922953887e-06 0.0013022119512111133
763 0.0013347033654136137 7.50594922950905e-06 0.0013273586985482044
764 0.0013511180494557922 7.941813752373676e-06 0.0013431561319392194
765 0.0013579029517336294 7.294184313945714e-06 0.001351981260213761
766 0.0013848277208702259 8.112112410439533e-06 0.0013769033104986583
767 0.0014170028211326466 7.997549007769569e-06 0.0014086849925316744
768 0.0014377601742911871 8.077683364723399e-06 0.0014298770040348358
769 0.0014610325384359073 8.367492605279241e-06 0.0014533359945896286
770 0.0014849539636752251 7.899740959772493e-06 0.0014772010483927545
771 0.001491451692921478 8.737456485544846e-06 0.0014841152875125579
772 0.0015206960688278984 8.042434761211346e-06 0.0015119402170210717
773 0.0015322804607724129 8.531923410740759e-06 0.001523000138815949
774 0.0015737251951011486 9.159622046353937e-06 0.0015645325190177248
775 0.0015903945745779574 8.810606219598106e-06 0.0015809346420677503
776 0.0016200137611923943 8.969575965813055e-06 0.0016109362329277462
777 0.0016444775287857596 8.822617017719422e-06 0.0016338617711343414
778 0.0016607381897646612 8.390664618703647e-06 0.001651350107923913
779 0.0016967308767048132 9.487921387814547e-06 0.0016879270247042262
780 0.001713018209635316 8.915105059458891e-06 0.001702439823648351
781 0.001748729039135701 8.06599377235273e-06 0.0017404365937032712
782 0.0017789981607989223 8.917931531555697e-06 0.001770723215415393
783 0.001788190945278022 8.396834107844598e-06 0.0017785836416561033
784 0.0018344011737846568 9.757881938768211e-06 0.0018237516551921648
785 0.0018512617094202366 9.360013111449442e-06 0.0018419085760429173
786 0.0018762755072247422 8.852869628327287e-06 0.0018685993713802097
787 0.0019097793537873361 9.079511738011064e-06 0.0018995616401774034
788 0.0019450948052961235 9.658949361936193e-06 0.001933891186792735
789 0.0019765983165595884 9.64822274933916e-06 0.0019672173306378086
790 0.002007629667464375 9.977746062910225e-06 0.001998700642232839
791 0.0020387035024090317 8.919053034163716e-06 0.0020292794371330183
792 0.0020694129906281434 9.968898182505083e-06 0.002059918035099651
793 0.002105205913932552 1.0372461364341123e-05 0.00209504105856074
794 0.0021501135864553152 9.938606766435453e-06 0.0021404035134548528
795 0.002159518512581961 9.601977823233093e-06 0.0021515716995525753
796 0.002196689968277754 9.960530767621131e-06 0.0021871580155902294
797 0.002241937530101928 1.1054994986898873e-05 0.002230461700431347
798 0.0022727640672335616 1.084218723265577e-05 0.0022621089332038155
799 0.0023090762931870846 1.0672681151364654e-05 0.002297547848852145
800 0.0023322812332550917 1.1490465574923942e-05 0.002321455464601209
801 0.002378506618699905 1.038939780744607e-05 0.0023694047964015665
802 0.0024150144031276073 1.0383568163612109e-05 0.002404861915640842
803 0.0024385411416027567 1.0182551241482685e-05 0.002427992626717881
804 0.00249673279674302 1.1556568586541278e-05 0.0024840418584154804
805 0.002545748461621878 1.063130292808781e-05 0.002535269053702436
806 0.0025623719511972173 1.08049832822935e-05 0.002551392864494684
807 0.0026102490177101704 1.1703903880823068e-05 0.00260074396098456
808 0.0026517919737787683 1.140224799066175e-05 0.0026398949516120394
809 0.002680332125028755 1.1278989167376602e-05 0.002669294368932316
810 0.002725948579052575 1.080298358347272e-05 0.002715586139055059
811 0.0027726964045114554 1.1314349866733069e-05 0.0027627057513446825
812 0.002825115037664271 1.1877759704908821e-05 0.0028143050653242807
813 0.00285142374568583 1.125440802763799e-05 0.002838729278261152
814 0.0029118067220542583 1.2855455931473202e-05 0.002898466872581747
815 0.002959008921435971 1.1976306007552035e-05 0.002946168938755309
816 0.003017534680954002 1.2194060256472514e-05 0.0030042883671050104
817 0.003027400206896966 1.1879872915568588e-05 0.00301533644067727
818 0.00310225790045204 1.1986380848856965e-05 0.00309013240844418
819 0.003140185137078107 1.2354423153753227e-05 0.0031279543714169133
820 0.003196215416587625 1.2344513530406337e-05 0.0031841128289988234
821 0.0032473563672559534 1.2053497220328598e-05 0.00323395433396926
822 0.003272712375888197 1.2773975230583859e-05 0.003260869466948455
823 0.003334289064444006 1.2995210563447727e-05 0.0033221385572189265
824 0.0033967489451070254 1.2180543886419778e-05 0.003384203831111503
825 0.0034247795937365723 1.2281645565156446e-05 0.0034117842306965397
826 0.00353974750735855 1.282843823490735e-05 0.003528253122936672
827 0.0035715991460247604 1.2930212287257265e-05 0.0035567679375384104
828 0.0036143989667071657 1.2611411122008932e-05 0.0036023967576475457
829 0.003717234366373374 1.3057676017204823e-05 0.003702858673099688
830 0.003743881476154455 1.3413246289720508e-05 0.003730928490094856
831 0.003798126765029077 1.301283200036329e-05 0.0037850164591472783
832 0.003884551206061269 1.3543320845020357e-05 0.0038722606885445822
833 0.003923419982899491 1.2827070396697331e-05 0.0039108977503347075
834 0.003990640355984756 1.2820997133938465e-05 0.003977136708548652
835 0.004059537617052515 1.3555173753668297e-05 0.004045674913164166
836 0.004147229504173804 1.460621323065243e-05 0.004133018743273628
837 0.004188882435833773 1.3175147949728686e-05 0.004176295783464194
838 0.004267788875760281 1.3825726659227996e-05 0.004253076727009049
839 0.004331053510254928 1.376904861036894e-05 0.004318160085272901
840 0.004392028266549868 1.3381456899875908e-05 0.004379968352631197
841 0.004462575230690712 1.348414465237255e-05 0.004450273938591263
842 0.0045473640943824115 1.3494281535655288e-05 0.004536648250733372
843 0.00463257770218441 1.404974291884734e-05 0.004617036701114649
844 0.004676689840868782 1.3913470397079938e-05 0.004665010041540652
845 0.004784115908549943 1.463289310001615e-05 0.004770647601731248
846 0.004826732957151988 1.4112296570834234e-05 0.004815104376272792
847 0.004913655248536005 1.541559416056876e-05 0.004900037141369626
848 0.004989231021836797 1.4372125750492424e-05 0.00497693531620537
849 0.0050682425705476895 1.576262235666287e-05 0.005051823720234202
850 0.005183111688276098 1.4016342455471203e-05 0.005168577391427823
851 0.00526792150275795 1.4580110905820732e-05 0.005254498432329351
852 0.00530471693834046 1.6255081617877512e-05 0.005287780419103427
853 0.005457478054374094 1.592588609154904e-05 0.00544162913433599
854 0.005484423994971025 1.4581378680612854e-05 0.005470924903852378
855 0.005571770848189868 1.513061335343869e-05 0.005557105303169902
856 0.0057274072615234525 1.3385830645591704e-05 0.005710018926010364
857 0.005812605377057892 1.5125367305017058e-05 0.005797502424711699
858 0.005874260175444353 1.4354969563290755e-05 0.005857765101660627
859 0.005976173906027089 1.452291034914557e-05 0.0059594354569220305
860 0.006052488488145266 1.3966465489855449e-05 0.006038599014480487
861 0.006097997740665011 1.4825910272367094e-05 0.006085427081998837
862 0.006240426054978384 1.4882356592604336e-05 0.006225813500691383
863 0.006341179118374008 1.6150188747797475e-05 0.006322994295000924
864 0.006488001889538173 1.4665937721471493e-05 0.006474742635960401
865 0.006553037102572526 1.631042361913069e-05 0.006537012484696074
866 0.006683822472017209 1.5929522467426242e-05 0.006666458299327272
867 0.006806788747606749 1.6141826221927846e-05 0.006792642604159006
868 0.00699487547096475 1.598766112020788e-05 0.006978421967175347
869 0.007007891425620768 1.4516336936016927e-05 0.006995843636274111
870 0.007196157838774565 1.61875838418478e-05 0.007179068824508131
871 0.007252362612203424 1.6513430374073686e-05 0.0072386717638748535
872 0.0073887078392821225 1.6462164620915918e-05 0.0073711281596181176
873 0.007475925184995455 1.6209037810372404e-05 0.007460122012705153
874 0.007631919006117267 1.5749989070778486e-05 0.007615643413641029
875 0.007784226486152833 1.7741629579156422e-05 0.007768671748692883
876 0.007884636842091912 1.695251518613526e-05 0.007868259789937587
877 0.008030277068632696 1.630767601573987e-05 0.008015246201220913
878 0.008219967402073945 1.7360575804687052e-05 0.008201259746997532
879 0.008275942829494598 1.90092394283589e-05 0.008259553021071368
880 0.0084227803903152 1.545596763922588e-05 0.008406356562128821
881 0.00859673334695011 1.746314548535002e-05 0.008580464043202476
882 0.008674374519399607 1.640062707141111e-05 0.008657963559401991
883 0.008866362876426713 1.6502794277955834e-05 0.00885374192442382
884 0.00899425714768454 1.654734861249307e-05 0.00897853801828126
885 0.009114083219425213 1.732980842795221e-05 0.00909581434078675
886 0.009315126701570989 1.77523520315514e-05 0.009296974237737171
887 0.00953799214827526 1.8458143543095425e-05 0.00952096835927796
888 0.009613123735953898 1.6444787870436986e-05 0.009596684607443945
889 0.009797304524377142 1.7308239583501043e-05 0.009777316495734194
890 0.009953861699411625 1.6740145683766485e-05 0.009935709906092778
891 0.010130751866913885 1.77558547423102e-05 0.010113408008653603
892 0.010257303243557326 1.800603181058836e-05 0.010241153394550786
893 0.010443940851815553 1.7320171593996184e-05 0.010427251985532175
894 0.010603589099207248 1.779904956352394e-05 0.010588182339684471
895 0.010863492229063245 1.765522324517038e-05 0.010849413887380208
896 0.010984904343400303 1.8465640327339736e-05 0.010962793625691374
897 0.011186444840314978 1.9521511813654312e-05 0.011168152424375239
898 0.011417878362677531 1.8373312709969713e-05 0.011402866958659203
899 0.011547228334240484 1.8161403735012762e-05 0.011524044573340648
900 0.011850569133648894 1.8930073660683462e-05 0.011830603971314791
901 0.012063693246556324 1.9633258061060036e-05 0.012038253734964635
902 0.012187297967837327 1.868509721095041e-05 0.01216461996839044
903 0.012482537889677802 1.8437527180137187e-05 0.012462920087273732
904 0.012534314071369967 1.748473172507861e-05 0.01252215541870556
905 0.012777204171169138 1.8170890208288595e-05 0.0127594308936148
906 0.01298431529096779 1.857610968907042e-05 0.012966215715721924
907 0.013318437421570324 1.8087066372651127e-05 0.01329713856857158
908 0.013464053449678985 1.8275396078389928e-05 0.013450006666787499
909 0.013815831430521288 1.8614666096050504e-05 0.013799476555304361
910 0.014088987925516234 1.887896041524514e-05 0.014066583178503168
911 0.014249588492042659 1.82765870749386e-05 0.014230894861804694
912 0.014494086770241015 1.8695527125562756e-05 0.014469544504907738
913 0.014631750052927741 1.852437159442538e-05 0.014612118708346744
914 0.014941260570720016 1.9180266277237973e-05 0.014921647017363928
915 0.015266935602038947 1.815553419180521e-05 0.015253009659431405
916 0.015451849716014677 1.9974650189412163e-05 0.015432475791952845
917 0.01580401664333499 1.9146474149608427e-05 0.01578219913705234
918 0.01597176608419679 2.0525619797514064e-05 0.015951761822797266
919 0.01633504065718337 1.8802183388279132e-05 0.016311463172401355
920 0.016648725939631202 1.932462544526392e-05 0.01662815140204206
921 0.016938247525001095 2.0439202523163338e-05 0.016920381817667824
922 0.017115307607451665 2.0346522345630404e-05 0.01709989922494163
923 0.01749237362561051 2.0238559490323515e-05 0.017474686288337638
924 0.017826661114831156 1.98576426298611e-05 0.017814073425819813
925 0.018123588038889003 1.940148197765725e-05 0.01810158618405397
926 0.01847943679197065 1.9885767619284173e-05 0.018457708386690228
927 0.01879271506401288 2.0496965760046365e-05 0.01877220178839984
928 0.019297427120940843 1.9072121249425566e-05 0.01927774758860371
929 0.01942423592692408 2.0223204591514604e-05 0.019403894712870635
930 0.019860397087449824 2.0203282462750146e-05 0.019844319349262115
931 0.020150231232480782 1.8598926856639504e-05 0.020134400051417888
932 0.02047733694096354 2.0723850820884823e-05 0.02045968042897421
933 0.020789533096213196 1.929549902987655e-05 0.020772429074747828
934 0.02118345537665833 2.0224254207256544e-05 0.021159993625560532
935 0.021675497395252444 1.931381353580109e-05 0.021650458276752653
936 0.022009553620457516 2.012646147437579e-05 0.02198922073305305
937 0.02240317012012913 1.9899046764383612e-05 0.02238816894067512
938 0.022903160452654014 2.005861268983887e-05 0.022880620288985458
939 0.023149828207605992 2.1143326563668445e-05 0.02313126887422455
940 0.023643849094590975 2.1314490967675708e-05 0.02362035591203913
941 0.024452477338344325 2.104961552083943e-05 0.024429455110636336
942 0.02445090472187395 1.942414559333451e-05 0.024427182479634265
943 0.02498167014401522 2.075675032886027e-05 0.024958508187136973
944 0.025565158763277727 2.028800727873979e-05 0.02555145647979023
945 0.02598916560593599 1.9687151021655606e-05 0.025968030476233587
946 0.02626287609639215 2.0604900051711914e-05 0.026241933787394145
947 0.026764322121044733 2.03986012167224e-05 0.026739327923322273
948 0.027672712932001308 2.0960503732007904e-05 0.027654726651780002
949 0.028036487903114284 2.0530355006488055e-05 0.028010669835079365
950 0.028521408063286305 2.0965463013679548e-05 0.028502859466166756
951 0.02895637175390304 1.88628527241524e-05 0.02894108714474599
952 0.029541243312242352 2.039080683275204e-05 0.02952352111852434
953 0.03007592116833911 2.0968776493721308e-05 0.030050054136816967
954 0.030720911453809487 2.162684131561618e-05 0.030702095190544433
955 0.03144804868990456 1.9660211251379692e-05 0.03142859016897551
956 0.03193085758606444 1.9870581309453998e-05 0.031908069667627485
957 0.032582629606852806 2.1062361934531447e-05 0.03256519143363427
958 0.03332900726698557 2.094708761777621e-05 0.03330778732094249
959 0.03383594985968629 1.9359478595300335e-05 0.033814839349087925
960 0.03455274470130865 2.097346783364077e-05 0.034527440451831995
961 0.03504290027126274 2.0389020959927317e-05 0.03501930970329045
962 0.035761083350411955 1.9428587855687022e-05 0.03573427801165476
963 0.03638781433045506 1.9082591034695586e-05 0.03637374567422255
964 0.036776709435438794 2.0136312155182523e-05 0.03676011481518458
965 0.038015083236734616 2.0844413803312463e-05 0.03799275527139219
966 0.03858814038057106 2.0175671792124912e-05 0.0385703817879379
967 0.039236749866919274 2.0132402985399448e-05 0.039226767344435386
968 0.040233774418096606 2.0538528590858376e-05 0.04020905734761514
969 0.04121189477745137 2.1091388698714317e-05 0.04118488871449083
970 0.04130774064925747 2.005057112506163e-05 0.04129362863648793
971 0.042499468759444665 1.93837131604961e-05 0.042479879811263936
972 0.0433905580569344 2.1379768499250605e-05 0.04337803929698126
973 0.04397801486606863 2.0880551997128206e-05 0.04394687969711961
974 0.04459171458704253 2.1890419308086315e-05 0.04456850346090566
975 0.0459014504826901 1.9284502435378354e-05 0.04588571418990359
976 0.04690284918969975 2.1619037010311595e-05 0.04687160617056668
977 0.04750951254667133 1.9487584615230288e-05 0.04748984649177333
978 0.04905145990602102 2.077579084606311e-05 0.04902751248752693
979 0.049694122629918035 2.104725324719313e-05 0.049687466898709634
980 0.05063790984929699 2.0548442821645106e-05 0.05061250833721071
981 0.05183247271157528 1.9622871052641795e-05 0.05180405704785209
982 0.05303408543282855 2.06016736860711e-05 0.05301448360749337
983 0.054068029778060085 2.0421862554592774e-05 0.05405591686314039
984 0.055063242085102874 1.9701402632830068e-05 0.05503134645156757
985 0.05593978889343031 1.9010403979299556e-05 0.05592363027689044
986 0.05737850250169359 1.986990237562839e-05 0.0573597502423703
987 0.0589998369261945 1.9102105154199602e-05 0.05898529820406191
988 0.05959906244817572 1.9456141793877053e-05 0.05958100911932834
989 0.060890962657569304 2.0790747634839264e-05 0.060879013116555906
990 0.062302871718375404 2.0909391177135273e-05 0.06228764966896962
991 0.06332414904615938 2.010618632853955e-05 0.0632998931197415
992 0.06432917059679215 2.1365264914332312e-05 0.06430429802180587
993 0.06605538327561226 2.1790810052810687e-05 0.06603015910923789
994 0.067419633811786 2.006519927778265e-05 0.06739598964059434
995 0.06932153160128172 1.9739866982591596e-05 0.0692987638660611
996 0.07022529922877335 2.238096153479468e-05 0.07019282177944264
997 0.0719480697617444 2.1055169701986066e-05 0.0719415662914954
998 0.07346664684740015 2.022832265879834e-05 0.07344200261310979
999 0.07482169389179437 2.030919393830381e-05 0.07480655050844662
1000 0.07573529470788226 2.0791465311072677e-05 0.07571425900810752
1001 0.07801752347147974 2.1013142635439562e-05 0.07799812026765243
1002 0.07950712874102049 2.063703220357966e-05 0.07948648225701682
1003 0.08127030898672775 2.1251250873149207e-05 0.0812362849476306
1004 0.08354125104340639 2.0720998296392666e-05 0.0835194587096932
1005 0.08440219248295153 2.0502521696715905e-05 0.0843719862825731
1006 0.08649142098709184 2.014022676470762e-05 0.08647813805788612
1007 0.08842149614683875 2.2623350473457452e-05 0.08838721945965425
1008 0.09024028368480919 2.0506583799543426e-05 0.09022103450613425
1009 0.09260951641004331 2.0558328813215315e-05 0.09257943039486412
1010 0.09445445621335226 2.0544561697715577e-05 0.094428363577358
1011 0.09579919553825982 1.956945300672025e-05 0.09578752632802258
1012 0.09802627028133928 2.1469794209872297e-05 0.09800130443080816
1013 0.10040930321384342 2.064815887813532e-05 0.10038128282585244
1014 0.10258058856448243 2.1297895641449077e-05 0.10256430522442915
1015 0.10518962198477583 2.0764483876308087e-05 0.10516388901180801
1016 0.10678525968368337 2.1175970588684154e-05 0.10676059673107724
1017 0.1097288767871031 2.0903199104252792e-05 0.10970145437528461
1018 0.11219918519082948 2.0153130920017088e-05 0.11218954820775517
1019 0.11302940787760242 2.1211014016721327e-05 0.11301054876567923
1020 0.11682461376512221 2.3576047720551817e-05 0.11678286853128306
1021 0.11901600039701565 2.0425439472179532e-05 0.11900706432930122
1022 0.12132881906524283 2.1826607473155574e-05 0.12130941354675345
1023 0.1279320503141709 7.251458249775698e-05 0.12786821123242306
1024 0.13107242245329326 7.018398725334252e-05 0.13099648315424825
