ell R_ell F_ell N_ell
2 0.000659228374037433 0.0006413471648091534 1.2361003418593385e-05
3 0.0001614349767528853 0.00013556032821659988 1.5196138086969839e-05
4 7.562119035652744e-05 6.364549685443762e-05 1.170807741560124e-05
5 3.4664202223609906e-05 2.104540813650932e-05 1.2437521510517464e-05
6 4.0790581455079235e-05 3.03353863818787e-05 1.172162619222952e-05
7 3.985354319687172e-05 2.9366207566455495e-05 1.0897465023318712e-05
8 2.5908318388329397e-05 1.337511565655244e-05 1.1523161085448065e-05
9 2.4243915555280876e-05 1.3448874729498054e-05 1.1179703502489962e-05
10 2.1083844144051326e-05 9.906810000961335e-06 1.0940478868125404e-05
11 2.0086447876487332e-05 8.619400829529883e-06 1.1545518076926235e-05
12 2.2776070143527356e-05 1.214689485377372e-05 1.090053936614247e-05
13 1.951562569864855e-05 9.187128830014218e-06 1.167818327640443e-05
14 1.5763705847456914e-05 5.731310752111162e-06 1.0890386310486893e-05
15 1.7630615065435824e-05 5.758280283238636e-06 1.1579375504468989e-05
16 1.7745340652864302e-05 6.531767849962638e-06 1.153515583493707e-05
17 1.67538569098193e-05 4.253352579661502e-06 1.1623561778683431e-05
18 1.663668800469379e-05 5.057872539223309e-06 1.168760586578857e-05
19 1.4182740127441735e-05 3.31110420310764e-06 1.1301076214214512e-05
20 1.4903841678179948e-05 3.8336831785814746e-06 1.0813635024623393e-05
21 1.4176347193567354e-05 3.1704564700307602e-06 1.100200172531978e-05
22 1.3741952584539563e-05 1.8039006927819518e-06 1.1668382774942072e-05
23 1.4627546034047676e-05 3.3408617214995254e-06 1.142763711086915e-05
24 1.3299081154832335e-05 1.4439480955280348e-06 1.1605373344192435e-05
25 1.3208060153213695e-05 2.1236339179588023e-06 1.1119137035172097e-05
26 1.265179713734825e-05 2.0941211113322246e-06 1.0653173651321766e-05
27 1.3796876881864956e-05 2.302468915933792e-06 1.1732450511951751e-05
28 1.3711411853404335e-05 1.6961182738174095e-06 1.1890837261253493e-05
29 1.2741528405276312e-05 1.5818035135267717e-06 1.1414335705214457e-05
30 1.2821797171141457e-05 1.2368957433557336e-06 1.1573883257461456e-05
31 1.2825815196000516e-05 1.0131263533108413e-06 1.1881580511704772e-05
32 1.2398096953558037e-05 1.089923832693812e-06 1.131344501651302e-05
33 1.2784772021429644e-05 1.3435967961608824e-06 1.1388785454803022e-05
34 1.2413871256035924e-05 1.4733139479349283e-06 1.1235236917495508e-05
35 1.2574757411679843e-05 1.2249569477388712e-06 1.1229132796937531e-05
36 1.2461150785004506e-05 8.705490293835796e-07 1.1454159532559977e-05
37 1.201691076676465e-05 9.507869752072927e-07 1.113170422072313e-05
38 1.200712117427352e-05 8.910648171446376e-07 1.0952242230278834e-05
39 1.1360800893189122e-05 1.1169434327439315e-06 1.041812701731177e-05
40 1.0830515603876351e-05 1.0079981611453046e-06 9.890410747802102e-06
41 1.0297740682087905e-05 7.341078491046999e-07 9.634957857011476e-06
42 9.637987406724058e-06 4.77710808696333e-07 9.192894458113136e-06
43 8.809561850105604e-06 6.817814449394804e-07 8.14362392504908e-06
44 8.751013621879894e-06 8.463317019676487e-07 7.904577906763936e-06
45 8.315716861572386e-06 7.875887442191957e-07 7.541493906761925e-06
46 7.77217557527955e-06 7.604529984069144e-07 7.046199707135611e-06
47 7.356613380038393e-06 6.510682681732318e-07 6.684213164296923e-06
48 6.855720861760305e-06 6.277644356557317e-07 6.2220791587587316e-06
49 6.296977606767198e-06 5.913665184602184e-07 5.696814899520564e-06
50 6.15677233977064e-06 5.058925410518008e-07 5.627553529404502e-06
51 6.064330124266437e-06 9.455577988992538e-07 5.184367058543042e-06
52 5.743851794956489e-06 6.525015428506768e-07 5.0692441365644675e-06
53 5.1715412797344655e-06 5.188011455456651e-07 4.6374294702864515e-06
54 5.4290868886480794e-06 9.392712135626803e-07 4.630768951009429e-06
55 5.160967892803661e-06 7.081261946492783e-07 4.501841266422159e-06
56 4.902954850008422e-06 4.121467190594844e-07 4.473214413037594e-06
57 4.896718608087256e-06 4.733700863304814e-07 4.430180540957288e-06
58 4.85949108726987e-06 4.798840795162401e-07 4.384889285051064e-06
59 4.872156392298584e-06 4.6902034104014186e-07 4.381131881385061e-06
60 4.846990950202323e-06 6.096401910745734e-07 4.273663843179953e-06
61 4.822303165254022e-06 5.295466314037509e-07 4.340582614777227e-06
62 4.740391693921737e-06 3.337813585199063e-07 4.355849424150579e-06
63 4.838743148243173e-06 4.7238635750143274e-07 4.384794929438194e-06
64 4.7455086495011784e-06 3.6596164226016946e-07 4.447515159145787e-06
65 4.771317283235067e-06 3.608033178415811e-07 4.401088729505138e-06
66 4.685774101835556e-06 4.231786745518111e-07 4.287723929370619e-06
67 5.002650966718714e-06 5.461798247047682e-07 4.4243039824748445e-06
68 4.819005037065638e-06 3.530774924035383e-07 4.4941903284920115e-06
69 4.801319804291475e-06 3.6547540247091793e-07 4.47743805681806e-06
70 4.745498219974311e-06 3.702541643078154e-07 4.400414984529801e-06
71 4.926936040131855e-06 4.4426228328060545e-07 4.480543259252137e-06
72 4.8416686176113966e-06 3.39229225984603e-07 4.448750719323096e-06
73 4.773509018821086e-06 3.2946956973784974e-07 4.452462547989878e-06
74 4.621340489510289e-06 2.960805727840298e-07 4.343996745297321e-06
75 4.806219942695287e-06 4.373649670128894e-07 4.396074136466597e-06
76 4.6178954260705574e-06 2.8652135718249616e-07 4.3475460092291315e-06
77 4.5651679791507066e-06 2.973664809705776e-07 4.273208476147503e-06
78 4.590844475646848e-06 3.025700864981478e-07 4.287448518237762e-06
79 4.580071776105607e-06 3.890030957430147e-07 4.204261080409135e-06
80 4.391232700172407e-06 3.8632571968332686e-07 4.043643351486977e-06
81 4.40271392257347e-06 3.572259790562014e-07 4.0368308367311865e-06
82 4.241973197628575e-06 3.62376257145877e-07 3.8662524886252155e-06
83 4.016406262358255e-06 2.3296913695018834e-07 3.8093959467398306e-06
84 4.0408973648391936e-06 2.5777196005791453e-07 3.7913262505309327e-06
85 4.041582224673555e-06 3.192315727357649e-07 3.7188294054244365e-06
86 4.001451420165359e-06 3.6417694614593595e-07 3.6438106487196073e-06
87 3.880305783241318e-06 3.202546589137542e-07 3.556658571630833e-06
88 3.7362037517160076e-06 3.102848375969006e-07 3.4160212461670796e-06
89 3.7194079598452598e-06 3.30966047022854e-07 3.4329544874026263e-06
90 3.587386015080845e-06 2.3054341866926996e-07 3.359385882691944e-06
91 3.6514265471414796e-06 2.6545003353953484e-07 3.337855969921776e-06
92 3.4666059140954073e-06 3.567126380522352e-07 3.129442622193447e-06
93 3.435644615983814e-06 3.565945612106198e-07 3.0921863785073085e-06
94 3.4089058730182744e-06 3.385123226686823e-07 3.1164529882139036e-06
95 3.313399997029516e-06 2.7734574493139425e-07 3.057856471526644e-06
96 3.3218189806913406e-06 3.199987323600267e-07 2.959912823562452e-06
97 3.263033765681205e-06 3.7189645127801324e-07 2.9068085729614963e-06
98 3.1506493092492293e-06 3.6422773356132827e-07 2.8113250952253232e-06
99 3.128557693463948e-06 3.2521050566428884e-07 2.794411627620816e-06
100 3.0506572743931267e-06 3.5064441962649925e-07 2.7048609170715994e-06
101 2.975085599603634e-06 3.480954734922969e-07 2.647623579127493e-06
102 2.858824605127095e-06 2.7060224099667527e-07 2.6096021607947953e-06
103 2.815719285375423e-06 2.696843639411015e-07 2.550109596936743e-06
104 2.997177834209782e-06 4.3695285803755024e-07 2.5534112543561934e-06
105 2.8513186808052616e-06 3.777865276458942e-07 2.46993275363897e-06
106 2.8462980560462458e-06 4.5193803681889253e-07 2.399165205306866e-06
107 2.8131635208538065e-06 4.119922816165906e-07 2.4123115272518375e-06
108 2.703612925628161e-06 3.8771141771735445e-07 2.338075563238057e-06
109 2.72808792580625e-06 3.85987527217492e-07 2.351723753410962e-06
110 2.6710108152696566e-06 3.319587949328826e-07 2.3669053582487387e-06
111 2.7113827543426256e-06 3.7085234834398607e-07 2.3402224673007813e-06
112 2.7828758625102704e-06 4.252572845385518e-07 2.326592717851442e-06
113 2.6898918558414816e-06 3.658099058245673e-07 2.303457098932334e-06
114 2.6059994241014095e-06 3.6525573950339325e-07 2.2612447249742324e-06
115 2.674579455730523e-06 4.4708375953878287e-07 2.222280486849928e-06
116 2.672860101297545e-06 4.487478700973769e-07 2.2617286866182226e-06
117 2.6378091840705246e-06 3.608118781973671e-07 2.2822474189279583e-06
118 2.57068978933094e-06 3.1224812514424053e-07 2.255843151375525e-06
119 2.585233931546232e-06 3.726992550529224e-07 2.253696868620201e-06
120 2.617487734911829e-06 3.352887852017263e-07 2.2525141462188186e-06
121 2.7351264429305236e-06 4.575800875047851e-07 2.2921633945283366e-06
122 2.7016316050899535e-06 4.117517531349795e-07 2.2927764506636412e-06
123 2.6523444662892475e-06 3.716936597797677e-07 2.290037456984472e-06
124 2.7328712395497296e-06 4.1946121528635027e-07 2.3030383882205277e-06
125 2.6741272450179584e-06 3.2378803838084056e-07 2.3371607543228356e-06
126 2.762959150125999e-06 3.557176193919596e-07 2.3711565147528466e-06
127 2.632031269171983e-06 3.4921200567191234e-07 2.301416908833477e-06
128 2.62975922483278e-06 3.193879243223558e-07 2.309289103948264e-06
129 2.6266213646739663e-06 3.296082336705815e-07 2.3144431240348414e-06
130 2.721748010920433e-06 3.4372631619343024e-07 2.367986034397377e-06
131 2.7340096719759433e-06 3.609176955206166e-07 2.371478286350994e-06
132 2.6980122837939236e-06 3.147412451999794e-07 2.408456124365485e-06
133 2.6538854961093054e-06 2.7164950929666116e-07 2.407704733418721e-06
134 2.6723263377743185e-06 2.7641134726603054e-07 2.4041042412736806e-06
135 2.720843001919835e-06 3.511123881866911e-07 2.395806780099613e-06
136 2.7401083095876433e-06 2.836185424909626e-07 2.447920799169512e-06
137 2.698343042400111e-06 2.622607195090376e-07 2.429395810346359e-06
138 2.727385459446161e-06 2.589892012638719e-07 2.4765832008853487e-06
139 2.6845474143872378e-06 2.556557222804355e-07 2.4521346481436793e-06
140 2.73164896438444e-06 2.881978811225325e-07 2.4528829080160357e-06
141 2.7749964215036286e-06 2.828754843770224e-07 2.479798143253378e-06
142 2.697770356852966e-06 1.9134472521633031e-07 2.4826213617788337e-06
143 2.7326239431253457e-06 2.2469098543113253e-07 2.4987922976409524e-06
144 2.714016638932159e-06 2.784190662055932e-07 2.4459758253379126e-06
145 2.7303637926794544e-06 2.4970013043964214e-07 2.4813686432161848e-06
146 2.695539413659017e-06 2.3299429653478626e-07 2.449376742753037e-06
147 2.7122778825774777e-06 2.676849338550712e-07 2.450432560700587e-06
148 2.729755842181273e-06 2.424817072033168e-07 2.486512866829217e-06
149 2.7528390726689722e-06 2.432184808086973e-07 2.501097417797244e-06
150 2.5987629970638654e-06 1.9953067782670342e-07 2.403476263258116e-06
151 2.5615344799685637e-06 2.148881664604524e-07 2.367021910343877e-06
152 2.7589153759055955e-06 2.5484643167453035e-07 2.5056452572184527e-06
153 2.651645277826252e-06 2.2227205064248578e-07 2.4362733188449224e-06
154 2.653126841661832e-06 2.0550574391643764e-07 2.4558956791118767e-06
155 2.566263044583023e-06 2.0061681600758608e-07 2.364647940840273e-06
156 2.584464287574834e-06 1.8114096039716918e-07 2.409853846508584e-06
157 2.617763936187411e-06 2.128792780707777e-07 2.4066909081817227e-06
158 2.5252001410572903e-06 1.9361340657465287e-07 2.3374878941742423e-06
159 2.5596505934674284e-06 2.086863156706925e-07 2.351111045153223e-06
160 2.574609924809087e-06 2.148574376755814e-07 2.3650578240051003e-06
161 2.4924643920394466e-06 2.1752883863439206e-07 2.2905300324788163e-06
162 2.5414858924401376e-06 2.0437593026240508e-07 2.3269554805277496e-06
163 2.5387022365884177e-06 2.425564137657346e-07 2.291818232612465e-06
164 2.5371714704312652e-06 2.4121090584769615e-07 2.300352151099197e-06
165 2.52268796205294e-06 2.526702445773226e-07 2.268879245734298e-06
166 2.5613095435179034e-06 2.4908369652940763e-07 2.286937607840049e-06
167 2.4816646722580148e-06 2.140162295741281e-07 2.2668836955021886e-06
168 2.438506768658899e-06 2.0244816647714468e-07 2.2509873412286496e-06
169 2.455957590890012e-06 2.4160547331369483e-07 2.1990744589344977e-06
170 2.3114677979551887e-06 1.7614394660797636e-07 2.157229600278801e-06
171 2.36054841618755e-06 1.8030387920479643e-07 2.1916251495780623e-06
172 2.317810230251101e-06 1.9948411319111335e-07 2.1259594977371084e-06
173 2.3456841986390346e-06 2.2000620059084122e-07 2.1381146937410934e-06
174 2.292682053655003e-06 2.0413404593687434e-07 2.105495733251765e-06
175 2.2808995988815754e-06 2.049513153032619e-07 2.0841370308492216e-06
176 2.265130021589825e-06 2.1355540943106627e-07 2.0555515514546233e-06
177 2.3236550707076386e-06 2.032527962255721e-07 2.1028185702748057e-06
178 2.230916992761164e-06 1.7349425553776608e-07 2.0447084969628495e-06
179 2.2254889281518046e-06 1.8142322529200872e-07 2.039293866204312e-06
180 2.2085218133595197e-06 1.729867946133311e-07 2.0303826054322286e-06
181 2.176289821100547e-06 1.7980673608775006e-07 1.9812617327506966e-06
182 2.1699468616604267e-06 2.0712131761060573e-07 1.950977946632043e-06
183 2.170538794816693e-06 1.952560550396402e-07 1.9662343047926063e-06
184 2.1551508336814905e-06 1.9694918463922713e-07 1.957837112515765e-06
185 2.1032348154581515e-06 2.2278819151230691e-07 1.87674218216897e-06
186 2.101461839617589e-06 1.8672978620275433e-07 1.903956102733227e-06
187 2.1152529997063003e-06 2.438489698669899e-07 1.8664377285576847e-06
188 2.047083492774387e-06 1.891058541452232e-07 1.8613458215787208e-06
189 2.0527431531222645e-06 1.9397148598976694e-07 1.8545509638694803e-06
190 2.0367571648098738e-06 2.10535716861175e-07 1.8177255738673756e-06
191 1.9956093527433337e-06 1.8662954859854802e-07 1.8156106224077837e-06
192 1.9867136005398147e-06 1.8690955674840565e-07 1.7927169748291927e-06
193 2.0363050853869107e-06 2.3065294240023664e-07 1.8065499325362185e-06
194 1.9524351977265216e-06 2.0265209738669231e-07 1.7546155806549764e-06
195 1.9267664885664456e-06 1.9052935763382948e-07 1.7457742793857935e-06
196 1.954368489118949e-06 1.618772531659753e-07 1.7796005387336852e-06
197 1.951057446982748e-06 2.06538320361275e-07 1.7598983349849572e-06
198 1.9353490948164355e-06 2.0338637477124457e-07 1.728625035340027e-06
199 1.932083545282908e-06 2.0859063603686914e-07 1.7177935483550815e-06
200 1.9182258036712383e-06 2.1172212689548837e-07 1.7041620046837192e-06
201 1.9033977841007883e-06 1.9309336214146134e-07 1.715640417380952e-06
202 1.8809314753334476e-06 1.739470891614754e-07 1.6966093674855413e-06
203 1.851387015267248e-06 1.6768824052571524e-07 1.6691963131108331e-06
204 1.8380716549614685e-06 1.917009284906243e-07 1.662520069221189e-06
205 1.87324122153121e-06 2.0336740533342376e-07 1.6719147088166541e-06
206 1.8694082111817174e-06 2.1429153814047672e-07 1.6504141362622807e-06
207 1.8347626484248273e-06 2.0655579490499838e-07 1.6421118603618747e-06
208 1.8339444980153853e-06 1.7563748454382698e-07 1.6552075961677283e-06
209 1.8388520716866678e-06 2.1379108801771195e-07 1.6440111056452701e-06
210 1.813497536262553e-06 1.8378030898483854e-07 1.6380117467718461e-06
211 1.8753529758606362e-06 2.3421422913409193e-07 1.6356369446926525e-06
212 1.8322084879154389e-06 1.9828962854092917e-07 1.6466160113154332e-06
213 1.8160946815808007e-06 1.895173896456757e-07 1.624892511825992e-06
214 1.8454424642222314e-06 2.0316437592322077e-07 1.6384246618269759e-06
215 1.8129931468596592e-06 2.088440340597686e-07 1.6049158154407777e-06
216 1.8086095502815303e-06 2.0251086052300076e-07 1.6108715659263624e-06
217 1.8250986852565693e-06 1.9723286819367856e-07 1.6392170893239231e-06
218 1.8715799722268648e-06 2.143170324046074e-07 1.6562374666951566e-06
219 1.8576587022659437e-06 2.205404232120552e-07 1.6531946254529038e-06
220 1.8517690288122102e-06 1.9772273679585995e-07 1.6466013003353934e-06
221 1.8880451200962091e-06 2.374362962701088e-07 1.6513485850800452e-06
222 1.8922733372814962e-06 2.3155252743762724e-07 1.6518333924492354e-06
223 1.8336269407643026e-06 1.9274026083905832e-07 1.6378264514839543e-06
224 1.848533671375577e-06 1.908650221842936e-07 1.6489637756143109e-06
225 1.8840219114955901e-06 2.1222923867674336e-07 1.6787421233664988e-06
226 1.895386628781979e-06 2.2438578974743133e-07 1.6711573049883133e-06
227 1.8691529889534368e-06 1.8443356654788683e-07 1.6905059287276314e-06
228 1.90398320674545e-06 2.0575508508688236e-07 1.6959958556198924e-06
229 1.9435850108625865e-06 2.1415679735594522e-07 1.7217345763884502e-06
230 1.951905610409206e-06 2.336764056593183e-07 1.7209070881710217e-06
231 1.912032403014848e-06 2.000396569551647e-07 1.701625277261555e-06
232 1.9449612935380926e-06 1.9650048567261635e-07 1.7403208245104365e-06
233 1.9765994752186367e-06 2.1909372313023128e-07 1.7721006174888354e-06
234 1.9602474123955385e-06 2.0914035045456982e-07 1.7511591827978714e-06
235 1.961194929208274e-06 1.9045987387476673e-07 1.7724289586126e-06
236 1.9681423602016326e-06 1.8189315108589083e-07 1.7873870929097765e-06
237 1.968739225295333e-06 1.93495073986043e-07 1.772974133858172e-06
238 2.0379184278732355e-06 2.1098677079311149e-07 1.813255321472892e-06
239 2.00815969658243e-06 1.7723458213864225e-07 1.8360883669414138e-06
240 2.0282333801282042e-06 1.7292259820279548e-07 1.860849776393349e-06
241 2.0531592492891173e-06 1.8932398788125037e-07 1.8577616453253796e-06
242 2.003015489252799e-06 1.5593542817345585e-07 1.8550726429762172e-06
243 2.0981226155066738e-06 2.26244406489226e-07 1.861993543513679e-06
244 2.0753277705609425e-06 1.8044787515791002e-07 1.8916782309382695e-06
245 2.095078139176061e-06 1.6241138064291028e-07 1.930685364095562e-06
246 2.1117358144181697e-06 2.014045596219854e-07 1.9057678221092727e-06
247 2.1235162879877594e-06 1.817534577139994e-07 1.952796780038809e-06
248 2.1229216465685416e-06 1.724734371737821e-07 1.9468304575812027e-06
249 2.144835329400743e-06 1.7349016167316398e-07 1.9679947364296003e-06
250 2.1236573585345475e-06 1.700153772365791e-07 1.9531862082885423e-06
251 2.1570386416108134e-06 1.907155648787462e-07 1.9660779610150354e-06
252 2.1657222965376824e-06 1.846903794161205e-07 1.9731364004093855e-06
253 2.1677827123611263e-06 1.8850966660972792e-07 1.9889410634040073e-06
254 2.1943701698127978e-06 1.788117686931694e-07 2.022512863455887e-06
255 2.1882002184606845e-06 1.4845967891377572e-07 2.0471486463591593e-06
256 2.2051327423251457e-06 1.5274023974155537e-07 2.055629740676701e-06
257 2.230894795692182e-06 1.6388264643194768e-07 2.0608092785608466e-06
258 2.2510490978508965e-06 1.742522059592753e-07 2.0665283345823022e-06
259 2.2304873462818656e-06 1.7436647889281558e-07 2.064672306683951e-06
260 2.2453897659176435e-06 1.5144097460070682e-07 2.1075276291785104e-06
261 2.3107850650203782e-06 1.5184840295226798e-07 2.1479555448661027e-06
262 2.2800605625284307e-06 1.357809027196751e-07 2.1387377881490543e-06
263 2.2754753036284675e-06 1.3868705615039906e-07 2.1382642568079427e-06
264 2.312380083595503e-06 1.4403235194281922e-07 2.1745184787033766e-06
265 2.324609157060185e-06 1.525899595727935e-07 2.1775455872526142e-06
266 2.313657371291178e-06 1.4045106284658037e-07 2.16891245491398e-06
267 2.3577076106319016e-06 1.641239991927572e-07 2.199850052875623e-06
268 2.3619982479121762e-06 1.4825187639422327e-07 2.214647687332768e-06
269 2.4106048948838103e-06 1.3864500412597817e-07 2.2555394160475313e-06
270 2.407212306752013e-06 1.4807961141371377e-07 2.26982054149007e-06
271 2.361556168504611e-06 1.2526284326317842e-07 2.2470327466718964e-06
272 2.4329642990405555e-06 1.4990704862040397e-07 2.2873702842378186e-06
273 2.416239218808367e-06 1.331843262086759e-07 2.2862498695082843e-06
274 2.483092381963957e-06 1.5026940403917844e-07 2.331086078011695e-06
275 2.5020228500547124e-06 1.4866334635271952e-07 2.358384673264301e-06
276 2.455600984073123e-06 1.317602079221774e-07 2.3271509081230706e-06
277 2.5439765767948467e-06 1.310077392134977e-07 2.4149968136294746e-06
278 2.551143921786939e-06 1.2855074269511938e-07 2.4272602858500135e-06
279 2.5541560316679413e-06 1.138616336886512e-07 2.4418705228469303e-06
280 2.5732191547433976e-06 1.3518710365181658e-07 2.4290129057413576e-06
281 2.5694959449234373e-06 1.38732440252286e-07 2.42896474620964e-06
282 2.549382856130178e-06 1.1826881434883495e-07 2.4380554426733217e-06
283 2.5856404921827154e-06 1.327817057560547e-07 2.4603269838175703e-06
284 2.6490913077176674e-06 1.5523856195911486e-07 2.4898979266837783e-06
285 2.6721564132474325e-06 1.461288341196005e-07 2.5303462651289173e-06
286 2.6879434430665017e-06 1.2784038156829922e-07 2.564833302390793e-06
287 2.6435917118479745e-06 1.3174923607217905e-07 2.5308241871220576e-06
288 2.669920564346127e-06 1.276105706141193e-07 2.5394784352074297e-06
289 2.7412218065124306e-06 1.3897776327900953e-07 2.6025373277841154e-06
290 2.7697151306599958e-06 1.3970876977175952e-07 2.6282821527288506e-06
291 2.7784812195340067e-06 1.2814965452289356e-07 2.647939272301544e-06
292 2.766550036172308e-06 1.2346212367400664e-07 2.6519783222296663e-06
293 2.7777812462741285e-06 1.2427566934658273e-07 2.652306381867821e-06
294 2.765986809713166e-06 1.1407171341183624e-07 2.6568940942306135e-06
295 2.8344740473972437e-06 1.1465297431449617e-07 2.718178140440996e-06
296 2.857497584404973e-06 1.0591732944396639e-07 2.748554732562677e-06
297 2.8165862553223397e-06 1.1811915110181489e-07 2.7050904291756794e-06
298 2.873297131486002e-06 1.2954076529337677e-07 2.745934087891032e-06
299 2.883857070023686e-06 1.1402392077152841e-07 2.76826267903684e-06
300 2.933257434964476e-06 1.1876361046963202e-07 2.8045238421120657e-06
301 2.911749972985316e-06 1.0394258720337914e-07 2.812826348305562e-06
302 2.9467787207455967e-06 1.1071232617688987e-07 2.833675049543453e-06
303 3.0071273470493373e-06 1.0518031928328965e-07 2.8902450778684945e-06
304 2.9937521911492056e-06 1.1470237904893667e-07 2.8772985491014996e-06
305 3.0216406198444818e-06 1.1788806702221848e-07 2.9033665491103287e-06
306 3.023979689326863e-06 1.1600287800606374e-07 2.8981750315492392e-06
307 3.0348487867354477e-06 1.1149537369246853e-07 2.924062008419493e-06
308 3.071177997033164e-06 1.0265568968905848e-07 2.9657692159392383e-06
309 3.0217547130671553e-06 1.0644190344244108e-07 2.9181595674257012e-06
310 3.1160808734025656e-06 1.0593584333429605e-07 3.0158396142136297e-06
311 3.1074878170736974e-06 1.0439194501856978e-07 3.002611920018187e-06
312 3.128262038574699e-06 1.1412734571100095e-07 3.0146374082230366e-06
313 3.134144551137916e-06 9.659538682119982e-08 3.040037754622498e-06
314 3.1659475702913014e-06 9.408065866998567e-08 3.077731602803244e-06
315 3.146009860558076e-06 1.0791811873181747e-07 3.050464464596185e-06
316 3.221899674173789e-06 1.1172341453890335e-07 3.115153152602e-06
317 3.1996219834632076e-06 9.820358685247269e-08 3.0903533609235263e-06
318 3.2799015779291624e-06 9.102587498669222e-08 3.191004606598751e-06
319 3.282196831918727e-06 1.0265315691328457e-07 3.1803579964735344e-06
320 3.2967652463271926e-06 1.093466356557847e-07 3.1841448577388123e-06
321 3.306966047773105e-06 9.082180563475994e-08 3.2203625518567636e-06
322 3.3077086351803263e-06 9.328232659931973e-08 3.219810215496153e-06
323 3.4093094440367727e-06 9.889191909055643e-08 3.313567087674107e-06
324 3.415743464329518e-06 1.0641245063989455e-07 3.310092770014818e-06
325 3.433841882101495e-06 1.0429353508483542e-07 3.336616870611393e-06
326 3.3933231857882094e-06 9.703328535747944e-08 3.3002193890636123e-06
327 3.4600053843787753e-06 8.95646200616658e-08 3.3777211917101666e-06
328 3.510117120307561e-06 1.028211242563552e-07 3.418251171596182e-06
329 3.5390185886227026e-06 1.0135240007458591e-07 3.4393523193912255e-06
330 3.5395639154620993e-06 9.197391826663198e-08 3.442890220934659e-06
331 3.5353027928508825e-06 9.137034380820701e-08 3.4411586933495436e-06
332 3.5924729875252865e-06 1.051969870309971e-07 3.4950408593527127e-06
333 3.5614720501710733e-06 9.226306620082525e-08 3.470214227888586e-06
334 3.6213913422493643e-06 8.788607372607296e-08 3.5370554823842413e-06
335 3.6738356437487052e-06 1.1021408046459304e-07 3.5603665117462835e-06
336 3.696433746507049e-06 1.1245006198046562e-07 3.5837323968187195e-06
337 3.6753956971034858e-06 9.377332758146998e-08 3.5800442184877065e-06
338 3.79445359835514e-06 1.0879548327630953e-07 3.684096097999865e-06
339 3.807908629187332e-06 1.0355563511319521e-07 3.7022858103340114e-06
340 3.7273865403249315e-06 9.670593396484799e-08 3.631260849764313e-06
341 3.7686137370716424e-06 9.795439502564361e-08 3.6767749396261326e-06
342 3.8613737853435905e-06 1.0267133026783474e-07 3.763852612771566e-06
343 3.857409340899338e-06 1.086347031595893e-07 3.744992980038373e-06
344 3.910505197186032e-06 1.018379735839144e-07 3.810650679285184e-06
345 3.941862614769204e-06 1.193835688575576e-07 3.827628750121542e-06
346 3.949325370609566e-06 1.2016113719481142e-07 3.827796190009063e-06
347 4.017468453609182e-06 1.0143259367291335e-07 3.913454867855195e-06
348 4.060805056338393e-06 1.0888139060042949e-07 3.950201424440718e-06
349 4.0383128286641885e-06 1.0828229981837923e-07 3.9304656550236e-06
350 4.076120682169706e-06 1.0433214236397827e-07 3.977044179172069e-06
351 4.1673376666488695e-06 1.1122017225643393e-07 4.040959058070643e-06
352 4.1571383950527685e-06 1.0971548932417444e-07 4.0501693394122616e-06
353 4.15280427709329e-06 1.1340851500282155e-07 4.037881854420154e-06
354 4.189606742794692e-06 1.1068628370750601e-07 4.082276960698866e-06
355 4.203877173579896e-06 1.0732244148645523e-07 4.1173361818336424e-06
356 4.2871823179560236e-06 1.1132126736771301e-07 4.174200088035162e-06
357 4.3513739830305674e-06 1.10405789069846e-07 4.231156487746914e-06
358 4.328422024423335e-06 1.1272239598626896e-07 4.212514974875566e-06
359 4.352407065068566e-06 1.1227630874194179e-07 4.242579184873977e-06
360 4.4408175738852045e-06 1.1146868116637537e-07 4.3310136370633885e-06
361 4.405399111067091e-06 1.1832436757571894e-07 4.291029385556227e-06
362 4.464204002981794e-06 1.2158612453525326e-07 4.348034625304909e-06
363 4.53134453924053e-06 1.1737410315028771e-07 4.430343740037822e-06
364 4.540257510129288e-06 1.1803626000713558e-07 4.423904948038565e-06
365 4.587906859199216e-06 1.2611825302645825e-07 4.465983291057615e-06
366 4.582892497736497e-06 1.1498078292976659e-07 4.462785879370313e-06
367 4.6930861268351185e-06 1.249003809041063e-07 4.578754203817763e-06
368 4.705830449104577e-06 1.192213424013518e-07 4.594989282345045e-06
369 4.760583547209977e-06 1.2687177307786273e-07 4.634979779491571e-06
370 4.783252855277461e-06 1.2853413326736204e-07 4.64192032015787e-06
371 4.756630035286944e-06 1.31200322839182e-07 4.624986912170403e-06
372 4.841395879347454e-06 1.249847551046653e-07 4.72123421065038e-06
373 4.865786170620071e-06 1.3482351737429487e-07 4.740968516675461e-06
374 4.878506855458101e-06 1.4027779754096083e-07 4.750479527422917e-06
375 4.951385512316592e-06 1.2507050247843437e-07 4.813170430270142e-06
376 5.029446090702121e-06 1.3677071915803887e-07 4.910079654569558e-06
377 5.090485312569503e-06 1.3116872078283197e-07 4.959953283836854e-06
378 5.135650247122546e-06 1.28399979326045e-07 5.017990138470393e-06
379 5.076868691326628e-06 1.3076897456862098e-07 4.95346869311511e-06
380 5.23605711849027e-06 1.448156839033266e-07 5.095714338103758e-06
381 5.311229979191388e-06 1.3873969612700988e-07 5.1624365175929986e-06
382 5.2730947179975e-06 1.5416887424724752e-07 5.116673705233753e-06
383 5.249145004130177e-06 1.350236634149674e-07 5.112656203919007e-06
384 5.3484440342542215e-06 1.24675044456242e-07 5.237477019980108e-06
385 5.393618562082636e-06 1.2996601253125737e-07 5.264326310678279e-06
386 5.3969915324002615e-06 1.35216347771469e-07 5.262771333996448e-06
387 5.437518778020943e-06 1.459462539960602e-07 5.290331660673754e-06
388 5.631468374828704e-06 1.5299039590322506e-07 5.478534035800202e-06
389 5.602331253270764e-06 1.4724238521651868e-07 5.44457324067791e-06
390 5.600562835379484e-06 1.34036360326102e-07 5.466521948449286e-06
391 5.652221974751614e-06 1.3481360304072693e-07 5.5251914721588725e-06
392 5.732965080531856e-06 1.5234645760987582e-07 5.587262620782467e-06
393 5.840603023675589e-06 1.4797311972721816e-07 5.692546315863982e-06
394 5.8180798336638945e-06 1.5013991479075669e-07 5.656746652869826e-06
395 5.919336164348439e-06 1.4868950916879163e-07 5.767503542147823e-06
396 5.963168749697244e-06 1.542079621768992e-07 5.808609528513753e-06
397 6.071388042306387e-06 1.64918101650069e-07 5.907606720263326e-06
398 6.129120017994988e-06 1.5199230755812973e-07 5.9684691205518906e-06
399 6.215910454594118e-06 1.5021285704885962e-07 6.066274613357735e-06
400 6.167382323448844e-06 1.5910989032811756e-07 6.015688758648728e-06
401 6.2661993339194825e-06 1.6257446964456525e-07 6.08753454656127e-06
402 6.322467491394178e-06 1.5520943874577863e-07 6.168218714599592e-06
403 6.352368062593204e-06 1.6163312511576474e-07 6.190713455517693e-06
404 6.351900462092631e-06 1.664330942190363e-07 6.198791316855736e-06
405 6.499675413451043e-06 1.7420433334550522e-07 6.324200502231848e-06
406 6.6383495522514136e-06 1.7321505038717805e-07 6.463256235197948e-06
407 6.671769204857877e-06 1.6302774325548733e-07 6.516328323412948e-06
408 6.77214217311421e-06 1.7797330986793442e-07 6.596120914702084e-06
409 6.757263725569405e-06 1.7810805517182162e-07 6.582379121288008e-06
410 6.7131130483574556e-06 1.7887713115582724e-07 6.535353222724447e-06
411 6.864029370897268e-06 1.8494362583867856e-07 6.677997790241879e-06
412 6.903864424751408e-06 1.9229051330586936e-07 6.696391613468592e-06
413 7.004380921009447e-06 1.8362417724452844e-07 6.8315631878757875e-06
414 6.966980122448865e-06 2.008598572145228e-07 6.7627867982793655e-06
415 7.167394474734052e-06 1.6828639231170735e-07 7.017247553113055e-06
416 7.233242551645413e-06 1.9565063844663147e-07 7.051243443922291e-06
417 7.307941576450017e-06 1.9171911721359095e-07 7.115038286591604e-06
418 7.339186504107211e-06 1.8303662270746672e-07 7.168298350898355e-06
419 7.4049402105207465e-06 1.6988248881707187e-07 7.2338966894165975e-06
420 7.471242930639843e-06 1.8508706650705552e-07 7.302281447430881e-06
421 7.565166342065975e-06 1.947647436115665e-07 7.370786105618643e-06
422 7.66109109940537e-06 1.7380806098908164e-07 7.484475160153751e-06
423 7.835937588677331e-06 1.9889029178603908e-07 7.636761957112603e-06
424 7.802938931096222e-06 2.0296914823824184e-07 7.604285942492564e-06
425 7.803913979944911e-06 1.9687636100559111e-07 7.630345139532937e-06
426 8.026228511627873e-06 1.9374613681641878e-07 7.865755609626733e-06
427 7.970502717513774e-06 1.9237281676007971e-07 7.769268285897148e-06
428 8.127901065517968e-06 1.9922002266209657e-07 7.960058730070142e-06
429 8.238396756155433e-06 1.8561180588923188e-07 8.070602017432601e-06
430 8.337815650798742e-06 1.8641301226295622e-07 8.150002040288596e-06
431 8.387283642113767e-06 1.8883022711119923e-07 8.208337008837112e-06
432 8.471830355793961e-06 2.1038862050855786e-07 8.26364015441963e-06
433 8.513358331366064e-06 2.0706931628634234e-07 8.294761053581882e-06
434 8.637700487818812e-06 2.1003731228454657e-07 8.440924864200553e-06
435 8.733331819258733e-06 2.3083205585916987e-07 8.505812509226791e-06
436 8.771688554698755e-06 2.178456721769104e-07 8.55917883856584e-06
437 8.872795735972927e-06 2.1394877540528995e-07 8.65643572655975e-06
438 8.832601929942572e-06 1.908871574297393e-07 8.641800915188196e-06
439 9.102934559332403e-06 2.2263210194269224e-07 8.896233825944946e-06
440 9.165189719458601e-06 2.111801550312679e-07 8.967254983433636e-06
441 9.202160180007742e-06 2.098206706836333e-07 9.012625160765621e-06
442 9.360024010713609e-06 2.294792626012287e-07 9.137027690282754e-06
443 9.5800015296925e-06 2.2435707957080907e-07 9.344815168452419e-06
444 9.474985092828762e-06 2.1221342291639782e-07 9.256233246232569e-06
445 9.764237435667185e-06 2.1453681489752873e-07 9.549562006643276e-06
446 9.82471342080681e-06 2.0249138557150412e-07 9.627123123451463e-06
447 9.934886948170291e-06 2.264015252270607e-07 9.722730944488995e-06
448 9.995619409004256e-06 2.0915596526042886e-07 9.78213934868229e-06
449 1.0179828574939783e-05 2.20157206701923e-07 9.961015080742382e-06
450 1.0278896950526917e-05 2.1990931922932393e-07 1.003395511109444e-05
451 1.0386459022966998e-05 2.1975720091985505e-07 1.018027750846112e-05
452 1.0351228641327925e-05 2.2542221728798213e-07 1.0126213931908991e-05
453 1.0523379340986687e-05 2.2637815325928932e-07 1.0328935911331514e-05
454 1.0776510351053173e-05 2.3362706811206043e-07 1.0556534157464393e-05
455 1.0644264348795109e-05 2.1048134722489316e-07 1.0460402628514764e-05
456 1.089668262352508e-05 2.4620149333632273e-07 1.0664269953812386e-05
457 1.118002449483744e-05 2.2001170016839586e-07 1.0928781053076019e-05
458 1.1085283503168202e-05 2.3246500929126423e-07 1.0877973476790976e-05
459 1.1279988785349319e-05 2.2032765575030634e-07 1.1057413646631826e-05
460 1.1446430611051655e-05 2.5541620157473444e-07 1.1176199745462088e-05
461 1.1596926451206213e-05 2.2906318318188235e-07 1.1393771635100523e-05
462 1.1636961463495157e-05 2.443238370525994e-07 1.1389007641766006e-05
463 1.1720353642121239e-05 2.2591282679256126e-07 1.14900034156578e-05
464 1.1831295550132415e-05 2.1505000928645322e-07 1.1616193520775265e-05
465 1.2048884940977058e-05 2.3559592228301512e-07 1.1815580597661028e-05
466 1.2171833770862388e-05 2.2253173267118883e-07 1.1943547133701688e-05
467 1.2168513586282893e-05 2.3222335312056192e-07 1.1933971292851764e-05
468 1.2423036935731418e-05 2.5358792975192765e-07 1.2191363340562504e-05
469 1.2621339193233881e-05 2.3335506171948132e-07 1.2416630206865362e-05
470 1.2664080517925272e-05 2.4166495728025063e-07 1.2455370003252738e-05
471 1.2833020905732155e-05 2.3791422142612057e-07 1.2591767285026937e-05
472 1.2963462983123066e-05 2.309225103412689e-07 1.2703366561230051e-05
473 1.2951557310682297e-05 2.3651573712059173e-07 1.2722451907695599e-05
474 1.3285982438411284e-05 2.2331926270748142e-07 1.3027538399549081e-05
475 1.3285385500249541e-05 2.3425270610691448e-07 1.3063810917991236e-05
476 1.3520381295958114e-05 2.3927399834709e-07 1.3287723227969886e-05
477 1.3755593176911808e-05 2.3142724403341572e-07 1.3548225094544718e-05
478 1.359725003826524e-05 2.2438738989432398e-07 1.3382167173402371e-05
479 1.3789584348858263e-05 2.327112878168785e-07 1.3554068606285112e-05
480 1.4070165263094082e-05 2.2921382331826122e-07 1.385773128976483e-05
481 1.4120155187416235e-05 2.2774976353164737e-07 1.3915357473247877e-05
482 1.4240905089217748e-05 2.3364753809270696e-07 1.4018985317857607e-05
483 1.448297246879008e-05 2.1445814843289954e-07 1.426850783767895e-05
484 1.4824061170530517e-05 2.1899670901263182e-07 1.4580696853116273e-05
485 1.4870992166556747e-05 2.3168102341969905e-07 1.4633398334507564e-05
486 1.488160970082669e-05 2.2661486415901713e-07 1.4674027162369778e-05
487 1.510725303282583e-05 2.233276045965431e-07 1.4887250902192724e-05
488 1.5416192336666775e-05 2.1944067438874473e-07 1.5208218483972892e-05
489 1.5346324046040247e-05 2.197473446624954e-07 1.5115286604921092e-05
490 1.551483323811898e-05 2.1773248029388322e-07 1.5302692950952282e-05
491 1.5967627027103784e-05 2.1738576462111545e-07 1.5748049129618135e-05
492 1.610813325789886e-05 2.0342134176524567e-07 1.591808708116329e-05
493 1.6115644471748426e-05 2.3879148293802145e-07 1.58935965747296e-05
494 1.6278175240843872e-05 2.1161143060623384e-07 1.6052491352596568e-05
495 1.640671764501586e-05 2.273663064533206e-07 1.6198892203846583e-05
496 1.6502851113036367e-05 2.1205249283812373e-07 1.629954455588763e-05
497 1.6903022277200464e-05 2.3095330799883654e-07 1.6696034943887835e-05
498 1.7076159660769534e-05 2.1652202443852306e-07 1.6857853360737327e-05
499 1.7032292680520867e-05 2.1718989088021006e-07 1.680923948147649e-05
500 1.7413833804740463e-05 2.23304496625704e-07 1.7180475477793895e-05
501 1.7382635860008012e-05 2.2505940765556845e-07 1.7175875919155998e-05
502 1.7814111023414033e-05 2.49970634949414e-07 1.757437525948446e-05
503 1.8043317049512708e-05 2.442968355044022e-07 1.7794182561662686e-05
504 1.8029422959907078e-05 2.223656180281915e-07 1.7805878110408906e-05
505 1.81410770128353e-05 2.1744975841804546e-07 1.7957702546536298e-05
506 1.8692188693167967e-05 2.2940814186584335e-07 1.8471752695996887e-05
507 1.8659289612415872e-05 2.3357730090648283e-07 1.844764481253278e-05
508 1.8966096505567742e-05 2.1189956596943818e-07 1.8763883791590892e-05
509 1.9237487220584088e-05 2.2631789414468846e-07 1.9028128192103083e-05
510 1.9429138483086482e-05 2.2791931535274888e-07 1.9238520487512622e-05
511 1.9425507310477536e-05 2.2389842518379632e-07 1.9171625411743488e-05
512 1.9805433396712183e-05 2.055453776064168e-07 1.9571609503186264e-05
513 2.017014955314522e-05 2.0155977751785755e-07 1.9954001470139215e-05
514 2.0060677386731794e-05 2.0511529978779836e-07 1.9868757019119405e-05
515 2.0399789315947257e-05 2.0840607488284187e-07 2.018566649747078e-05
516 2.0483811003935642e-05 1.9548935999994682e-07 2.028863228484411e-05
517 2.0835991317043125e-05 2.1117850137343335e-07 2.064587364159573e-05
518 2.1090345430981446e-05 2.1199662666265064e-07 2.0888047659516355e-05
519 2.1121533647082202e-05 1.9925388584502963e-07 2.0917993123437416e-05
520 2.155282221273899e-05 1.966351826776424e-07 2.1339599903587174e-05
521 2.1987844533572163e-05 1.8368237482098125e-07 2.178983414495629e-05
522 2.218430728947771e-05 1.9276120459698828e-07 2.197991027308213e-05
523 2.2102304541801715e-05 1.9616034363909272e-07 2.1892810562348764e-05
524 2.2273298999568992e-05 1.900567372549682e-07 2.213120132048448e-05
525 2.2955052921819125e-05 1.8341430219362002e-07 2.2784422761494392e-05
526 2.3148879612655936e-05 1.910025860808521e-07 2.2986772550134e-05
527 2.324834626912674e-05 1.9439655881205332e-07 2.3078931726003396e-05
528 2.316545087078357e-05 2.0013697875535888e-07 2.2981118039862416e-05
529 2.3728600117114917e-05 1.9173772457799122e-07 2.3513910073799693e-05
530 2.4007464055290274e-05 1.9143935611972204e-07 2.3832126942003765e-05
531 2.421639216912938e-05 2.112054600886903e-07 2.4009580166556395e-05
532 2.4663130696024106e-05 1.9272855197526586e-07 2.444211237952743e-05
533 2.489832509898716e-05 2.0103879755517232e-07 2.4741725371100597e-05
534 2.516194788440636e-05 1.9538028271977412e-07 2.4978317995268342e-05
535 2.5545601353223396e-05 2.025489960063632e-07 2.534663614738813e-05
536 2.56762687314361e-05 1.8414419947646733e-07 2.54924528850112e-05
537 2.620493545328353e-05 1.958948200901115e-07 2.598412558766861e-05
538 2.6273846944957103e-05 1.9242778839797852e-07 2.6091164567842197e-05
539 2.6571711361885118e-05 1.9973602818969266e-07 2.6392924156213236e-05
540 2.7005735380426776e-05 1.9861217394685636e-07 2.6807633290227302e-05
541 2.749449280786509e-05 1.9280551199889562e-07 2.7291611365957005e-05
542 2.7705525518377e-05 2.0449305756074494e-07 2.754810726113136e-05
543 2.7886302775687284e-05 1.9534845155041504e-07 2.767961293893248e-05
544 2.836684593944193e-05 1.9254112985859796e-07 2.8163118902465867e-05
545 2.8826791648684948e-05 1.9218458245547668e-07 2.8640821158811298e-05
546 2.905000998454011e-05 1.9443278135220025e-07 2.883617616309498e-05
547 2.9026367640091767e-05 1.8660602886238914e-07 2.886923748692761e-05
548 2.9431194092972827e-05 1.9012910048174254e-07 2.9256120747538456e-05
549 2.9883827576350254e-05 2.0569726314967794e-07 2.9691858543756593e-05
550 3.0248492483116668e-05 1.9132631923516924e-07 3.0061509206702593e-05
551 3.060920600734721e-05 1.903648732376698e-07 3.045426817665034e-05
552 3.1329073984605115e-05 1.8919421584787146e-07 3.116166571198294e-05
553 3.1245333628795275e-05 1.9569662503103563e-07 3.105717825407161e-05
554 3.173291083081582e-05 1.8009067308458852e-07 3.158045042088104e-05
555 3.2192852140051534e-05 1.7937332239963346e-07 3.196955321836098e-05
556 3.249719056367252e-05 1.7493949324610327e-07 3.234311188119475e-05
557 3.2708796750674564e-05 1.7725213830167973e-07 3.25247602282219e-05
558 3.3504465959782785e-05 2.0028597566778305e-07 3.3330552924495545e-05
559 3.386502265005711e-05 2.0055880073021274e-07 3.365283881712067e-05
560 3.422911527536114e-05 1.80207667701374e-07 3.403406772064672e-05
561 3.432012043646797e-05 1.845838094168839e-07 3.415611731405285e-05
562 3.4915880816172746e-05 1.9327154821009664e-07 3.472472188950466e-05
563 3.552132579177967e-05 1.8231864801164824e-07 3.5339108289802935e-05
564 3.595580946683353e-05 2.026536594268597e-07 3.572957801139066e-05
565 3.608456243928344e-05 1.9701831564776662e-07 3.589011332258238e-05
566 3.671013991810386e-05 2.059148136884495e-07 3.654757731904123e-05
567 3.7170765400512025e-05 1.9954800901107105e-07 3.698368683636576e-05
568 3.778728047546503e-05 1.9072756690624293e-07 3.7589802672848146e-05
569 3.8062220009077446e-05 2.0257674584020502e-07 3.784560655240245e-05
570 3.856739748611712e-05 2.0918443629225368e-07 3.8372119342476356e-05
571 3.891299656285843e-05 1.881394974250919e-07 3.872860091791551e-05
572 3.951830271763137e-05 1.8988284314751068e-07 3.932003706054001e-05
573 4.003968208040188e-05 1.7616266718558208e-07 3.9886693064008084e-05
574 4.032864386203759e-05 1.9953945872750934e-07 4.011235862974924e-05
575 4.0657751206285674e-05 1.9747519381922612e-07 4.046990581281825e-05
576 4.188327336920267e-05 2.0806017039925357e-07 4.1722729767517945e-05
577 4.224317014266088e-05 1.9672882859291216e-07 4.2044824758247455e-05
578 4.2675418576208505e-05 2.1908005055125335e-07 4.24397693604762e-05
579 4.29121021989701e-05 2.1051313417277774e-07 4.2687285206519486e-05
580 4.3148493194199064e-05 2.1181054865545981e-07 4.297369813330953e-05
581 4.406485907914553e-05 1.976092815363124e-07 4.386211618942035e-05
582 4.4283192733412464e-05 2.1768394502907143e-07 4.407304238752489e-05
583 4.512723754066679e-05 2.0188588605663884e-07 4.496684822320489e-05
584 4.647816370055597e-05 2.1501443737162786e-07 4.623716576117228e-05
585 4.666744956370954e-05 2.215090399199917e-07 4.646114126807253e-05
586 4.683429144139686e-05 2.406693134147844e-07 4.6613905925020644e-05
587 4.760563571840427e-05 2.235023103946009e-07 4.730174166696377e-05
588 4.860489564211519e-05 2.4504349739147164e-07 4.83844369152439e-05
589 4.8952974027931304e-05 2.514279732820613e-07 4.867944118921286e-05
590 4.946319609077612e-05 2.3512087872055943e-07 4.920815024343569e-05
591 5.007842511961675e-05 2.2585848833925002e-07 4.9882170270585494e-05
592 5.049017127216989e-05 2.390085918170992e-07 5.0269046900655996e-05
593 5.139482040027125e-05 2.4701529719348915e-07 5.1180705038864416e-05
594 5.2180922567690535e-05 2.53917904893864e-07 5.19529656297587e-05
595 5.2957138208392825e-05 2.615625138769449e-07 5.276880202602596e-05
596 5.314216642106103e-05 2.6454051606964647e-07 5.289900136630121e-05
597 5.412150186928539e-05 2.4837274529913916e-07 5.3880965524701314e-05
598 5.443505068255368e-05 2.6565252942111695e-07 5.421698745808282e-05
599 5.530646648807028e-05 2.675411985812258e-07 5.500751797208452e-05
600 5.621694685318136e-05 2.6452527543909374e-07 5.598003076746099e-05
601 5.670065030528999e-05 2.8461237355219225e-07 5.643766536050146e-05
602 5.7799768175243955e-05 2.81068321817022e-07 5.747114786604658e-05
603 5.771513353144392e-05 2.827530639925651e-07 5.743636071322978e-05
604 5.9216830770696394e-05 2.879336254638464e-07 5.8912165088745315e-05
605 5.96739720155317e-05 2.732590629084262e-07 5.94602395954621e-05
606 6.0718478819475514e-05 3.069012591670721e-07 6.0442244227356175e-05
607 6.0992560805187975e-05 2.9611590434933465e-07 6.070086391641276e-05
608 6.205901108056833e-05 3.1280442617601743e-07 6.178901440025818e-05
609 6.273666240367136e-05 2.902882939253025e-07 6.247047871161518e-05
610 6.36545832576001e-05 3.101929030575429e-07 6.339017689231617e-05
611 6.432773454708937e-05 3.1459720509545055e-07 6.39798794162684e-05
612 6.559025832888465e-05 2.7953091424448584e-07 6.528210850464981e-05
613 6.639454577264812e-05 3.401625386855369e-07 6.603326956115439e-05
614 6.718504245045046e-05 3.216548003714573e-07 6.685810685232992e-05
615 6.830769501067943e-05 3.2571253045850363e-07 6.798232851390733e-05
616 6.908652289518271e-05 3.6507610175356384e-07 6.876186924382475e-05
617 6.944794623982377e-05 3.4166418027815575e-07 6.913060238324124e-05
618 7.117946313648124e-05 3.7503110443843206e-07 7.082427434980825e-05
619 7.228759613464686e-05 3.4320272913412677e-07 7.198474731964598e-05
620 7.21096296927041e-05 3.8045403022178833e-07 7.177270146053719e-05
621 7.335073433621345e-05 3.757387450199414e-07 7.294754279314533e-05
622 7.521114768510588e-05 3.712693979048858e-07 7.480743883524618e-05
623 7.51654340438251e-05 4.356390100306476e-07 7.479223196499204e-05
624 7.571100903026035e-05 3.962255230311297e-07 7.530319972019799e-05
625 7.7569768504063e-05 4.122436395761041e-07 7.716183960680906e-05
626 7.86297650103139e-05 3.9792916116295923e-07 7.826756718521484e-05
627 7.968911353686829e-05 4.3340189308643504e-07 7.922558043428886e-05
628 8.053380330670667e-05 4.3296405810500237e-07 8.009133768565298e-05
629 8.0860758886323e-05 4.429977912064675e-07 8.045528525567145e-05
630 8.317947711282348e-05 4.124278549450701e-07 8.278780489557568e-05
631 8.397439581886899e-05 4.757525202890204e-07 8.348772019454205e-05
632 8.569192777733073e-05 4.7414082670520873e-07 8.512856808187207e-05
633 8.698690083154869e-05 4.704870978224033e-07 8.642568211235e-05
634 8.643692598069689e-05 4.933607981398714e-07 8.59803418211701e-05
635 8.895293994246524e-05 5.455285013316821e-07 8.845897890903643e-05
636 8.883661747099868e-05 4.963053221997466e-07 8.838610315867808e-05
637 9.087675078768733e-05 5.664164846619405e-07 9.026694470768427e-05
638 9.160945436503438e-05 5.083238554563199e-07 9.107725676227448e-05
639 9.34696846163743e-05 5.918851285764194e-07 9.285379735756981e-05
640 9.511008211620866e-05 5.679980539064717e-07 9.462361005735621e-05
641 9.500287049826464e-05 5.979375602720393e-07 9.444614455025993e-05
642 9.771760922984939e-05 5.574432166372348e-07 9.708194015074191e-05
643 9.886231319285411e-05 5.787154530122825e-07 9.826994384535859e-05
644 9.945431795132252e-05 5.634173964257416e-07 9.883690523794848e-05
645 0.00010079991251507143 5.457819254058919e-07 0.00010009815975259149
646 0.00010221860584040633 5.94681604754118e-07 0.00010162410765729699
647 0.00010434726972247224 5.919217726512545e-07 0.00010371503392226594
648 0.00010491502061037808 6.497014684955936e-07 0.00010427622329722667
649 0.00010639920567163145 6.36400688101272e-07 0.0001057958272037094
650 0.00010865340736183254 6.528639381229939e-07 0.00010799908377007452
651 0.0001103724797830695 6.516134823777813e-07 0.00010958986968830503
652 0.00011122986504769109 6.988011646761342e-07 0.00011049486986199101
653 0.00011297368303963266 7.236649227885673e-07 0.00011226342789341252
654 0.00011215405278103396 7.673443616981164e-07 0.00011151000109323681
655 0.00011548749340299659 7.571532927462573e-07 0.0001148579386035111
656 0.00011676948373127374 6.677090737035146e-07 0.00011606227298363842
657 0.00011885312223989385 7.146446175104981e-07 0.00011809602228685868
658 0.00012088416341255194 7.676191429404247e-07 0.00012024264038573538
659 0.00012288274167677714 7.264746904949805e-07 0.00012213649143728606
660 0.0001252090696957069 7.788968869771832e-07 0.00012439880763642582
661 0.00012552035305265558 7.833677821676822e-07 0.00012468103818861034
662 0.00012720006051913235 7.893075779884234e-07 0.0001264281762882972
663 0.0001303257697579249 8.35871597369148e-07 0.00012944290651913044
664 0.00013116388164109564 7.786501221771733e-07 0.00013046229117051272
665 0.00013308443726358296 8.384889966590289e-07 0.00013221601597969518
666 0.00013386898527871768 8.186603246294367e-07 0.0001331250036668126
667 0.00013605149296622173 8.803302374418406e-07 0.00013504225886158593
668 0.00013896108736141178 8.903736252913191e-07 0.0001380208616284965
669 0.00014195026381265473 9.578716165951627e-07 0.00014085775327897588
670 0.00014184336880057784 9.644240057717959e-07 0.00014073429199499779
671 0.00014416895715248083 9.789025289399822e-07 0.00014331949017797846
672 0.00014663717547722842 9.427851168763024e-07 0.0001457595229271218
673 0.00014800401648311804 9.44092748416492e-07 0.00014719194980913688
674 0.0001500489700252581 1.055788977025699e-06 0.00014898881688827593
675 0.00015289309533730077 1.0233234565784083e-06 0.0001519861076755541
676 0.0001548595868011353 1.0179778948088304e-06 0.00015384850928076548
677 0.00015813096931000754 9.785658090907644e-07 0.00015713484822225268
678 0.00015792164123557638 9.85181905419595e-07 0.0001570225940002201
679 0.00016014999152502197 1.1554693742111552e-06 0.0001588929691672419
680 0.00016405196549065123 1.0614597450911705e-06 0.00016300000190496916
681 0.00016747185909949706 1.0866022147940516e-06 0.00016646136631488112
682 0.00016889152330939073 1.2245859587030358e-06 0.00016759759881057528
683 0.00017044705595632714 1.0765725513227435e-06 0.0001695011526120968
684 0.000171526038965227 1.1954136393969769e-06 0.00017044063984395338
685 0.00017623966274878962 1.1537673149125108e-06 0.00017506793279544957
686 0.0001783112033659943 1.1554674643400421e-06 0.00017727802678008757
687 0.0001802626336204134 1.1343390600845647e-06 0.00017898291329999612
688 0.00018366698310242556 1.1921633146087252e-06 0.0001825371036911908
689 0.0001861586942842093 1.3236205886144054e-06 0.00018483187121818068
690 0.0001886151500888607 1.1874313582692365e-06 0.00018738795449590092
691 0.00019083431302455538 1.4294959339780162e-06 0.00018957840987862982
692 0.00019414289706147085 1.3311017011323756e-06 0.00019269358733755876
693 0.00019721798827995109 1.4075251098721873e-06 0.00019598434119155468
694 0.00019876532447467136 1.2637888762480932e-06 0.00019752268231241978
695 0.00020344424740829136 1.3863173129121157e-06 0.00020216174111541984
696 0.00020482728334735552 1.230928876403007e-06 0.000203563531515172
697 0.0002080240923841998 1.2936526208484137e-06 0.0002069675660275874
698 0.00021107765663523734 1.4785432063213215e-06 0.0002096085907666788
699 0.00021467238544356103 1.4354773852468808e-06 0.0002132026349336379
700 0.0002165381310125781 1.3275660680416062e-06 0.00021533814060014787
701 0.00022188751051934418 1.3850270475591913e-06 0.00022052541392910592
702 0.000223363119810993 1.4857110850015483e-06 0.0002218539466181782
703 0.0002265829462273811 1.354694607623116e-06 0.00022529289368241787
704 0.0002301444721013757 1.5880145434690085e-06 0.00022848700868866603
705 0.00023252051994220987 1.597248752131699e-06 0.00023097627301258458
706 0.00023816613461081048 1.6109834238271228e-06 0.00023644451690562764
707 0.00024189009353418417 1.4686801332838728e-06 0.0002404305331286021
708 0.0002442356662242583 1.718701740820482e-06 0.0002422843581629996
709 0.0002479966724541685 1.7765678490114602e-06 0.000246410777132803
710 0.00025192830617423717 1.8355263280404613e-06 0.0002500973725585791
711 0.00025235786304416536 1.6881391178688562e-06 0.0002506440959989382
712 0.00025904119105391976 1.893285904765455e-06 0.0002571769759121204
713 0.0002628424580685484 1.8294238608223707e-06 0.0002608604578651637
714 0.00026596362684520094 1.632202837091175e-06 0.0002643556789147299
715 0.00026866700926433696 1.7780778283250254e-06 0.0002670317055413188
716 0.0002723157227765977 1.9585731507495454e-06 0.00027045541334284727
717 0.00027780874957991674 1.8040679004709586e-06 0.00027615710976967715
718 0.0002819431583296329 1.7875206976429014e-06 0.0002798516138049719
719 0.00028583170097641294 1.8384233135373624e-06 0.0002841303461206747
720 0.0002882657941990916 1.983194626723028e-06 0.0002862015172094153
721 0.00029480954762487783 1.9698312683179144e-06 0.0002926928787466264
722 0.0002967929921168213 1.9261972953335666e-06 0.0002949406308008442
723 0.0003024786595265707 2.170741761786186e-06 0.000300295941174653
724 0.0003053840030161788 2.0100777308264656e-06 0.00030327127252646996
725 0.00031234425250200996 2.0231044042817672e-06 0.00031030989829240925
726 0.00031723555250480343 2.0524737094043927e-06 0.0003152889939229582
727 0.00032330351818489125 2.0549660922967403e-06 0.0003212149189959579
728 0.00032670555028231255 2.1517994669958213e-06 0.00032470349203036786
729 0.0003315798092644758 2.0292309637171703e-06 0.00032961430600590377
730 0.0003353835442292972 2.2721005083509376e-06 0.00033287205486666395
731 0.0003413025576760348 2.264357594164642e-06 0.00033923598480632445
732 0.0003472935129302509 2.485117359336611e-06 0.0003453073100774868
733 0.0003513044952406825 2.435718053355708e-06 0.0003489804985415768
734 0.00035759188025089196 2.267226061361743e-06 0.00035517736076329606
735 0.00036695484812664407 2.0684732844637233e-06 0.0003648164716321809
736 0.0003663128091721328 2.401150400637463e-06 0.0003638026996229524
737 0.0003716501124642217 2.5566350461518223e-06 0.0003692668762007415
738 0.0003775949448960448 2.2109451017470016e-06 0.00037499695736842585
739 0.0003846457241493991 2.3679356788930784e-06 0.00038227362547061506
740 0.00039029299589466766 2.389901638909304e-06 0.000388091911761412
741 0.0003947700214132047 2.4401327371328556e-06 0.0003919907173689844
742 0.00040215536632221964 2.4666022023501308e-06 0.0003993788845879224
743 0.0004081572516429434 2.569869743002022e-06 0.0004058127019535221
744 0.00041591800044866317 2.760291345243383e-06 0.00041333560563204557
745 0.00041795939007238035 2.6951641530804253e-06 0.00041527330008266604
746 0.00042542105921946597 2.7950675074168763e-06 0.0004226049350402499
747 0.0004341125034633545 2.9184311837322697e-06 0.0004312014992806994
748 0.0004384831156388729 2.7115551939739113e-06 0.0004359868422093034
749 0.00044691174131928073 2.5917147608010614e-06 0.0004445772806553875
750 0.0004502637299424135 2.9194119453745736e-06 0.00044761061470922187
751 0.0004591090131085513 2.7986318080294263e-06 0.00045674185950312236
752 0.00046654502045925475 2.8252112751504318e-06 0.00046368603763938135
753 0.0004710077050831934 2.726480413296024e-06 0.00046845158736788273
754 0.0004847502145807466 2.9739604621293e-06 0.00048173803997417013
755 0.0004894930051857853 2.930874428260338e-06 0.0004869212798300171
756 0.0004933112447660586 2.944246317250174e-06 0.0004901583805980944
757 0.0005014312350269251 3.2139353238624788e-06 0.0004979217268100089
758 0.000510297769966977 3.086015080362946e-06 0.000507592543489575
759 0.0005203893749375696 3.140292037185917e-06 0.0005169232528276891
760 0.0005253539843096368 3.0936968901336013e-06 0.0005222815113969698
761 0.0005318827039937441 3.219874668145125e-06 0.0005279663745766199
762 0.0005439973952143166 3.365068872745285e-06 0.0005408015511587163
763 0.0005546202046041787 2.994371003377877e-06 0.0005515734534186342
764 0.0005609027876550035 3.3123363686807064e-06 0.0005575128536185523
765 0.0005648114697395954 2.936393365809259e-06 0.000562513472937747
766 0.0005737791996704447 3.472698398155462e-06 0.0005703552943911246
767 0.0005879465644934703 2.988310988388799e-06 0.0005848142348365759
768 0.0005941103977706841 3.2788307599586983e-06 0.0005909659354826229
769 0.0006055551514586867 3.32447340476148e-06 0.0006024201754527359
770 0.0006172314263951602 3.302698618205204e-06 0.0006137709875172301
771 0.0006171472384512521 3.557594844563926e-06 0.0006142459972313657
772 0.0006314158229893164 3.1278376695060354e-06 0.0006280127298146909
773 0.0006338077896067919 3.4264385061238545e-06 0.0006299044081042048
774 0.0006531846127343936 3.806940541729558e-06 0.0006494283996473494
775 0.0006602868214993146 3.5744089252931205e-06 0.0006565551938118144
776 0.0006702744712985597 3.6411700355007237e-06 0.0006667934334229924
777 0.0006803732522655982 3.7386208595068387e-06 0.0006761319230291589
778 0.0006903422880495482 3.411543275276745e-06 0.0006864020108006879
779 0.0007037974662337274 3.965492148504107e-06 0.000700143136164236
780 0.0007123677664638081 3.6379890042356777e-06 0.0007080785550273827
781 0.0007231526587665714 3.2847881150107866e-06 0.0007198909294722094
782 0.0007367835582383819 3.6263617840244784e-06 0.0007332767250329701
783 0.0007437002906136912 3.3852222279163275e-06 0.0007397874376245617
784 0.0007631053727199806 4.115186180682159e-06 0.0007587384045511719
785 0.0007679588615654718 3.728530838399219e-06 0.0007645018191498441
786 0.0007800078515360548 3.7251211851162297e-06 0.0007766939712863312
787 0.0007908177548060219 3.8097770086230435e-06 0.0007862410525879426
788 0.0008039457132442869 3.930562948637781e-06 0.0007996130101501909
789 0.0008153933367227667 3.976001667596809e-06 0.0008116986128489373
790 0.0008321178071974322 4.142492514926648e-06 0.0008285644769618781
791 0.0008491300962548304 3.6413987946023358e-06 0.0008452094142915502
792 0.0008607153636415158 4.127328836017789e-06 0.0008569232712726738
793 0.0008726197453857677 4.102056127814594e-06 0.000868829327527108
794 0.000893627149929429 4.020782939151237e-06 0.0008897758964938118
795 0.000892348783707123 4.041238907706934e-06 0.0008886855075264856
796 0.0009068057982093332 4.3099737470746016e-06 0.0009027339211070411
797 0.0009337821636583706 4.527399844483826e-06 0.000928959403687736
798 0.0009446097019750983 4.451399011201504e-06 0.0009407254255228367
799 0.0009548387252503996 4.361611060569033e-06 0.0009505395849448753
800 0.0009654716629586092 4.675440534941776e-06 0.0009609421744800904
801 0.000991445958091611 4.273555394930275e-06 0.0009876482804269074
802 0.0010042162415158191 4.281657784293058e-06 0.0009994352130017245
803 0.0010106883016975945 4.243539538048315e-06 0.001006008067804893
804 0.0010372925499766966 4.609223965158708e-06 0.0010322040477176175
805 0.0010544508557182091 4.449485308938476e-06 0.0010502294106047695
806 0.0010639846867735 4.244685456144309e-06 0.0010596339540462775
807 0.0010833398238766314 4.704194592485994e-06 0.0010802136562050387
808 0.0010950330835377898 4.749390083248592e-06 0.0010899208180139557
809 0.001112200962523438 4.521432696803775e-06 0.001107620010403774
810 0.0011305946982816948 4.493199734583566e-06 0.0011262727620184642
811 0.00114917169536907 4.611657014685248e-06 0.0011446445722144783
812 0.0011744205089339378 4.778410979357908e-06 0.0011701021007080857
813 0.0011840157369816563 4.683140566444157e-06 0.0011790115355847805
814 0.001211233942615797 5.571438178433368e-06 0.0012053386925835643
815 0.0012272108867030693 4.990864741026997e-06 0.0012221412913034212
816 0.001253946783168618 4.881663031244697e-06 0.0012485789182470836
817 0.0012520774447690528 4.8969472130681876e-06 0.0012470810711862766
818 0.0012842584922227438 4.962693717480603e-06 0.0012792569079617703
819 0.0013063232643100347 5.214676523571427e-06 0.001301228144369753
820 0.0013287677619805266 5.088912553816216e-06 0.0013234969377466622
821 0.0013515902080971913 5.01588120275725e-06 0.0013459026805391283
822 0.0013544554992158734 5.470305797146637e-06 0.001349442471599161
823 0.0013800989091621563 5.237152041079841e-06 0.0013747712482745115
824 0.0014086397823232814 4.865750017959274e-06 0.0014036659652828319
825 0.0014240151088148719 5.128484075062946e-06 0.0014186683780536878
826 0.0014641527861985215 5.186232158773225e-06 0.001459633202971588
827 0.0014824596653740913 5.3561103722125665e-06 0.0014759701465076685
828 0.0015054678528966172 5.003678464774688e-06 0.0015007631183016632
829 0.0015401377613518082 5.1585936040359524e-06 0.001534152288525535
830 0.001561606490344428 5.601589648738783e-06 0.001556281130712123
831 0.001572761608171652 5.109530971913912e-06 0.0015677382877208592
832 0.0016140456810872614 5.307421438145883e-06 0.0016093085805229353
833 0.001635542965126427 5.358214929960025e-06 0.0016304627192683938
834 0.0016519261634051457 5.192918647096176e-06 0.0016469432097170678
835 0.0016821094111134152 5.6456114418412664e-06 0.0016768345175198743
836 0.0017221991977295406 5.929563388048343e-06 0.0017165516596554325
837 0.0017392833258523088 5.4641743074012685e-06 0.001734104739442233
838 0.001768530468507597 5.739387766378701e-06 0.0017622329805122988
839 0.0017989431631136637 5.579885201267013e-06 0.0017938926523749512
840 0.0018277523039831039 5.557662541954432e-06 0.0018227363335598038
841 0.0018573723210358873 5.435970756251743e-06 0.0018524512568710762
842 0.001882537330345218 5.527245249736223e-06 0.0018782459852431414
843 0.0019214738374166258 6.0384279629319735e-06 0.0019146686058800688
844 0.0019415724962426897 5.798132574250423e-06 0.0019366531746012334
845 0.0019864909667356573 5.960219617964157e-06 0.0019809215422686103
846 0.002004465294708758 5.8679421904337e-06 0.001999580762651494
847 0.002037391542774105 6.365345855741984e-06 0.00203138966098089
848 0.0020784892102201523 5.8088358953483945e-06 0.002073691514323133
849 0.002104874934017345 6.5126815207953565e-06 0.002098171069678709
850 0.0021481629389784977 5.8366402382327644e-06 0.0021422344368508834
851 0.002193462038004287 6.088168619334205e-06 0.002186971709135388
852 0.0022055770397955347 6.781517983166286e-06 0.0021986469548193536
853 0.002267358936822679 6.447890738262253e-06 0.002261195393860017
854 0.0022730338309084816 6.026184942273854e-06 0.0022671068432230917
855 0.0023093199884418663 6.509755655905289e-06 0.002302677325938297
856 0.002386856700472576 5.714323003074176e-06 0.002379354823008467
857 0.00241392931070505 6.200237778626418e-06 0.002408171937341518
858 0.0024337843699970946 5.757470091294611e-06 0.002427366523283299
859 0.002485664319753708 6.039363611376553e-06 0.0024791620435440625
860 0.00251145904110151 5.7836744450389344e-06 0.0025056224101760454
861 0.0025360076761283524 6.561594216665134e-06 0.00253094348773864
862 0.002597477562701838 6.079740050684516e-06 0.0025919280602846317
863 0.00263849007788765 6.8425857571355696e-06 0.002631014363343901
864 0.0027049859738983166 5.9018928645951115e-06 0.002698728004472622
865 0.00273077547898816 6.540635878431149e-06 0.002723651146089438
866 0.002778192525169914 6.718545970310868e-06 0.0027707372979026757
867 0.002832655852049892 6.316429490471169e-06 0.0028272894868273902
868 0.0028987502586034796 6.50206865495839e-06 0.0028919804769648423
869 0.0029152803181199437 5.841241782398484e-06 0.002910338154368812
870 0.002990545276433033 6.668069210710965e-06 0.0029833716213144277
871 0.0030105408443331792 6.845495767615762e-06 0.003005300589952238
872 0.003083155269344303 6.728721986206161e-06 0.0030760242528852107
873 0.0031122741831175514 6.578921364424374e-06 0.00310572431719667
874 0.003178128148980477 6.799145713013003e-06 0.003171071219979048
875 0.003244775655150132 7.455546052940347e-06 0.0032384972382634475
876 0.0032696939907352475 7.1970879109341135e-06 0.0032626451869266827
877 0.0033284620123421073 6.893947802024522e-06 0.003322219069348488
878 0.003427234754755929 7.245148186181812e-06 0.0034188357722891418
879 0.003445856543298369 7.775557105184609e-06 0.0034402829945522663
880 0.0035010119354500807 6.197453674587842e-06 0.003494404071310872
881 0.0035738056042817403 6.951892176655683e-06 0.0035666916666764015
882 0.0036073960719907104 6.660962913534354e-06 0.003600898449533465
883 0.0036841432594635543 6.897545238310394e-06 0.003679430126485159
884 0.0037523317074894575 6.922158081165279e-06 0.0037446805119778527
885 0.0037992516187796825 7.22408116597626e-06 0.003791227714484169
886 0.0038766530825272805 7.187171906158442e-06 0.0038684744798474797
887 0.003977359693455127 8.08547161965384e-06 0.00397021458187401
888 0.00400822706584997 6.788944844031032e-06 0.004000669299084822
889 0.004080924938890905 7.339396411904515e-06 0.004071845622882939
890 0.004137587725696671 6.8525888846898975e-06 0.004131194148970905
891 0.0042183063922955726 6.944641117524513e-06 0.004211173974252276
892 0.004290103574474975 7.520501787477757e-06 0.004283669369186654
893 0.00435059712575746 7.031886837861054e-06 0.004344508100672696
894 0.0043988664990691 7.3471780391933744e-06 0.004392658458480784
895 0.00453059163056238 7.193221763966494e-06 0.00452479895648339
896 0.004602098709364768 7.852308837901711e-06 0.004591495198657305
897 0.004665965761509267 8.231646593327028e-06 0.004657747670575741
898 0.004740884707110862 7.719557078132153e-06 0.0047348796786308165
899 0.004784793540195132 7.6011509131728806e-06 0.004775970714271498
900 0.004946255006916387 7.760633474252599e-06 0.004938363618243788
901 0.005019487951086807 8.373356040107372e-06 0.005008913754675051
902 0.005079621975234815 7.741419061101173e-06 0.005069868907024224
903 0.005182942456739768 7.49818400903281e-06 0.0051750175363868885
904 0.005239639346752433 7.209067732524295e-06 0.005234461160281661
905 0.005326089805281816 7.444194761644937e-06 0.005318545451710551
906 0.005417843060548968 7.856281542238825e-06 0.005410539630094701
907 0.005519859143952058 7.0819250534200335e-06 0.005511542994661195
908 0.005589241699238018 7.582478893712581e-06 0.005584928772188872
909 0.005760486809684351 8.050907174310065e-06 0.005753438158310135
910 0.005859335501100389 7.644712835300512e-06 0.005850387673129525
911 0.005948272779992944 7.670307991226245e-06 0.0059397862349275694
912 0.006047338864733132 7.874848673470436e-06 0.0060374422775721255
913 0.006118987713581131 7.830493950236617e-06 0.006111187166347254
914 0.006215659352287855 8.030260185362919e-06 0.006206973953791217
915 0.006350442320328853 7.773498852901753e-06 0.006344404132769046
916 0.006441045723988567 8.016396109308457e-06 0.006433895461955212
917 0.006604716756736324 7.742564600012737e-06 0.006595817623985541
918 0.006660647978553579 8.357667295337649e-06 0.006651579511794976
919 0.006814293985623348 7.954576864661259e-06 0.006806630639903146
920 0.006955445468183107 8.09982525301125e-06 0.006946130011876367
921 0.007055051763859875 8.451645986272569e-06 0.007045927783211928
922 0.007136929187645821 8.652603589508039e-06 0.007130418314821023
923 0.007280659889259888 8.321257914775315e-06 0.007273105574422551
924 0.007437053487010075 8.046614861342885e-06 0.007431256147695921
925 0.007535538335858547 7.772026288324647e-06 0.007528109333987933
926 0.00771549822833768 8.085180963730833e-06 0.00770782126817556
927 0.007838548516191505 8.33785833223285e-06 0.007830530238845135
928 0.008037810706443311 7.791990260476599e-06 0.008029928055647013
929 0.008132394058759864 8.497006520361174e-06 0.008123095865895586
930 0.00830527230465849 8.150239810763264e-06 0.008299061498191389
931 0.008413213883443748 7.502295808311377e-06 0.008405968764629795
932 0.008553629538686687 8.408781665758997e-06 0.008546088558086631
933 0.00870604639224281 8.044769212181243e-06 0.008697542966703465
934 0.008838833485769651 8.282027703144208e-06 0.00883060285443951
935 0.009051062294304564 7.827809820632282e-06 0.009040279450275017
936 0.00920503789555889 8.306664013499206e-06 0.009197398630957093
937 0.009357782885961593 8.134618345958218e-06 0.009350428817430485
938 0.009542873083644366 7.913358476242799e-06 0.009533615885071175
939 0.009651636784607018 8.642334029015163e-06 0.0096448087209958
940 0.009864026210770694 8.240691097611561e-06 0.009854284142792356
941 0.010227203385962568 8.901962416891742e-06 0.010219420810880992
942 0.010208593165097653 8.259677929404466e-06 0.010198295158714421
943 0.010447914147752955 8.858517537726625e-06 0.010438835886915472
944 0.010739786845265706 8.546410412707573e-06 0.010734982495417407
945 0.01083813369217286 8.37807771993837e-06 0.010829709531426555
946 0.010917608438760298 8.579298330563987e-06 0.010909371067420603
947 0.011167264853688656 8.198633140348282e-06 0.011156433010497688
948 0.01157839814141621 8.338585763225294e-06 0.01157288961272501
949 0.011702682608064676 8.551378477539538e-06 0.011692572672228901
950 0.011919579616441276 8.43213289098195e-06 0.011912453470440511
951 0.012103972990819884 7.952147383233157e-06 0.012098127754238852
952 0.012370541777230301 8.71809237374879e-06 0.012362812223148929
953 0.012588491449826622 8.41664199950141e-06 0.012575427251309074
954 0.012870364793512019 8.872017942508516e-06 0.012862861657780106
955 0.01311908118560133 7.950913685779064e-06 0.013112826125924085
956 0.013369617012231803 8.039535246828793e-06 0.013359006101678726
957 0.013579972029087575 8.791927875749817e-06 0.013571596486958451
958 0.013921150086635987 8.894870760415444e-06 0.01391478959636517
959 0.014169156821227847 7.98404791778943e-06 0.014161418670682737
960 0.014447430720840662 8.551420872531426e-06 0.01443622828288086
961 0.014642818466436789 8.344710553267702e-06 0.014632314983312897
962 0.01491152692195917 7.716798925840518e-06 0.014901457235465897
963 0.015288768279581486 7.994325843949995e-06 0.015281885244932878
964 0.015410051360241664 8.07928624287027e-06 0.015403360782766875
965 0.01594218832540042 8.395649736134864e-06 0.015934572584535026
966 0.016093913632904612 8.270102301386985e-06 0.01608709707230206
967 0.01639571278704515 8.007141589684223e-06 0.016389187681970625
968 0.016922390446759406 8.492876358259487e-06 0.016910102668148286
969 0.017277341094983235 8.781597987717621e-06 0.01726555308210181
970 0.017320291166242445 8.252998486542105e-06 0.017313002935827045
971 0.017783440397618477 8.199645212715335e-06 0.017775111384721348
972 0.018077922972061435 8.533756772972319e-06 0.01807265792905336
973 0.018430437802167722 8.729703627008447e-06 0.018419279622246387
974 0.01872594685879298 9.285493710057113e-06 0.018716393378922724
975 0.019218629758670835 8.04150620220666e-06 0.019211320393120367
976 0.019610027415076583 8.919570721148987e-06 0.019595641809441823
977 0.019913431900976265 7.803046674499641e-06 0.019907264339956487
978 0.020544924538981997 8.46047871294578e-06 0.02053489814827524
979 0.020834182905046066 8.589388252583802e-06 0.02083114009057328
980 0.02118504718093986 8.132975732635493e-06 0.021177182653587864
981 0.02176740107072139 8.06538082368313e-06 0.021754979514553373
982 0.022310279438788383 8.295272221890425e-06 0.02230252846777624
983 0.022598869734235857 8.654606345629134e-06 0.02259304754052539
984 0.02303606138418232 8.438518947822145e-06 0.02302215422811941
985 0.023448143359841928 7.9302632341294e-06 0.02344175673778201
986 0.02404651989656646 8.039588622253214e-06 0.024039732961164732
987 0.024699177200116017 7.75812310382029e-06 0.024693059194919483
988 0.025074173031201887 8.063896679731843e-06 0.02506542395198657
989 0.025455079889003588 8.268764547151775e-06 0.02545337197328089
990 0.026067880829804945 8.336377561168734e-06 0.02606329807970825
991 0.02652555855510695 8.099860365808453e-06 0.026514333830474537
992 0.02692641953641444 8.864252549891822e-06 0.026915976492177057
993 0.02770809628253067 8.945919932600221e-06 0.0277020069235207
994 0.028291840655495303 8.049552542792886e-06 0.028281648623006524
995 0.029017725352908606 7.823465826863099e-06 0.029009007391933853
996 0.02947683610557106 9.278687375244597e-06 0.02946147141051217
997 0.030131869473738505 8.464460318194985e-06 0.030130411065673653
998 0.03079202207649133 7.828112502160733e-06 0.03078218170038928
999 0.031270325509257034 8.260411233996424e-06 0.03126535062046171
1000 0.03176622577329701 8.389481049507412e-06 0.03175699480367895
1001 0.03280799554486685 8.505287258978905e-06 0.0327975005136192
1002 0.033296324381985494 8.33832979898579e-06 0.033287740686295114
1003 0.033992326566139354 8.5695941985259e-06 0.033982537436156375
1004 0.03506855251440157 8.69331472753116e-06 0.0350608139951321
1005 0.03524174200787583 8.132782510996075e-06 0.03523023431879089
1006 0.03630229566152589 8.528555932821856e-06 0.036295705183952726
1007 0.036936189978022754 9.437942259027959e-06 0.03692352011702572
1008 0.037847188754669005 8.527062674195469e-06 0.03784296535418686
1009 0.038896323461607325 8.603547291648657e-06 0.03888227992011514
1010 0.0395996081267667 8.112202929083435e-06 0.03958799192156764
1011 0.040134825683287474 8.107878922350835e-06 0.04013257800025894
1012 0.04106294924490172 8.6791827207353e-06 0.04105183052657534
1013 0.04229981859277014 8.372695223075503e-06 0.042289261391322726
1014 0.04310095934241851 8.46169772383948e-06 0.04309494368880174
1015 0.044134443934679364 8.368983532085766e-06 0.04412533820474637
1016 0.04479208009213627 8.56333471313411e-06 0.0447816158972996
1017 0.04609530210914309 8.180740905494081e-06 0.04608174573390502
1018 0.04707429718700642 8.160495802913094e-06 0.04707003624758075
1019 0.04754312261798132 9.025443107705063e-06 0.04753140969034863
1020 0.04909704901943864 9.493255630994805e-06 0.04907971834302905
1021 0.04970102130443308 1.043214244126214e-05 0.04969657376459939
1022 0.05072828978478363 1.1352683265859152e-05 0.05071747483418651
1023 0.0539465358182691 4.027480733140849e-05 0.053908680133080505
1024 0.05533766167913619 3.872789905684272e-05 0.055290856354328045
