ell R_ell F_ell N_ell
2 0.0001338809665457394 8.301418258107804e-06 0.0001255795482876316
3 2.54762112711705e-05 2.4855023022369285e-06 2.299070896893357e-05
4 3.412058827327676e-05 5.427781161587514e-06 2.8692807111689246e-05
5 2.9374941922787577e-05 5.779194017043495e-06 2.359574790574408e-05
6 2.2845118757101736e-05 1.5070465773124556e-06 2.133807217978928e-05
7 2.125071859839899e-05 1.3140447693075821e-06 1.9936673829091408e-05
8 2.178039860258859e-05 2.975149402655421e-06 1.880524919993317e-05
9 2.0464735009921483e-05 4.054746426030386e-06 1.6409988583891097e-05
10 1.8158313772489587e-05 3.5531197032480167e-06 1.4605194069241571e-05
11 1.6532440030372708e-05 2.9165794553870393e-06 1.3615860574985668e-05
12 1.4486448568247613e-05 2.1182998450209944e-06 1.2368148723226618e-05
13 1.600197771887268e-05 1.2112496279319313e-06 1.4790728090940746e-05
14 1.4110637949961855e-05 2.597485713566882e-06 1.1513152236394973e-05
15 1.4864654853720251e-05 2.7691034077515288e-06 1.2095551445968723e-05
16 1.2001111345942993e-05 1.1830957051044916e-06 1.0818015640838502e-05
17 1.3017544775098792e-05 3.5058443436637223e-06 9.511700431435069e-06
18 1.0981494694024362e-05 1.7966906163242888e-06 9.184804077700074e-06
19 9.48865555904109e-06 1.623401042289126e-06 7.865254516751963e-06
20 9.566495421251865e-06 1.8767271513562857e-06 7.68976826989558e-06
21 9.687570914693122e-06 1.8275234894586493e-06 7.860047425234473e-06
22 9.719007419184102e-06 2.308946108118713e-06 7.41006131106539e-06
23 9.018482583605791e-06 2.0106180740882456e-06 7.007864509517547e-06
24 7.991514186161909e-06 1.1110720117025457e-06 6.880442174459363e-06
25 7.740927888554466e-06 1.4423601326056152e-06 6.2985677559488516e-06
26 8.19022269327591e-06 1.852171463856951e-06 6.338051229418959e-06
27 7.452564104056672e-06 1.2162081057896068e-06 6.236355998267065e-06
28 6.778618873964397e-06 1.104525766702644e-06 5.674093107261753e-06
29 6.391484204208951e-06 8.10256435982517e-07 5.581227768226434e-06
30 6.446527596866849e-06 9.214406418857408e-07 5.525086954981108e-06
31 6.2532896922763295e-06 8.645045234542984e-07 5.3887851688220315e-06
32 6.411023192494236e-06 1.0527908778435886e-06 5.358232314650647e-06
33 6.2780465656669115e-06 1.1742049138154895e-06 5.103841651851422e-06
34 5.8576876968070505e-06 1.0868812647281628e-06 4.770806432078887e-06
35 5.517232463359007e-06 9.77780498892978e-07 4.539451964466029e-06
36 5.5361319144723375e-06 8.751118626326448e-07 4.6610200518396925e-06
37 5.601024265810422e-06 1.0035812506533262e-06 4.597443015157096e-06
38 5.393984568677156e-06 7.709138669128919e-07 4.623070701764264e-06
39 5.362440891917163e-06 1.000626874478047e-06 4.361814017439116e-06
40 4.986780397718265e-06 8.800634213585886e-07 4.106716976359676e-06
41 4.658704960121807e-06 6.368232855491348e-07 4.021881674572672e-06
42 4.735680272131885e-06 6.06537151648533e-07 4.129143120483352e-06
43 4.57517959773667e-06 6.29624460103069e-07 3.945555137633601e-06
44 4.793557373537716e-06 8.123525468929981e-07 3.981204826644718e-06
45 4.506130082175059e-06 7.755060850460955e-07 3.7306239971289638e-06
46 4.009935369702535e-06 3.448119551571781e-07 3.6651234145453574e-06
47 4.421791335260758e-06 6.746938716735191e-07 3.747097463587239e-06
48 4.436206654595213e-06 7.788853432106846e-07 3.657321311384529e-06
49 4.357966637267057e-06 6.24134004257912e-07 3.7338326330091457e-06
50 4.333777890896396e-06 6.455551819926598e-07 3.6882227089037366e-06
51 4.0889723913713185e-06 5.313223423021619e-07 3.5576500490691562e-06
52 4.023858881830928e-06 4.720450299605482e-07 3.55181385187038e-06
53 4.19040124255272e-06 4.4846231873707e-07 3.74193892381565e-06
54 4.103605162581033e-06 5.524542430529396e-07 3.551150919528093e-06
55 4.143541124241986e-06 4.7510875967584634e-07 3.66843236456614e-06
56 3.931590935325601e-06 3.8794022339760815e-07 3.5436507119279924e-06
57 4.170493332853502e-06 5.23410046157573e-07 3.647083286695929e-06
58 3.8225234023079695e-06 3.433335824505461e-07 3.479189819857423e-06
59 4.0378623997253435e-06 5.074545900689104e-07 3.530407809656433e-06
60 3.980030331872913e-06 4.614200878782418e-07 3.5186102439946717e-06
61 3.897938089383425e-06 4.471416295807669e-07 3.4507964598026578e-06
62 3.8021254483186186e-06 3.280732763505779e-07 3.4740521719680407e-06
63 4.002756363329253e-06 4.761316385757679e-07 3.526624724753485e-06
64 3.859432148481805e-06 3.5493439044837764e-07 3.504497758033427e-06
65 3.85647475577844e-06 3.874153916698955e-07 3.469059364108544e-06
66 3.8752751784965734e-06 4.417616826097839e-07 3.43351349588679e-06
67 3.8118797384491653e-06 3.7615439655663347e-07 3.4357253418925316e-06
68 3.7801762703942514e-06 3.068171274518566e-07 3.4733591429423948e-06
69 3.751163389803238e-06 3.049247993186469e-07 3.446238590484591e-06
70 3.695767512365433e-06 3.0554196427489184e-07 3.390225548090541e-06
71 3.8610014601918985e-06 3.301889151878101e-07 3.5308125450040884e-06
72 3.8542308194083745e-06 3.5777851089511923e-07 3.4964523085132555e-06
73 3.828319129226621e-06 3.610939798285865e-07 3.4672251493980344e-06
74 3.7304359433166924e-06 3.062122266450076e-07 3.4242237166716847e-06
75 3.830393108566966e-06 3.7708140958354483e-07 3.4533116989834217e-06
76 3.857888040109026e-06 3.034416649977911e-07 3.5544463751112345e-06
77 3.784906060488593e-06 4.06129694491466e-07 3.378776365997127e-06
78 3.864626319636282e-06 2.8553272648242643e-07 3.5790935931538556e-06
79 3.792409623849376e-06 3.5418063217065827e-07 3.438228991678718e-06
80 3.904575565739188e-06 3.507932848794106e-07 3.5537822808597777e-06
81 3.7671742645772215e-06 3.2842519250090586e-07 3.438749072076316e-06
82 3.7776392571133216e-06 2.6853306113340623e-07 3.5091061959799156e-06
83 3.792528676333975e-06 2.869556372983121e-07 3.5055730390356627e-06
84 3.740046951706833e-06 3.3752357116343766e-07 3.402523380543395e-06
85 3.846331146856745e-06 2.6624518608392614e-07 3.5800859607728186e-06
86 3.784551063072545e-06 2.9620531944065035e-07 3.4883457436318948e-06
87 3.8445752267672544e-06 3.0116838387181025e-07 3.543406842895444e-06
88 3.753053680342061e-06 2.8877752659770006e-07 3.464276153744361e-06
89 3.6768877974336597e-06 2.463097610133014e-07 3.4305780364203585e-06
90 3.8058576501552397e-06 2.390281243149622e-07 3.5668295258402776e-06
91 3.767262551217543e-06 2.2782973473059475e-07 3.5394328164869486e-06
92 3.7359012298554586e-06 2.578319819879734e-07 3.478069247867485e-06
93 3.824023018752601e-06 3.0677729164023845e-07 3.5172457271123627e-06
94 3.893489211854508e-06 2.7930082748380203e-07 3.614188384370706e-06
95 3.844639195286487e-06 2.737732274297891e-07 3.5708659678566983e-06
96 3.687174204897436e-06 2.2129867171757905e-07 3.465875533179857e-06
97 3.8332944304875e-06 2.505595509446635e-07 3.5827348795428363e-06
98 3.8192850703257285e-06 2.40596474795544e-07 3.5786885955301846e-06
99 3.89878256209702e-06 2.793789419631611e-07 3.6194036201338588e-06
100 3.767488242906555e-06 2.126300360259746e-07 3.5548582068805804e-06
101 3.9391060468801174e-06 2.581928187728366e-07 3.680913228107281e-06
102 3.873111096641075e-06 2.5256617215544804e-07 3.6205449244856267e-06
103 3.978452954556058e-06 2.939586407591641e-07 3.684494313796894e-06
104 4.095540195917613e-06 3.1265395341199987e-07 3.7828862425056135e-06
105 3.892499226513179e-06 2.4915558604606813e-07 3.6433436404671114e-06
106 3.9288898923294085e-06 2.1523805439324523e-07 3.7136518379361635e-06
107 4.094521444426679e-06 3.109657029444284e-07 3.783555741482251e-06
108 3.952434406056912e-06 2.0399363357065693e-07 3.748440772486255e-06
109 4.071558577976699e-06 2.793911046500656e-07 3.792167473326634e-06
110 4.089529477271943e-06 2.2479466987701695e-07 3.864734807394926e-06
111 4.15529615757208e-06 2.1535938600740877e-07 3.939936771564672e-06
112 4.130940689273295e-06 2.5537531931659647e-07 3.875565369956699e-06
113 4.148519763548066e-06 2.031818836587926e-07 3.945337879889274e-06
114 4.156868098923736e-06 2.3482271837392777e-07 3.922045380549808e-06
115 4.071706277573232e-06 2.241477490210659e-07 3.847558528552166e-06
116 4.289150749887553e-06 2.2568994175595978e-07 4.063460808131593e-06
117 4.208845807755798e-06 1.922562400168701e-07 4.016589567738928e-06
118 4.267864663677203e-06 2.8333658083148436e-07 3.984528082845719e-06
119 4.1984483338658974e-06 2.0162480311867382e-07 3.996823530747224e-06
120 4.156512884137969e-06 2.1226553816732828e-07 3.94424734597064e-06
121 4.348670645200453e-06 1.9857083569724382e-07 4.1500998095032095e-06
122 4.420304216445223e-06 2.313040769930326e-07 4.189000139452191e-06
123 4.390967317143303e-06 1.8966498747121407e-07 4.201302329672089e-06
124 4.440517846008672e-06 2.1748419728789278e-07 4.223033648720779e-06
125 4.531628247357638e-06 2.874272096018532e-07 4.244201037755785e-06
126 4.508890597750939e-06 2.76962792230298e-07 4.2319278055206416e-06
127 4.61023971787676e-06 3.5602537085163115e-07 4.254214347025128e-06
128 4.74520785366765e-06 4.353272804611531e-07 4.309880573206497e-06
