ell R_ell F_ell N_ell
2 0.000681477612661592 0.0006636777628013708 1.3537391672514323e-05
3 0.00016399966753690185 0.00013512031688114813 1.721039313420828e-05
4 8.446798133412491e-05 7.058461947363726e-05 1.320827519025379e-05
5 3.861206313959997e-05 2.303409341528869e-05 1.4053425264186085e-05
6 4.457763726752129e-05 3.2620298425286384e-05 1.3621364019194725e-05
7 4.367213703240425e-05 3.167718575986439e-05 1.2608339212241189e-05
8 2.8519273299826013e-05 1.4072515584749111e-05 1.3148586638159235e-05
9 2.5893673057899966e-05 1.3616574692087578e-05 1.28711873937631e-05
10 2.26030635984671e-05 1.0032721855116339e-05 1.2588514122356379e-05
11 2.2301491913850462e-05 9.481790571936772e-06 1.3050498190881108e-05
12 2.481366390871542e-05 1.2685655246959034e-05 1.231268135127614e-05
13 2.1367415779233617e-05 9.648481888977652e-06 1.3325165950527226e-05
14 1.7805491529234598e-05 6.130961779468166e-06 1.2634930790363037e-05
15 1.9900045550127603e-05 6.020320469697007e-06 1.3480915345462226e-05
16 1.9711294742504425e-05 6.8307910410943306e-06 1.325179405983331e-05
17 1.857004992505703e-05 4.512855402423089e-06 1.3133236725764358e-05
18 1.8389017635845776e-05 5.195300807885163e-06 1.325421403247953e-05
19 1.600309821616532e-05 3.574745640632029e-06 1.2980860459268745e-05
20 1.6851562698742526e-05 4.043750638709011e-06 1.2537260988659141e-05
21 1.587428618616269e-05 3.2514871609287955e-06 1.256997988172574e-05
22 1.545709891953433e-05 1.8165932619684226e-06 1.3387638294095419e-05
23 1.6379032401589333e-05 3.4431970438556743e-06 1.3126036549325972e-05
24 1.5059434719334672e-05 1.4451260240379112e-06 1.330506660097672e-05
25 1.48324005685053e-05 2.2265157114741145e-06 1.2638355831631375e-05
26 1.4319580017849012e-05 2.2654531995232244e-06 1.2132319750135882e-05
27 1.5661151439978296e-05 2.479782197690751e-06 1.3422515018629273e-05
28 1.56172695897353e-05 1.8298277891550798e-06 1.3630453171645554e-05
29 1.434220142607984e-05 1.634612861251945e-06 1.3008848987611852e-05
30 1.4529996145920584e-05 1.2915899603498522e-06 1.3242623713777758e-05
31 1.4679890647373183e-05 1.0611637427391039e-06 1.3679174766932723e-05
32 1.4239750053245208e-05 1.155105805645322e-06 1.3074490114100169e-05
33 1.4570359933605943e-05 1.4422689239925117e-06 1.3075014057699762e-05
34 1.4124533087996527e-05 1.5846968890150413e-06 1.2878834478220261e-05
35 1.4342786847563044e-05 1.3182954346479017e-06 1.2924522053205666e-05
36 1.4298141677817579e-05 9.147802479785614e-07 1.3235610717326619e-05
37 1.379964119774098e-05 1.0104460927910987e-06 1.284559032847437e-05
38 1.3834141998646455e-05 9.500308059648497e-07 1.2683729462153602e-05
39 1.311119065599847e-05 1.2091484710991968e-06 1.2103758092060255e-05
40 1.2713799696955229e-05 1.081853690716449e-06 1.1697962313323916e-05
41 1.2181988301943534e-05 7.811562056423798e-07 1.1467079426759996e-05
42 1.1441934403435533e-05 5.158724433712479e-07 1.0994558172301607e-05
43 1.0515334905042307e-05 7.078098787515951e-07 9.858538470659869e-06
44 1.057368040964726e-05 9.094582584180821e-07 9.663199901709911e-06
45 1.0232006262365234e-05 8.71368992835918e-07 9.367821764542986e-06
46 9.609972571201362e-06 8.248524365807352e-07 8.822534947654634e-06
47 9.246870971925373e-06 6.982644117605595e-07 8.53454923423617e-06
48 8.7172826811535e-06 6.841155920395062e-07 8.033962356438868e-06
49 8.203025908910264e-06 6.507961082101871e-07 7.526316487030634e-06
50 8.028370362089154e-06 5.600279443163394e-07 7.438688376124959e-06
51 8.013085162647572e-06 1.0800806261636322e-06 7.0012214897143845e-06
52 7.626341071155858e-06 6.863116411063971e-07 6.925450317398959e-06
53 7.060649413740456e-06 5.3291116656496e-07 6.506049217299989e-06
54 7.354484215070611e-06 1.0133731044961802e-06 6.512390938105136e-06
55 7.120846185537981e-06 7.782541293737952e-07 6.397671403889271e-06
56 6.800416725718558e-06 4.426737883757688e-07 6.33415505605971e-06
57 6.865539198953774e-06 5.42838212511958e-07 6.341044048921971e-06
58 6.812201860511419e-06 5.536351029776732e-07 6.261947529865814e-06
59 6.873583454320357e-06 5.356048232977116e-07 6.3144546097469995e-06
60 6.761935719544527e-06 6.878488168305939e-07 6.122521822090843e-06
61 6.752263701208196e-06 5.983300122181669e-07 6.224404131043344e-06
62 6.660702699852057e-06 3.735895991813113e-07 6.238326755043038e-06
63 6.790200552376091e-06 5.188497467899539e-07 6.287235770463705e-06
64 6.690076490879755e-06 4.120799670465443e-07 6.359633449131134e-06
65 6.751809838344687e-06 4.093030017036937e-07 6.329280976715352e-06
66 6.6100338550152e-06 4.756844543615015e-07 6.166922045281102e-06
67 6.984054824183266e-06 6.292326359755012e-07 6.318490315490284e-06
68 6.774564811340698e-06 3.9126016150278925e-07 6.422437004153695e-06
69 6.796097693689627e-06 4.141178808387518e-07 6.422655013570492e-06
70 6.694744959906896e-06 4.168003502874633e-07 6.309352463340811e-06
71 6.927784871254281e-06 5.144142631464866e-07 6.416767353207883e-06
72 6.788643926072871e-06 3.841601767876804e-07 6.3354891891928036e-06
73 6.683799430602933e-06 3.608985814563938e-07 6.3330435700281025e-06
74 6.515124007599156e-06 3.3639689076088474e-07 6.1997122816761365e-06
75 6.779436055233054e-06 5.114837918391238e-07 6.300370954379303e-06
76 6.546995711246205e-06 3.3521221009764105e-07 6.227426089274835e-06
77 6.405114502497865e-06 3.4605917533846197e-07 6.0687389360888425e-06
78 6.480060690459868e-06 3.4482482115836864e-07 6.129022911471762e-06
79 6.4397205282975545e-06 4.53862102881539e-07 5.995699316859576e-06
80 6.171486259310241e-06 4.421497674833619e-07 5.7815060230196825e-06
81 6.17777072854926e-06 4.325998980914873e-07 5.7348152574884325e-06
82 5.92303531081949e-06 4.070581509969494e-07 5.495903102503386e-06
83 5.640675872837586e-06 2.638929395716544e-07 5.409396751514064e-06
84 5.669467482968687e-06 2.932844008332699e-07 5.381118981832294e-06
85 5.650564045643163e-06 3.9336194004834506e-07 5.258161567223004e-06
86 5.564126764406432e-06 4.212665200436795e-07 5.157851735299783e-06
87 5.401792471391251e-06 3.82559232272918e-07 5.012911426155487e-06
88 5.188644766902853e-06 3.7245300642275825e-07 4.802350042275125e-06
89 5.1588416366215734e-06 3.956454093703197e-07 4.82315311792112e-06
90 4.96333023039304e-06 2.7687625065081504e-07 4.691613787230727e-06
91 5.0626059130604275e-06 3.2446859818840447e-07 4.668059100367591e-06
92 4.786693648722654e-06 4.34088443294944e-07 4.376460421266766e-06
93 4.728470838176172e-06 4.435351017364512e-07 4.303021749012061e-06
94 4.704711464693991e-06 4.306401971048994e-07 4.340561942473064e-06
95 4.5345135598808026e-06 3.422916066741048e-07 4.224075567989326e-06
96 4.5489453275361324e-06 4.141909434598242e-07 4.082353055546716e-06
97 4.426602448170057e-06 4.590954273938515e-07 3.990892593378286e-06
98 4.272307023424886e-06 4.489415124694011e-07 3.853253324088082e-06
99 4.21703344918245e-06 3.9780959830195503e-07 3.8107024331745977e-06
100 4.11489571880685e-06 4.5644553002800775e-07 3.6654739905606483e-06
101 4.014552598218305e-06 4.586966389153232e-07 3.5865584129999533e-06
102 3.829216443958087e-06 3.3798135979052094e-07 3.520915635796038e-06
103 3.7727164961231196e-06 3.590410087610215e-07 3.4144683111157416e-06
104 3.9766422452991365e-06 5.640649745756307e-07 3.408375251052821e-06
105 3.761273162744125e-06 4.789763185013319e-07 3.2758396307589818e-06
106 3.742231229599448e-06 5.774707251090202e-07 3.1707583378461217e-06
107 3.6849702740080763e-06 5.269796389088552e-07 3.175715490205217e-06
108 3.552757418731617e-06 5.254489676667355e-07 3.0584445429749606e-06
109 3.571848624130358e-06 5.193416524543918e-07 3.0734939355662297e-06
110 3.466798365796939e-06 4.335960507120196e-07 3.070398868039734e-06
111 3.519037672237133e-06 4.845507969749034e-07 3.027216307016742e-06
112 3.5914060139321146e-06 5.542603589355179e-07 2.994744583673011e-06
113 3.464292504946594e-06 4.910023040777532e-07 2.9545313873368035e-06
114 3.351111314497708e-06 4.848374411187932e-07 2.8915551726030434e-06
115 3.4211860443101404e-06 5.942162676987759e-07 2.8295142931747847e-06
116 3.3991876449848707e-06 6.030967113228369e-07 2.8507401420231755e-06
117 3.355720182063433e-06 4.796027013582848e-07 2.8772485423645264e-06
118 3.2374008754588683e-06 3.999422014716765e-07 2.834083274211708e-06
119 3.288483502501626e-06 4.99595666242805e-07 2.838693412902412e-06
120 3.294949513769846e-06 4.234486833079183e-07 2.83257718008729e-06
121 3.47572013412315e-06 6.160821708226325e-07 2.873847227930082e-06
122 3.4210344375417015e-06 5.499863862970766e-07 2.876132528599937e-06
123 3.3333389532508955e-06 4.826250749292256e-07 2.861791419484734e-06
124 3.425866659961819e-06 5.383629992234919e-07 2.8769580695130834e-06
125 3.364212916417188e-06 4.181713085900533e-07 2.9237067397020324e-06
126 3.4790161204311145e-06 4.725237126360102e-07 2.957290384720026e-06
127 3.3177876626683214e-06 4.7240235351510253e-07 2.870957049460944e-06
128 3.295125641082982e-06 4.156428304549353e-07 2.879154112577491e-06
129 3.293129029617587e-06 4.324247363763807e-07 2.8842115270997833e-06
130 3.4204821267382852e-06 4.4437537897909044e-07 2.9640215348205664e-06
131 3.4339751910157573e-06 4.856795251809434e-07 2.947923446131565e-06
132 3.3916439609675438e-06 4.27095421598002e-07 3.0021602639550536e-06
133 3.338173811482847e-06 3.725874334782954e-07 2.99909751533989e-06
134 3.3457451768844375e-06 3.604659155244056e-07 2.9914896489132737e-06
135 3.4219246202409086e-06 4.786347500619095e-07 2.980007054204456e-06
136 3.452874413424108e-06 3.882777375212889e-07 3.0550655123562473e-06
137 3.3658533832906685e-06 3.508640418527106e-07 3.008237137128927e-06
138 3.419364578926775e-06 3.4555750095397887e-07 3.086475123048357e-06
139 3.363232026332703e-06 3.2940523610160093e-07 3.0614603520870724e-06
140 3.410864470672046e-06 3.791232844049328e-07 3.047377092271094e-06
141 3.4856134803951014e-06 3.741327026115643e-07 3.096676615761139e-06
142 3.387233750706578e-06 2.561586198552096e-07 3.099669351695926e-06
143 3.4112305363447812e-06 2.909296261761761e-07 3.1095685686093125e-06
144 3.4026821977497916e-06 3.7060149934903415e-07 3.0441078676146122e-06
145 3.4348370526440456e-06 3.3733493772773845e-07 3.1001452998987056e-06
146 3.3772297154675736e-06 3.0162135697248463e-07 3.05949791203326e-06
147 3.4190230934837825e-06 3.5026513135323444e-07 3.075392941254027e-06
148 3.446579949624211e-06 3.161398148095474e-07 3.1273844936065733e-06
149 3.4586198651466796e-06 3.143518777336561e-07 3.1338950816240715e-06
150 3.267819515932e-06 2.584983232906548e-07 3.0169124423409955e-06
151 3.233676239202966e-06 2.814915130016533e-07 2.9740951256301536e-06
152 3.4863634548442957e-06 3.421055911905919e-07 3.1455740673116646e-06
153 3.355932587135298e-06 2.9548266305238536e-07 3.0689130960770877e-06
154 3.3559935270476618e-06 2.6601283194222826e-07 3.1024137959637455e-06
155 3.2485556341816664e-06 2.5335593133508845e-07 2.9948289237785432e-06
156 3.290062921611219e-06 2.376142545620012e-07 3.0596111476495245e-06
157 3.33366809448125e-06 2.772436974608091e-07 3.0551985006743763e-06
158 3.215676284689928e-06 2.4676664427382244e-07 2.973697286673445e-06
159 3.2625576934545806e-06 2.712922254688105e-07 2.9955300786207362e-06
160 3.26501714322633e-06 2.72411363100016e-07 3.0028395946760925e-06
161 3.1783482886464208e-06 2.749325944715009e-07 2.9257136046890185e-06
162 3.2475964367957754e-06 2.5660215133960677e-07 2.9760367338763434e-06
163 3.262710194265736e-06 3.176606777374099e-07 2.94138368249444e-06
164 3.260406817864295e-06 3.079974727402506e-07 2.955946477440123e-06
165 3.235277526864023e-06 3.2029903953549215e-07 2.916421875322577e-06
166 3.3140584035229286e-06 3.202294120919166e-07 2.959994498351771e-06
167 3.201027486663784e-06 2.7290580320451737e-07 2.9266034328527816e-06
168 3.1523256571948236e-06 2.562499525961985e-07 2.917994190108691e-06
169 3.1799629708611794e-06 3.0927299293356945e-07 2.8513205470521626e-06
170 2.9981945468989144e-06 2.2188571410519596e-07 2.805455128597298e-06
171 3.077403113065394e-06 2.2154476118327426e-07 2.8706449292327853e-06
172 3.028156599954098e-06 2.526721729938761e-07 2.785954780232029e-06
173 3.056803644331574e-06 2.785670569760248e-07 2.7959504275257214e-06
174 3.0123943811857535e-06 2.5530456743362514e-07 2.778806060911701e-06
175 2.9936685320217764e-06 2.5271437843031846e-07 2.7517954184517703e-06
176 2.992505306583588e-06 2.691963988008926e-07 2.727680982143813e-06
177 3.064280732921366e-06 2.547396520814951e-07 2.7855928424318993e-06
178 2.9587178791650743e-06 2.1308517914039814e-07 2.730019542789479e-06
179 2.9545400968985965e-06 2.203217247541611e-07 2.7283647459954898e-06
180 2.9382610088452033e-06 2.1129359702086905e-07 2.7184096441157207e-06
181 2.9140254297518847e-06 2.2445519216538717e-07 2.6728893854686195e-06
182 2.9052485137599773e-06 2.503788980632635e-07 2.63831194119952e-06
183 2.9255688263106775e-06 2.421657059335241e-07 2.6698083658952943e-06
184 2.9084372999702977e-06 2.401600780505871e-07 2.668133463350306e-06
185 2.835216627497783e-06 2.6846744092455626e-07 2.5592363759513496e-06
186 2.8474131077363137e-06 2.2691218881383077e-07 2.608373872335046e-06
187 2.8681796087507575e-06 2.9469124477005254e-07 2.565142863742052e-06
188 2.7883005830373742e-06 2.2658703898713418e-07 2.5670108427891098e-06
189 2.8033799200089672e-06 2.31587140530482e-07 2.567435109146025e-06
190 2.780863519184908e-06 2.4947515555774264e-07 2.5216553050342166e-06
191 2.748463336398134e-06 2.2205228718537672e-07 2.5344094043939026e-06
192 2.743287404763221e-06 2.2019575523687158e-07 2.5159713469968038e-06
193 2.803617141217876e-06 2.705090444576178e-07 2.53407880110976e-06
194 2.7095843077373204e-06 2.358533082895198e-07 2.480585296399741e-06
195 2.6789518550834192e-06 2.1851437428100202e-07 2.470654327832959e-06
196 2.7394061422278273e-06 1.8787671998694404e-07 2.5304010144529996e-06
197 2.728289200909492e-06 2.3795594335581818e-07 2.5100960676208003e-06
198 2.7116985028370677e-06 2.3416610913612701e-07 2.4720934770860395e-06
199 2.70608721596748e-06 2.4014311266370245e-07 2.460436137257829e-06
200 2.700150923783194e-06 2.398155201033389e-07 2.45771492873238e-06
201 2.686834916660437e-06 2.18173516645623e-07 2.4771353299265474e-06
202 2.6802162101099384e-06 1.9990101878607942e-07 2.465246597838251e-06
203 2.638238945128878e-06 1.9240359917876435e-07 2.4282646280973255e-06
204 2.6286051720036556e-06 2.1627067447656432e-07 2.4328977471445542e-06
205 2.677057233286121e-06 2.3032070510927999e-07 2.44955612903644e-06
206 2.665612478899796e-06 2.3891045986499305e-07 2.420946001951088e-06
207 2.6330252757022635e-06 2.3250059945004835e-07 2.4200233579376426e-06
208 2.649997809946506e-06 1.9911099980471538e-07 2.446984832474495e-06
209 2.646960951684208e-06 2.3695853525168793e-07 2.4343305791115502e-06
210 2.6283065757177437e-06 2.0456774866220763e-07 2.4352502173732243e-06
211 2.70965912932759e-06 2.6253719599494534e-07 2.441259763832794e-06
212 2.658299326943774e-06 2.2150420438777816e-07 2.4529343160168316e-06
213 2.6443699538323765e-06 2.1187585790837584e-07 2.4299373526199872e-06
214 2.6843153509591956e-06 2.256272570732739e-07 2.453775400791016e-06
215 2.6371728854003426e-06 2.2970947655095127e-07 2.4088393022919466e-06
216 2.63901353702474e-06 2.2421002036657605e-07 2.422710853620754e-06
217 2.6757340978793125e-06 2.1786865057077374e-07 2.473884574954082e-06
218 2.734595116037077e-06 2.3512119929942947e-07 2.4981704274414965e-06
219 2.7295783847146883e-06 2.4323674916435506e-07 2.5067077037717844e-06
220 2.721682909908024e-06 2.166822401897551e-07 2.497358110403951e-06
221 2.766207885169826e-06 2.594460271380121e-07 2.5054318271654214e-06
222 2.7746552548559653e-06 2.5447039221552136e-07 2.5091527528665153e-06
223 2.7054532955348965e-06 2.1070118085118655e-07 2.4904524222087387e-06
224 2.7287956582379012e-06 2.0845718949568778e-07 2.5087195742339203e-06
225 2.772981065425145e-06 2.3062086501307006e-07 2.553042375740592e-06
226 2.790604029386214e-06 2.449486465252667e-07 2.5454350214690395e-06
227 2.767433118007072e-06 1.9993784737273592e-07 2.5762731349726792e-06
228 2.8139767667552085e-06 2.2315462121706383e-07 2.5874162067918328e-06
229 2.8752039965135155e-06 2.3128391646140982e-07 2.6329197169481295e-06
230 2.876821457979589e-06 2.5346964342671835e-07 2.6260902228289645e-06
231 2.8285415424300118e-06 2.1471471722684652e-07 2.600974985670514e-06
232 2.8799615460734018e-06 2.126509243308065e-07 2.6567515876773485e-06
233 2.9224581778198324e-06 2.3805040779755837e-07 2.705391787203399e-06
234 2.897734559964e-06 2.2510212168058297e-07 2.672338744640919e-06
235 2.9070595152781655e-06 2.0659580491365443e-07 2.7027430628255273e-06
236 2.9221729037060844e-06 1.9457330797822398e-07 2.729841249654011e-06
237 2.910105664745292e-06 2.029765085268487e-07 2.704241702085604e-06
238 3.0122240774164032e-06 2.2450652558122417e-07 2.769668649705138e-06
239 2.984110646533737e-06 1.9048946132390676e-07 2.800294222601999e-06
240 3.01495980289299e-06 1.8163282535827519e-07 2.8404635956244275e-06
241 3.039315568437683e-06 2.0254840061929892e-07 2.8287465088413844e-06
242 2.983538339891532e-06 1.668299067285398e-07 2.826626134937965e-06
243 3.0923269304247143e-06 2.410971370075748e-07 2.8377094397388342e-06
244 3.0732833150836276e-06 1.9017065806343866e-07 2.8800143647959983e-06
245 3.1225437496271266e-06 1.7448348305969183e-07 2.9461837915424264e-06
246 3.122091867394837e-06 2.1315912576612294e-07 2.902741878325183e-06
247 3.1503687607182536e-06 1.9170964060345394e-07 2.9722153720439144e-06
248 3.1508715362971775e-06 1.8190757994161823e-07 2.965255213474998e-06
249 3.1837760811172178e-06 1.8551071157476367e-07 2.9951650012464177e-06
250 3.1598302587378005e-06 1.8106169171936166e-07 2.9773998342611543e-06
251 3.1967412455283955e-06 2.0213406481641437e-07 2.993506590289369e-06
252 3.2181285621750057e-06 1.9478349563813157e-07 3.011509183927175e-06
253 3.22064229390134e-06 1.9985828928962542e-07 3.033318257203324e-06
254 3.2680183093578936e-06 1.910536760609423e-07 3.0851457785101677e-06
255 3.2633042814680928e-06 1.565482132334219e-07 3.1156456242636413e-06
256 3.287548515729465e-06 1.617681748649302e-07 3.1319169762490397e-06
257 3.320622710529468e-06 1.7415127441653573e-07 3.1383074293275127e-06
258 3.342158200374834e-06 1.8336158572535878e-07 3.1455838551291844e-06
259 3.321349516279045e-06 1.84693312362951e-07 3.1463770542904476e-06
260 3.3443338980199055e-06 1.62006159046776e-07 3.199525365000744e-06
261 3.435617783527199e-06 1.6076269367124827e-07 3.2614697119278047e-06
262 3.3977037228404175e-06 1.4298526066227608e-07 3.2472149596544835e-06
263 3.388034906963189e-06 1.4581437502615513e-07 3.2439042072220083e-06
264 3.45314211534348e-06 1.527822904768836e-07 3.3073474758485763e-06
265 3.4647108502152004e-06 1.6224128993714584e-07 3.30769231619599e-06
266 3.457832726212365e-06 1.4806326266365573e-07 3.305276617339977e-06
267 3.5104609603872698e-06 1.7376463906168828e-07 3.345726712163119e-06
268 3.526822490949922e-06 1.5679928886555675e-07 3.370215657880742e-06
269 3.589187821093923e-06 1.461741881032833e-07 3.4229979439804084e-06
270 3.5950806033736836e-06 1.5716362251479838e-07 3.45241873049962e-06
271 3.5299003580400504e-06 1.3212024287329925e-07 3.412337856622536e-06
272 3.6300235192991613e-06 1.5903455617029764e-07 3.4744500347381585e-06
273 3.614462669567833e-06 1.4071606141468392e-07 3.4768311932905135e-06
274 3.7030676347305874e-06 1.596467555725061e-07 3.543105526965483e-06
275 3.728972361212502e-06 1.5805058978520506e-07 3.5774250526981073e-06
276 3.678727897372861e-06 1.394158614570994e-07 3.542343789598837e-06
277 3.814923742311046e-06 1.396333007729108e-07 3.6754597436479247e-06
278 3.818931193330601e-06 1.3547325692854636e-07 3.6888388715046413e-06
279 3.826379990543752e-06 1.1979979085576684e-07 3.710272108005025e-06
280 3.839228155007855e-06 1.4313249079645938e-07 3.684858288000769e-06
281 3.832418518146052e-06 1.4596386603119372e-07 3.684475097134333e-06
282 3.824742140969496e-06 1.2537116348669507e-07 3.7079485623330316e-06
283 3.869207362355646e-06 1.4065944392116e-07 3.739029388951488e-06
284 3.949753857873833e-06 1.6429252115164689e-07 3.779978223342094e-06
285 3.993013331175273e-06 1.5487532312412299e-07 3.8421914159598214e-06
286 4.020837072012899e-06 1.338274572390209e-07 3.893806050399095e-06
287 3.955736403927e-06 1.3927431814694915e-07 3.839492847469378e-06
288 3.997482369691688e-06 1.350997234469498e-07 3.859057853236478e-06
289 4.102557944246471e-06 1.4543675468083342e-07 3.9581367812131615e-06
290 4.154373942700661e-06 1.465100437077808e-07 4.006347141325664e-06
291 4.166227680516231e-06 1.367908593612523e-07 4.027083802209264e-06
292 4.144015995147842e-06 1.3126598448440827e-07 4.0258100084332e-06
293 4.162520055551405e-06 1.3223387431932346e-07 4.028648034275094e-06
294 4.155182211502637e-06 1.2125642835154025e-07 4.040902716191559e-06
295 4.25221314717937e-06 1.220220236194361e-07 4.127592838621931e-06
296 4.296880119826597e-06 1.1188412522097343e-07 4.181161004640448e-06
297 4.238066976358202e-06 1.2537789213050978e-07 4.121154012872937e-06
298 4.3075770652667775e-06 1.3921983181437363e-07 4.171432796654499e-06
299 4.338117456361162e-06 1.2074910075671738e-07 4.2135792161776e-06
300 4.401601849907378e-06 1.2752916494119682e-07 4.2615697778647604e-06
301 4.388021497201613e-06 1.1035140575748501e-07 4.283585229342203e-06
302 4.4390654887679766e-06 1.1744766698682644e-07 4.319332493129178e-06
303 4.536077305233274e-06 1.1493537424592887e-07 4.4050636376697994e-06
304 4.511930111745874e-06 1.2273408122550163e-07 4.389350699945438e-06
305 4.5453895054202275e-06 1.2385222799446318e-07 4.420568041178655e-06
306 4.552273386502166e-06 1.233357813646983e-07 4.4161526199733285e-06
307 4.5741037762052065e-06 1.20872439339031e-07 4.453211382445034e-06
308 4.64114570048567e-06 1.1101839356170007e-07 4.5264357947467e-06
309 4.563181932469572e-06 1.1409858343233174e-07 4.450686476131689e-06
310 4.705130131152624e-06 1.1353035438251576e-07 4.601030912970673e-06
311 4.7034870529787855e-06 1.119527478617388e-07 4.59128361308799e-06
312 4.730775445856594e-06 1.233396759001672e-07 4.608576624975021e-06
313 4.747788566359246e-06 1.0358864458659232e-07 4.647955503709762e-06
314 4.801706466977358e-06 1.0185387018674813e-07 4.705640483477065e-06
315 4.7701447456460476e-06 1.1849460343760845e-07 4.668479158121883e-06
316 4.871207321249137e-06 1.205537600107687e-07 4.7591296993808185e-06
317 4.858837659130347e-06 1.0812842261481918e-07 4.737043793921649e-06
318 4.981637269570814e-06 1.013593761241042e-07 4.883436477130909e-06
319 4.987552247747053e-06 1.1417449439947796e-07 4.875213993601008e-06
320 5.005244178074895e-06 1.227656621571764e-07 4.879010315510541e-06
321 5.035331462395629e-06 1.0023328790628369e-07 4.939976970375698e-06
322 5.043283834201105e-06 1.0097623716552937e-07 4.94832630979705e-06
323 5.193878097327731e-06 1.0674156862272678e-07 5.0900741721313025e-06
324 5.198582966047029e-06 1.1869893610875412e-07 5.082290889804709e-06
325 5.213083114668159e-06 1.1653615806608132e-07 5.106510857839401e-06
326 5.173496008866396e-06 1.0963332781691039e-07 5.068263746909284e-06
327 5.288408928467808e-06 1.0140951931342454e-07 5.198351335282069e-06
328 5.34855115533738e-06 1.1764663089243872e-07 5.247023723413239e-06
329 5.405215145206478e-06 1.1365420587310732e-07 5.295721902122935e-06
330 5.414327944481199e-06 1.0646398498537775e-07 5.3039320931220545e-06
331 5.409137050956201e-06 1.078842166673441e-07 5.295842257496701e-06
332 5.483974339925729e-06 1.2333999443745736e-07 5.372164543167472e-06
333 5.4684261981565685e-06 1.0931525212956958e-07 5.361541649399897e-06
334 5.551055606398008e-06 1.0413874347789857e-07 5.452929682999129e-06
335 5.625824162875768e-06 1.3125481892184906e-07 5.494013022811376e-06
336 5.663426046103484e-06 1.3253756197947577e-07 5.5301053791761015e-06
337 5.64567859596212e-06 1.1120160439448624e-07 5.532531171137603e-06
338 5.8189370089521894e-06 1.2844767846446256e-07 5.690498596914971e-06
339 5.855155676182294e-06 1.2336067915977086e-07 5.729326730161988e-06
340 5.735086326011554e-06 1.1529713708314514e-07 5.619357325019982e-06
341 5.787840678704522e-06 1.2005683489468798e-07 5.678276774992326e-06
342 5.940180130832244e-06 1.250087343757707e-07 5.823943351741512e-06
343 5.938306166666958e-06 1.3317228973020935e-07 5.7998330254839995e-06
344 6.022858811998797e-06 1.2540408496725246e-07 5.902044116135942e-06
345 6.069139503278391e-06 1.4478428941616838e-07 5.931563182283496e-06
346 6.076957386638743e-06 1.4962412578018423e-07 5.923399385103815e-06
347 6.1975050168581375e-06 1.2683603625080133e-07 6.071585643178794e-06
348 6.265671857950123e-06 1.3356351246089982e-07 6.1316950041930144e-06
349 6.227186013655207e-06 1.3583743805157925e-07 6.0948468215748524e-06
350 6.296839199144838e-06 1.3145890713160123e-07 6.177321643107297e-06
351 6.452196865372702e-06 1.4139567481086137e-07 6.286898558309874e-06
352 6.431417923688639e-06 1.358575645092551e-07 6.300608061594533e-06
353 6.432414245097803e-06 1.4564015014934206e-07 6.286750126293993e-06
354 6.49838584209117e-06 1.4025509147831053e-07 6.363300767676937e-06
355 6.531122967198416e-06 1.374782246146847e-07 6.422440637931581e-06
356 6.655724977867317e-06 1.458781157168013e-07 6.509746571830427e-06
357 6.74936183823368e-06 1.4416765197448597e-07 6.591678301793481e-06
358 6.7192505007231355e-06 1.4429643986458738e-07 6.571296144922412e-06
359 6.770309276051062e-06 1.4803069995823856e-07 6.6226698082599424e-06
360 6.902327024630443e-06 1.4311985014242596e-07 6.7603625801929955e-06
361 6.853871528618308e-06 1.561549444330873e-07 6.704420770787032e-06
362 6.9630105872146894e-06 1.5521700768462217e-07 6.815552805115311e-06
363 7.066239903805032e-06 1.574790416636671e-07 6.929486308378942e-06
364 7.077161697590472e-06 1.556356466027313e-07 6.927098775822368e-06
365 7.162207673065941e-06 1.7429974400072823e-07 6.997070448160504e-06
366 7.149755119545159e-06 1.5566466736259074e-07 6.987458457119776e-06
367 7.3320900031834994e-06 1.674946374639719e-07 7.1824055513758585e-06
368 7.358053341977044e-06 1.6519493290610157e-07 7.203074980249866e-06
369 7.453809739306242e-06 1.718252400326899e-07 7.284139386098843e-06
370 7.500974244340383e-06 1.8210461595802122e-07 7.2990735322487095e-06
371 7.438558973708294e-06 1.8247378822004933e-07 7.253676014635493e-06
372 7.588936306334357e-06 1.7229067144948077e-07 7.422859947713093e-06
373 7.62377342365479e-06 1.8261403509383946e-07 7.456269171022741e-06
374 7.660184682576765e-06 2.0265547191164848e-07 7.474608056842777e-06
375 7.765066413400915e-06 1.7664535100818872e-07 7.5708471181691385e-06
376 7.900259307076481e-06 1.8988142002337831e-07 7.736087326609443e-06
377 7.994016448249858e-06 1.856570545010856e-07 7.808907454295847e-06
378 8.067508783259752e-06 1.762111159601356e-07 7.912569005280122e-06
379 7.99301682774425e-06 1.8921176556279948e-07 7.814409127616304e-06
380 8.250185319588916e-06 2.1472211028523232e-07 8.042916312363668e-06
381 8.36079844346425e-06 1.9910804725732363e-07 8.145657607640055e-06
382 8.329458490949928e-06 2.3948274871391064e-07 8.082877894561364e-06
383 8.274892682653074e-06 1.922247523056558e-07 8.083090003357972e-06
384 8.446110009589337e-06 1.8488425836147683e-07 8.284682978065417e-06
385 8.50776370840298e-06 1.8170660300697258e-07 8.328569205233068e-06
386 8.53255418675408e-06 2.0025344038497208e-07 8.334825646020855e-06
387 8.58405905389551e-06 2.122736356774867e-07 8.373248868105963e-06
388 8.918349390338147e-06 2.3189470931461925e-07 8.683289865361953e-06
389 8.86923125282248e-06 2.1929894116334094e-07 8.635053012434699e-06
390 8.865952400648744e-06 1.9795910667389242e-07 8.672287511094753e-06
391 8.957655681596045e-06 2.019070954441509e-07 8.766540528646362e-06
392 9.085329051425432e-06 2.2653878616450699e-07 8.87120538026043e-06
393 9.25358864746385e-06 2.195477751954041e-07 9.035621877430427e-06
394 9.22317331809816e-06 2.2243640744729657e-07 8.987528050115175e-06
395 9.400831960020591e-06 2.2361571010320436e-07 9.171389617476242e-06
396 9.463911271176113e-06 2.2677543449536742e-07 9.240565438958889e-06
397 9.66514330720493e-06 2.52160481249224e-07 9.40922157893786e-06
398 9.740737391592214e-06 2.3043782642615606e-07 9.500702627807728e-06
399 9.87510930681468e-06 2.2363634170089406e-07 9.648363505891439e-06
400 9.812618759662131e-06 2.3362249482957802e-07 9.588161532385453e-06
401 9.972100607205986e-06 2.478613316609298e-07 9.699302614986736e-06
402 1.0067869432718264e-05 2.307411622818982e-07 9.835566581166588e-06
403 1.0128399119305553e-05 2.5324541102445617e-07 9.872016636138727e-06
404 1.0119669705081409e-05 2.542779770471709e-07 9.886870806053439e-06
405 1.037733547864497e-05 2.7239688433796117e-07 1.010531373289473e-05
406 1.0591544269325446e-05 2.6594401060776747e-07 1.0325913974075576e-05
407 1.0658406087820894e-05 2.5465562927991173e-07 1.0419110534569477e-05
408 1.0831547278967587e-05 2.772695085908906e-07 1.0556235395327725e-05
409 1.0790874220106862e-05 2.7425113921314463e-07 1.0517574445400562e-05
410 1.0727776353560585e-05 2.7667952419438975e-07 1.046052939329507e-05
411 1.0968793395218861e-05 2.860757206169068e-07 1.0684384562747121e-05
412 1.1044992104551736e-05 2.9757097572516246e-07 1.0726990275211537e-05
413 1.1209318587531592e-05 2.873855164515108e-07 1.0938622087386831e-05
414 1.1159987137028988e-05 3.1945287133321567e-07 1.0837911862317394e-05
415 1.1480810887590485e-05 2.5889727056882436e-07 1.1255571526586026e-05
416 1.1595451920343122e-05 3.1850482915825444e-07 1.1308106976794115e-05
417 1.1710795103530433e-05 3.027691898710069e-07 1.1408541847130859e-05
418 1.176435879813778e-05 2.8279041350148837e-07 1.1500237279212112e-05
419 1.1869862819740015e-05 2.652093406337021e-07 1.1607822737169175e-05
420 1.1997892250086043e-05 2.8815365896847156e-07 1.1729387421712638e-05
421 1.2151992952452504e-05 3.097573785207846e-07 1.1840074047034079e-05
422 1.2287112554266518e-05 2.6680708770062236e-07 1.2021922897575086e-05
423 1.2592772647823655e-05 3.205059792867281e-07 1.227049609779783e-05
424 1.2540070737866457e-05 3.1886706114102757e-07 1.2231217584968684e-05
425 1.2538166124064416e-05 3.1367132635326374e-07 1.2266512716966554e-05
426 1.2908148060509805e-05 3.127000568086852e-07 1.2653921298198539e-05
427 1.281748140886391e-05 3.0201095306991373e-07 1.2499278295767631e-05
428 1.3087281466501377e-05 3.135572806977201e-07 1.281385439509489e-05
429 1.3258392638802148e-05 2.819490350494363e-07 1.2999329252485743e-05
430 1.3403836356475853e-05 2.8389590801004843e-07 1.3121950694116753e-05
431 1.3510372050207246e-05 3.027268311595342e-07 1.3222132644861147e-05
432 1.3647498980349823e-05 3.3827662932345423e-07 1.3308794255354512e-05
433 1.3718534337283036e-05 3.343084574182819e-07 1.3355649534014915e-05
434 1.3915303789280786e-05 3.3913153851151294e-07 1.3595370578162289e-05
435 1.4104335486747731e-05 3.7760521632003e-07 1.3733890530245622e-05
436 1.4154219071103413e-05 3.4643386342343023e-07 1.3818373923188356e-05
437 1.4338834641397687e-05 3.578129071888215e-07 1.3971849725199343e-05
438 1.423979988266513e-05 3.000224498831344e-07 1.3945964171664459e-05
439 1.4692641810128905e-05 3.5681889900506485e-07 1.4358055255731721e-05
440 1.4790843700832652e-05 3.4114111617437e-07 1.4470946417748044e-05
441 1.4860841288371944e-05 3.359743236864017e-07 1.4561827585419548e-05
442 1.5131678207740957e-05 3.725987040227059e-07 1.4763175350830175e-05
443 1.5480846304328182e-05 3.636610052626029e-07 1.5100870837787533e-05
444 1.531702371772378e-05 3.473381052902662e-07 1.4953414441904234e-05
445 1.579260682060538e-05 3.480400225679566e-07 1.5442968643762184e-05
446 1.5873629012612303e-05 3.1873742535792096e-07 1.5562927016380516e-05
447 1.6057199996277933e-05 3.678145131829141e-07 1.5714803013721834e-05
448 1.6158779638406792e-05 3.367248560891393e-07 1.5814926668556933e-05
449 1.6471059354971823e-05 3.6183277690633533e-07 1.611072904436718e-05
450 1.6642165398662097e-05 3.556367617411391e-07 1.6240181559175785e-05
451 1.6793994074299584e-05 3.50319308711214e-07 1.6467411790060824e-05
452 1.6752120599924613e-05 3.7479827834890446e-07 1.6383887160541992e-05
453 1.7027204785901952e-05 3.734612399317416e-07 1.6708518229776817e-05
454 1.743761560153663e-05 3.7463297506027656e-07 1.7085590431836225e-05
455 1.7232786381069824e-05 3.3780403759701074e-07 1.6929775123567484e-05
456 1.7621772274506673e-05 3.965421211819305e-07 1.7254996614118903e-05
457 1.8116434268990343e-05 3.5226586020987447e-07 1.771130856127102e-05
458 1.7955483705923538e-05 3.8168822429639476e-07 1.7616559619366095e-05
459 1.8262267517617832e-05 3.5440643357297834e-07 1.7906861202196268e-05
460 1.8563610215658197e-05 4.3180416876839665e-07 1.8108753346616006e-05
461 1.8777864141532175e-05 3.7576772454558857e-07 1.8442290311545952e-05
462 1.886975468912572e-05 4.108277703024187e-07 1.845285618690973e-05
463 1.8995398663595083e-05 3.7990987136646195e-07 1.8617012587563934e-05
464 1.9169239818945927e-05 3.4032509978700953e-07 1.8824252736377502e-05
465 1.9510802107572126e-05 3.7701850745930225e-07 1.913487092643585e-05
466 1.9718144377418115e-05 3.557035920099481e-07 1.9351305518740093e-05
467 1.972391574283771e-05 3.7890530131833075e-07 1.9355049263284536e-05
468 2.014501610277519e-05 4.229006921283716e-07 1.9757457497808755e-05
469 2.0458892426023034e-05 3.7723892742734107e-07 2.0131676005506175e-05
470 2.052792526372204e-05 3.987670391402079e-07 2.018852871448161e-05
471 2.081640175690956e-05 3.951218212352532e-07 2.0418306990886874e-05
472 2.1017051689535582e-05 3.7594851709751985e-07 2.0597367287397398e-05
473 2.101877278160844e-05 3.895909122286749e-07 2.0628308186053693e-05
474 2.155667745835743e-05 3.61656908520698e-07 2.1125701345363477e-05
475 2.1538370566810686e-05 3.8421058758658443e-07 2.117656065095275e-05
476 2.1916363795215915e-05 3.938721183179007e-07 2.1531856066697356e-05
477 2.228554200535875e-05 3.7063336937694144e-07 2.1959994655120493e-05
478 2.2034476659786836e-05 3.637251813915015e-07 2.168962896516276e-05
479 2.2362138384597655e-05 3.766049418367709e-07 2.1985452930957917e-05
480 2.2833246263215627e-05 3.694796829807281e-07 2.2479139445757044e-05
481 2.2880203701497925e-05 3.567199618781309e-07 2.2561981556578787e-05
482 2.30843691752822e-05 3.8477539231369875e-07 2.2731394933908672e-05
483 2.3486594756818755e-05 3.4521820279296546e-07 2.3148478060652113e-05
484 2.404631692404285e-05 3.5570863497987447e-07 2.365355886117406e-05
485 2.409038986861583e-05 3.7339708248816044e-07 2.3712008937824777e-05
486 2.413910745649316e-05 3.6078967060003524e-07 2.380302497580843e-05
487 2.45040079049529e-05 3.6717054571817096e-07 2.4137191349732374e-05
488 2.5022116063674217e-05 3.5602411515047496e-07 2.4671583528046722e-05
489 2.4876927814924083e-05 3.479900379659305e-07 2.451294446943051e-05
490 2.5187844778244633e-05 3.5199647640515815e-07 2.4846609225382157e-05
491 2.588866238591246e-05 3.538539783344858e-07 2.5529628565908387e-05
492 2.611351691904288e-05 3.2895404811419435e-07 2.5807113952163737e-05
493 2.613696064291918e-05 3.8983648680301234e-07 2.5774603885766992e-05
494 2.6375152741231383e-05 3.3847950406878056e-07 2.6021601705219287e-05
495 2.661328080861808e-05 3.662844902494919e-07 2.6291600732996787e-05
496 2.6759109280744134e-05 3.4015747180104333e-07 2.6433951105651962e-05
497 2.7433137947475498e-05 3.747111008597067e-07 2.708938586543909e-05
498 2.7680274357662063e-05 3.506578882021351e-07 2.7321632090164523e-05
499 2.7611219718197958e-05 3.4727954949670724e-07 2.725853549897444e-05
500 2.8236461349414843e-05 3.666175217351902e-07 2.7851637408495565e-05
501 2.8219517158428717e-05 3.728811245084675e-07 2.7868160053628298e-05
502 2.891212811120165e-05 4.170580839290808e-07 2.8511611690524904e-05
503 2.9268056499226082e-05 4.009072080401244e-07 2.8856814723902213e-05
504 2.927085166235584e-05 3.637051010053672e-07 2.8908129377436805e-05
505 2.9434409969252197e-05 3.504354798402941e-07 2.913320943354261e-05
506 3.0304331133147534e-05 3.6450851224854205e-07 2.9952485789718213e-05
507 3.02839115640245e-05 3.772805518134307e-07 2.9928487583823684e-05
508 3.077266675653877e-05 3.43473664667091e-07 3.0444772607316657e-05
509 3.121445561143704e-05 3.742129436826674e-07 3.087719598904484e-05
510 3.1532710728170594e-05 3.62771572190781e-07 3.122345350204854e-05
511 3.1528619325658697e-05 3.686149300970421e-07 3.111228999237335e-05
512 3.213354493641977e-05 3.3505066412476917e-07 3.17593222653642e-05
513 3.272082513911558e-05 3.274155263003866e-07 3.236995493760674e-05
514 3.254162087463636e-05 3.254070355949857e-07 3.22256063939939e-05
515 3.31344957474256e-05 3.393342448790106e-07 3.277159219232047e-05
516 3.324073755523633e-05 3.146299682125323e-07 3.2926349207717006e-05
517 3.3818820543695104e-05 3.451871032024271e-07 3.351123654876029e-05
518 3.4222336618197447e-05 3.4157969667491403e-07 3.390103427483516e-05
519 3.426406876501858e-05 3.265780945628164e-07 3.3937065107483455e-05
520 3.495127004235465e-05 3.1273197399329005e-07 3.4604453011945504e-05
521 3.566823489015283e-05 2.9618412407792293e-07 3.5360260367035224e-05
522 3.598835906303778e-05 3.118615474635373e-07 3.566349224225738e-05
523 3.584749684484413e-05 3.1290949048561343e-07 3.5516311955233364e-05
524 3.611372738203518e-05 3.092913966163524e-07 3.589039271269236e-05
525 3.723792030583884e-05 2.965211926017038e-07 3.696268020957434e-05
526 3.757142987653132e-05 3.009408823534076e-07 3.730732940682916e-05
527 3.774242764933786e-05 3.15452271326028e-07 3.745781342891799e-05
528 3.756953428996461e-05 3.192352255720552e-07 3.728179376462448e-05
529 3.8556316855930485e-05 3.1444928760567416e-07 3.8190731492915995e-05
530 3.893837889951011e-05 3.10730396300435e-07 3.866100962062886e-05
531 3.932271965171829e-05 3.490909429208758e-07 3.8978333613794215e-05
532 4.00375996397743e-05 3.1043285687691605e-07 3.968351452866783e-05
533 4.041395607447915e-05 3.255918454014005e-07 4.016871966270493e-05
534 4.0853730226880594e-05 3.1199438441004706e-07 4.0555745438636545e-05
535 4.146518639055486e-05 3.293600260051436e-07 4.1147986978412604e-05
536 4.1696263186812935e-05 2.954703890618332e-07 4.1404684212562284e-05
537 4.2542887004934875e-05 3.216001247795751e-07 4.2165057045998276e-05
538 4.2648394311160874e-05 3.139004444849059e-07 4.234740056313628e-05
539 4.3105036382029606e-05 3.252137477736011e-07 4.2816124183327e-05
540 4.386083525531034e-05 3.2503763279180406e-07 4.352423995677176e-05
541 4.466801947622494e-05 3.1424926541690007e-07 4.433148965837355e-05
542 4.5012624003447494e-05 3.413117171340296e-07 4.476028042726926e-05
543 4.529444124871279e-05 3.200370860578424e-07 4.4961883890916614e-05
544 4.602974700588601e-05 3.130623151476011e-07 4.569947468826119e-05
545 4.681504101998488e-05 3.140569477443927e-07 4.65083793388719e-05
546 4.717651380005465e-05 3.1221944237610657e-07 4.684445423884175e-05
547 4.7136473384849567e-05 3.025907823624459e-07 4.6881537755252695e-05
548 4.7796700829352005e-05 3.106352431850264e-07 4.751320697284863e-05
549 4.851047875718704e-05 3.3921491754767517e-07 4.819502712135907e-05
550 4.91080865080296e-05 3.082003682610047e-07 4.879613100139372e-05
551 4.9711140169734346e-05 3.1421494473087677e-07 4.946187817005308e-05
552 5.088246421841988e-05 3.1478934600378935e-07 5.0611146413063253e-05
553 5.076766555455506e-05 3.2193289926402637e-07 5.0453087204099295e-05
554 5.1523642147284634e-05 2.921777762299556e-07 5.1273164228693546e-05
555 5.228013813025839e-05 2.898006513408718e-07 5.192415255582984e-05
556 5.276698440325001e-05 2.841250441224021e-07 5.252472877503669e-05
557 5.3106861142318406e-05 2.9392165479861384e-07 5.2810906886070835e-05
558 5.4402912066782646e-05 3.3020878921525796e-07 5.411527172837809e-05
559 5.500206618648981e-05 3.340299435522162e-07 5.4651567585399296e-05
560 5.559727938297141e-05 2.9234067083954574e-07 5.527537574742991e-05
561 5.574096856971962e-05 2.971104951732484e-07 5.548297261848175e-05
562 5.6736722828452665e-05 3.2199668829119346e-07 5.641328005995596e-05
563 5.768445666704784e-05 2.997698857916957e-07 5.7380073739850824e-05
564 5.838645307451114e-05 3.3537590661534413e-07 5.802460286148604e-05
565 5.8616979757939346e-05 3.2709102087155423e-07 5.829897110203507e-05
566 5.964863684253318e-05 3.47405426771129e-07 5.936201294386853e-05
567 6.0376903326914015e-05 3.356912732390629e-07 6.005039389808446e-05
568 6.137881444762335e-05 3.1830734275205397e-07 6.105508436329809e-05
569 6.183985575225845e-05 3.38979589078348e-07 6.14832174660073e-05
570 6.263083065910925e-05 3.4709133079490106e-07 6.230381875715785e-05
571 6.317025371295194e-05 3.062509252165451e-07 6.28683372225171e-05
572 6.419484927886162e-05 3.158818880228882e-07 6.386370730524829e-05
573 6.504513270633912e-05 2.881824396778845e-07 6.48021603466395e-05
574 6.548200920821738e-05 3.330094153800203e-07 6.511584658848836e-05
575 6.60777252481317e-05 3.250198603732816e-07 6.577640959537957e-05
576 6.802418793124581e-05 3.4993314971026555e-07 6.776061619012945e-05
577 6.855472534538287e-05 3.242702016080555e-07 6.823728736099423e-05
578 6.936206159127864e-05 3.6613732541809325e-07 6.89831537212812e-05
579 6.970475283376723e-05 3.4925033706056014e-07 6.934429778274192e-05
580 7.009750028225073e-05 3.5910343783051825e-07 6.979958434290824e-05
581 7.158327392700683e-05 3.338079501151217e-07 7.124744904595849e-05
582 7.194430841895314e-05 3.638665715130794e-07 7.158767740979357e-05
583 7.327325808235669e-05 3.368096614932966e-07 7.300175047109494e-05
584 7.548595700835364e-05 3.600642366619797e-07 7.508136221664395e-05
585 7.577926484684276e-05 3.6785438874696065e-07 7.543182078975011e-05
586 7.609170389917645e-05 4.0553367745258146e-07 7.571560620731991e-05
587 7.730891713259898e-05 3.754571438934886e-07 7.679970975195107e-05
588 7.898038556443485e-05 4.1788391049870783e-07 7.860101972010625e-05
589 7.952448685230868e-05 4.173530848481104e-07 7.907640151224003e-05
590 8.033961639983424e-05 4.0006900646464527e-07 7.990043706559436e-05
591 8.135586339712949e-05 3.8634147679826784e-07 8.101273955699537e-05
592 8.207402592780694e-05 4.002698222866485e-07 8.169009102286497e-05
593 8.346833474480414e-05 4.21637294789431e-07 8.310909045800496e-05
594 8.474736296506387e-05 4.303146672630873e-07 8.43615377803493e-05
595 8.609301241720267e-05 4.4340351896402436e-07 8.575436474526332e-05
596 8.637858418998536e-05 4.552472585176678e-07 8.595046622354636e-05
597 8.790289727331004e-05 4.232842016930671e-07 8.749003316312847e-05
598 8.842702093678262e-05 4.462655843973302e-07 8.805084245617108e-05
599 8.986761569912108e-05 4.5809716633674986e-07 8.934975010095677e-05
600 9.129554138360007e-05 4.5165271779713737e-07 9.090429206122947e-05
601 9.209816206992043e-05 4.821694218987745e-07 9.16445456393382e-05
602 9.388711006194682e-05 4.831455563021279e-07 9.333190399071691e-05
603 9.379860451308625e-05 4.895552754272501e-07 9.331359934667406e-05
604 9.623863877086988e-05 4.988227656363728e-07 9.570735851350157e-05
605 9.693416103626514e-05 4.658494864662206e-07 9.656070665436993e-05
606 9.864322598273609e-05 5.184493674645638e-07 9.817720728983114e-05
607 9.909444151893213e-05 5.066645308073361e-07 9.859777490495603e-05
608 0.00010079227055348452 5.311427627779522e-07 0.00010033302747217986
609 0.00010189298269396774 4.931474306447295e-07 0.00010144314474749071
610 0.00010341261042854778 5.392184336861777e-07 0.00010294876035062611
611 0.00010447699234014537 5.428603720561037e-07 0.00010388628826921213
612 0.00010656669102519543 4.808029839879369e-07 0.0001060323687631869
613 0.0001078756872074054 5.801440671035609e-07 0.00010726175963675254
614 0.00010914457231840126 5.574812252073424e-07 0.00010855948510264203
615 0.00011098778683208958 5.659054959841976e-07 0.0001104314832300823
616 0.00011222937283137816 6.232473582046043e-07 0.00011167171009595682
617 0.00011280739238497711 5.904275255668805e-07 0.0001122489534965223
618 0.00011558360300295025 6.536740534882652e-07 0.00011495918930321683
619 0.00011741237596197175 5.903884336368639e-07 0.00011689024572653606
620 0.00011709505069204064 6.537483854871956e-07 0.00011650204910651526
621 0.00011922975361446595 6.447526656863304e-07 0.00011853513121284878
622 0.00012221413346432945 6.312558294420275e-07 0.00012152480996911966
623 0.0001220972715913957 7.521462509757597e-07 0.00012145762143905904
624 0.00012297548502855212 6.816740358980201e-07 0.0001222789209986987
625 0.0001259591555779534 7.082296697116946e-07 0.00012524396543949618
626 0.00012766912877635204 6.835914255514727e-07 0.00012703572118628618
627 0.00012938775843429045 7.461946239636295e-07 0.00012856773416570038
628 0.00013077883358820683 7.537288822983269e-07 0.00013001106089078699
629 0.00013143113056159273 7.6659569267776e-07 0.00013072594091803624
630 0.00013515868338464143 7.152185812270153e-07 0.00013448262790244635
631 0.00013645340548269576 8.214441959283238e-07 0.00013561506709798847
632 0.0001391623893537684 8.115987336377843e-07 0.00013820815095456576
633 0.00014124194250861622 8.068623846052342e-07 0.0001402831004241434
634 0.00014046127878706105 8.467293025965007e-07 0.0001396775783696215
635 0.0001445392920937749 9.414084867607742e-07 0.00014369324058499986
636 0.00014429613584045559 8.351813447422475e-07 0.00014352612300134093
637 0.00014764426726472277 9.70855087179366e-07 0.00014658395895443598
638 0.00014883610184341156 8.803822783712235e-07 0.00014792585929549845
639 0.00015186575298029595 1.0207403165575225e-06 0.00015082113073337767
640 0.00015455910879935347 9.88016672872052e-07 0.00015371464417130354
641 0.00015426966466080392 1.0253556345662372e-06 0.0001533049390582913
642 0.000158644798349395 9.556915212017656e-07 0.00015757295012349578
643 0.00016058280282928958 9.991170334633429e-07 0.00015955863864969863
644 0.0001615447432738573 9.657811872043526e-07 0.00016048315222947802
645 0.0001636664082600808 9.319753920888469e-07 0.00016246136083696846
646 0.0001660172864885922 1.0277172301484395e-06 0.0001649945979822979
647 0.00016963853766994194 1.0232969745247459e-06 0.00016855906542555648
648 0.00017043725693004168 1.106086575886139e-06 0.00016936319682695595
649 0.00017278808737951053 1.1019719698762489e-06 0.00017175651249352525
650 0.00017646398215940957 1.1424137856830446e-06 0.00017531891364002804
651 0.00017941864401586487 1.1184529523676241e-06 0.0001780514214054765
652 0.0001806222579860604 1.2095670539281648e-06 0.00017935521538241223
653 0.00018353465743703532 1.2336561599659304e-06 0.00018233304498623093
654 0.00018214158208242016 1.3315193382579284e-06 0.0001810028889799138
655 0.00018753755290184894 1.3066590649935352e-06 0.00018644750080621503
656 0.00018967934080428865 1.1344743722868878e-06 0.00018847633465808255
657 0.00019301226845892894 1.2120757545536166e-06 0.00019172887380017865
658 0.00019632098832730887 1.3374019290825626e-06 0.00019518800186358023
659 0.00019957306734104732 1.2435878758228347e-06 0.00019830288074889068
660 0.00020336351606144238 1.3385629929297652e-06 0.00020199573359485073
661 0.00020385533503167313 1.3421024066616607e-06 0.00020245048473328464
662 0.00020655131097832444 1.3718463890611958e-06 0.00020521954458581484
663 0.0002116706229897904 1.43821311929313e-06 0.00021014259893474454
664 0.00021300591206989256 1.3510283469750202e-06 0.0002117526313105778
665 0.00021621629039345335 1.45722698948012e-06 0.00021467074465762314
666 0.00021738339494662795 1.4261646894389555e-06 0.00021607727810511572
667 0.00022093054024948224 1.517163143929858e-06 0.00021920118430818216
668 0.00022570383719136572 1.5127801210398594e-06 0.00022411057798246782
669 0.00023057478770498508 1.65948022661108e-06 0.00022869311630926048
670 0.00023031577529173078 1.6546071964129144e-06 0.00022845291497714218
671 0.00023411476354577934 1.6750291179615096e-06 0.00023267076405043247
672 0.00023823118453207621 1.5984161479775404e-06 0.00023673128980922946
673 0.0002404225490299596 1.6324233499584291e-06 0.00023898538253499645
674 0.00024362020372378386 1.795288357220522e-06 0.0002418246336942558
675 0.0002483249513035474 1.7660623367808404e-06 0.0002467826547762769
676 0.00025147372974347094 1.7471427596136275e-06 0.0002497307140368774
677 0.00025682050889689164 1.668085803409082e-06 0.00025512924726607815
678 0.0002563287376425225 1.700149718794536e-06 0.0002547971966764161
679 0.0002600346183694877 2.007167824716062e-06 0.00025786124482169435
680 0.0002664286636883205 1.802574131649168e-06 0.00026461928074417634
681 0.0002718783140857906 1.8443302304660058e-06 0.0002701444378703434
682 0.000274249171198911 2.0157700977127732e-06 0.00027211514039327477
683 0.0002767637076516309 1.8322320598379512e-06 0.0002751096244530929
684 0.00027845200799836873 2.0410834667271424e-06 0.0002765956654655991
685 0.0002862754443041511 1.9864849524972935e-06 0.00028424589591989044
686 0.00028948841724554954 1.9858722682705797e-06 0.0002877079892183374
687 0.0002926989456216045 1.9529782399782148e-06 0.00029052672187254475
688 0.0002981849264111886 2.025586158764039e-06 0.0002962948543802107
689 0.00030242465310356936 2.2845409408955906e-06 0.00030013511594213327
690 0.00030624016994281475 2.0208787863177677e-06 0.00030417251048197886
691 0.00030987217115676876 2.4325356456106693e-06 0.0003076914550145117
692 0.0003152565501553594 2.2955763192206524e-06 0.0003127008205381224
693 0.00032011902139104654 2.399170068111547e-06 0.00031804295631687073
694 0.0003226286227472424 2.1434202813192203e-06 0.0003205078796100585
695 0.000330277831916119 2.3850818522334377e-06 0.00032805098331893895
696 0.00033267805488335675 2.099591847616938e-06 0.00033056448440477274
697 0.0003376621797536514 2.2105257413961695e-06 0.0003358511709332962
698 0.00034255133830045375 2.5598193890652677e-06 0.0003399931087914157
699 0.00034848255050528817 2.4536764884145703e-06 0.0003459404893821513
700 0.0003516686349404017 2.278685890387076e-06 0.00034960378724635104
701 0.0003603172324469313 2.3331610844025073e-06 0.00035807036830204565
702 0.0003626483568504264 2.531158439708196e-06 0.00036006336919298357
703 0.00036803170692655874 2.2888972388368153e-06 0.00036580764722285854
704 0.000373634407237765 2.6788050193393716e-06 0.00037080532921928414
705 0.00037753769884288216 2.773288854916807e-06 0.00037482607531206906
706 0.00038671139315618955 2.7299575984171276e-06 0.00038377572017258795
707 0.000392725384542364 2.4642255248616577e-06 0.0003902492881693304
708 0.00039658890636291264 2.948100158726734e-06 0.00039324738709355203
709 0.00040258478217829776 3.0186319485615202e-06 0.00039988908329647313
710 0.0004091536876999033 3.101879333016033e-06 0.00040607306117616414
711 0.00040964505046945613 2.833471333197867e-06 0.00040670810655341137
712 0.0004203856241108585 3.2000249965027186e-06 0.00041720432222104483
713 0.0004268228613734796 3.079323230396609e-06 0.00042349190368175184
714 0.0004316097055790694 2.763504265306407e-06 0.0004288892334375499
715 0.0004359958850365036 2.99625102810344e-06 0.00043327179549271276
716 0.0004422663413643098 3.331932403142777e-06 0.00043900457653121535
717 0.00045084369354733125 3.016131088351306e-06 0.0004479772032735406
718 0.00045736163432341887 2.9927363682018365e-06 0.0004538396241243068
719 0.0004638253714079045 3.1489796099054557e-06 0.000460933881018751
720 0.0004680115757029328 3.377184660544779e-06 0.00046448722211088185
721 0.0004787470585447514 3.3615375869934046e-06 0.0004751543149809899
722 0.00048189341101140265 3.2229962340146448e-06 0.00047883243480643174
723 0.0004910511031490394 3.668776494132495e-06 0.0004873189526645704
724 0.0004956687438396835 3.421072054477405e-06 0.0004920954759094037
725 0.0005070858367090234 3.460637484696035e-06 0.0005036075790783596
726 0.0005150114355336663 3.4541428911781784e-06 0.0005117064754226556
727 0.0005249399929999057 3.494843129818953e-06 0.0005213731706003545
728 0.0005302113285157343 3.6472382798461428e-06 0.0005268083679738108
729 0.0005380787095056454 3.402178002707788e-06 0.000534789195810439
730 0.0005442687373395365 3.793726240683644e-06 0.0005401028538548168
731 0.0005539700256414717 3.849581195594873e-06 0.0005504941470630791
732 0.0005633228427344138 4.2002627368293865e-06 0.0005599884588494979
733 0.0005700154415775166 4.094355137697394e-06 0.0005661437129888602
734 0.000580518631078627 3.820031072491238e-06 0.0005763733363744858
735 0.0005955681910964941 3.4267668956761117e-06 0.000591990857972896
736 0.0005943949810693031 4.020429625129252e-06 0.0005902195849466146
737 0.0006031515670824052 4.359830438904832e-06 0.0005990663855091511
738 0.0006125109161116486 3.7475688248677568e-06 0.0006080290255796981
739 0.000624196421735489 3.9340672512472735e-06 0.0006202227575789306
740 0.0006332601916223618 4.054845227206569e-06 0.0006295110612753933
741 0.0006401626961323961 4.156604439423481e-06 0.0006354150197659495
742 0.0006525168889228388 4.119658375134514e-06 0.000647999306713688
743 0.0006627071618071464 4.371070196219963e-06 0.0006586900773722342
744 0.0006748298982259995 4.610906834703745e-06 0.0006704646903100057
745 0.0006781027463972766 4.550239953341844e-06 0.0006735671710961747
746 0.0006900313811825777 4.7399558588597885e-06 0.0006852855896564724
747 0.0007042885834384055 4.913133828152347e-06 0.0006993676662329415
748 0.0007116161356630355 4.499093110784963e-06 0.0007074312261564507
749 0.0007251797421089555 4.385752533854922e-06 0.0007212590382874906
750 0.0007305869693883843 4.9342994565444966e-06 0.000726031511321095
751 0.0007447179940616906 4.736149898666962e-06 0.0007407512832174449
752 0.0007567209983832004 4.760003433710778e-06 0.0007519437386733054
753 0.0007642527691811612 4.549034620622244e-06 0.000759969452491941
754 0.0007860901916090483 5.034108821459497e-06 0.0007810024985542891
755 0.0007942231228821991 4.930998859499997e-06 0.0007897997656769304
756 0.0007999078876758564 4.985555803267905e-06 0.0007945943639555663
757 0.0008130732184233326 5.3646095238984015e-06 0.000807256896800869
758 0.0008275535263152553 5.116476716249347e-06 0.0008230833613495672
759 0.0008446389690381497 5.302238620220157e-06 0.0008387613676354798
760 0.0008515434074722535 5.133494392842978e-06 0.0008464527048856157
761 0.0008623275304767351 5.443719474615478e-06 0.0008558062925217714
762 0.0008822656861524078 5.648320313559671e-06 0.0008769121769792776
763 0.0008993194829667675 5.090528235800043e-06 0.0008943045284425825
764 0.0009098663265796568 5.567495798468286e-06 0.0009042296708558642
765 0.000916274553874002 4.922217391743343e-06 0.0009124304232667465
766 0.000930805547900671 5.80010060647711e-06 0.0009251042907485587
767 0.0009536006036040238 5.115462241989181e-06 0.0009481597806504034
768 0.0009631021788393503 5.477989834467018e-06 0.0009578550322111156
769 0.0009818515464306225 5.721330423009403e-06 0.0009765732116771432
770 0.0010011159713280502 5.538745276376324e-06 0.0009953360337031925
771 0.0010009821251834904 6.0466078552566544e-06 0.0009961045214008553
772 0.0010232170898150364 5.240987301950192e-06 0.0010175680362430452
773 0.0010277014368022532 5.787142515744659e-06 0.001021189254440606
774 0.0010594182441206615 6.452299819193698e-06 0.0010530363538064547
775 0.001070390155895609 5.935858624931959e-06 0.001064157310895392
776 0.001086846488436984 6.096577124334328e-06 0.0010810911029651988
777 0.0011035394181213465 6.1817715650766395e-06 0.0010964550775136462
778 0.0011186218344881379 5.793179912926186e-06 0.0011118894767989185
779 0.0011406841539329574 6.612827086553755e-06 0.0011346633456279793
780 0.0011549493645080626 6.1635553285974194e-06 0.001147770670699732
781 0.0011722497432443313 5.533884519168229e-06 0.0011667100083197763
782 0.0011942092386398333 6.003521353516138e-06 0.0011883238650376286
783 0.0012056102065753846 5.73943429189904e-06 0.0011989784734500446
784 0.0012369387784120476 6.791543358119105e-06 0.0012296814774299266
785 0.001244700426495773 6.376363108038407e-06 0.0012386219580578304
786 0.0012642007972115963 6.211674295392899e-06 0.0012587033277431272
787 0.0012816820856981742 6.366935902104574e-06 0.0012741773146341783
788 0.0013030235408657029 6.608832907273155e-06 0.0012956932334508276
789 0.0013215447841449385 6.591036170142224e-06 0.0013154357114130532
790 0.0013487449036141078 6.950186207158325e-06 0.0013427225856393738
791 0.0013756225234945402 6.097413118536889e-06 0.0013690660832145316
792 0.0013943273332485168 6.931525411109428e-06 0.0013880210055170839
793 0.0014144805820752381 6.966059996333751e-06 0.0014078744883005401
794 0.001448004501918367 6.745534955567949e-06 0.0014413355977113082
795 0.0014455403562538948 6.690534673363802e-06 0.0014395914240301802
796 0.0014696123145110968 7.113965324697747e-06 0.0014628206852275768
797 0.0015129213844950712 7.592242882019289e-06 0.0015047517016544831
798 0.0015310103144880296 7.455569543350084e-06 0.0015244109896850155
799 0.001548177424594892 7.392303162385936e-06 0.0015407954626286164
800 0.0015640755356334374 7.857098537114845e-06 0.001556521506848623
801 0.001605726469052534 7.064730704561822e-06 0.001599352009388556
802 0.0016264817388160705 7.182795323423212e-06 0.001618766084857946
803 0.0016371246504795457 7.093714476517381e-06 0.0016293215319273854
804 0.001680135272074188 7.891713774077906e-06 0.0016714700708449915
805 0.0017076554926424596 7.455880927707603e-06 0.0017004693491644465
806 0.001723405094817655 7.21222761613998e-06 0.001716067690785501
807 0.0017549185070659412 7.949501273527447e-06 0.0017495697180737082
808 0.0017739135656535164 7.921219219515154e-06 0.0017653353745876862
809 0.0018014101045459206 7.5573800859977645e-06 0.0017936458947665037
810 0.0018311718758076958 7.556151742658407e-06 0.001823863938537489
811 0.0018610486334216792 7.789435964934339e-06 0.001853633180198556
812 0.0019023245978653375 8.023331075804971e-06 0.0018950235573655027
813 0.0019169304659722838 7.819342344331075e-06 0.0019085380591653018
814 0.001961207580487764 9.306305245614418e-06 0.0019514938632207463
815 0.0019876086015434406 8.302772875191812e-06 0.0019790256987614165
816 0.0020297036206919313 8.172262513821256e-06 0.0020208414676207167
817 0.002026974073970724 8.112107498195346e-06 0.002018911575463051
818 0.0020797541305171874 8.30379478567737e-06 0.0020713786488005003
819 0.0021155810986917566 8.716021110230557e-06 0.0021070436814964576
820 0.002151372039007465 8.46463126448499e-06 0.002142597649389844
821 0.0021872226102353934 8.383960520973783e-06 0.002177766085678984
822 0.002192909297573949 9.152443689280254e-06 0.002184393534261426
823 0.0022340497666894317 8.7549643162979e-06 0.0022253003911958886
824 0.002280635750537438 8.075064334231e-06 0.0022724007718202934
825 0.00230463367142927 8.493003658300386e-06 0.002295641153206141
826 0.002370339148592258 8.834990703508839e-06 0.0023625237093908374
827 0.002399369648735923 8.988283554837092e-06 0.002388550195007536
828 0.0024366477132954888 8.377990193665545e-06 0.002428803244093303
829 0.002492529721436847 8.643604133292537e-06 0.0024824061071204583
830 0.002525434586040983 9.393210235124719e-06 0.002516563979346477
831 0.0025449918694709574 8.80065462115818e-06 0.002536525197471365
832 0.002610866498805584 9.0080795506751e-06 0.0026028393294041186
833 0.0026471352902298784 8.947886619182986e-06 0.0026385820249048815
834 0.002673253928924922 8.724752600168468e-06 0.0026647918810976147
835 0.002721870639453276 9.366611614778254e-06 0.0027128595976701263
836 0.0027868901634099702 1.0061993354626963e-05 0.0027772455238388527
837 0.002814162260646535 9.18320766301919e-06 0.0028053905571484013
838 0.002862819219065168 9.749252324547254e-06 0.0028520966602496927
839 0.0029093052616788735 9.432773922159633e-06 0.002900735893601106
840 0.0029563044204880167 9.28980698963918e-06 0.0029478953349285366
841 0.003003580877529426 8.993404997334702e-06 0.00299544542942426
842 0.0030445481217431696 9.202533986490885e-06 0.0030373459115169386
843 0.0031085477988094566 1.0171027512441237e-05 0.0030971518541188276
844 0.003139606979363484 9.650368807738398e-06 0.0031315818601182
845 0.0032126253641185996 1.0024876243274919e-05 0.0032032033198295044
846 0.0032420357417749994 9.786060493142622e-06 0.0032338753473502495
847 0.003295801078076726 1.0704516925758503e-05 0.0032859682435367847
848 0.003360472207469884 9.770919461607188e-06 0.0033522691077896454
849 0.0034052945254954008 1.08871481468981e-05 0.0033940120730191446
850 0.0034729854888305334 9.596581051448382e-06 0.003463534999528452
851 0.0035458494296981276 1.0184839352046884e-05 0.0035352800509002385
852 0.0035664817483045353 1.1303659167920773e-05 0.0035549591882467575
853 0.003666087117605416 1.0824710657788288e-05 0.0036557994666046134
854 0.003674606731509622 1.0116283362640067e-05 0.003664778917374035
855 0.003733391271269828 1.0787773986150362e-05 0.003722365832543875
856 0.0038583309555066587 9.488918201338541e-06 0.003845659089549399
857 0.0039006179024687537 1.0374991381703361e-05 0.0038910286841332747
858 0.003934367201614322 9.660918475968737e-06 0.003923457589960338
859 0.0040173270355452415 1.0083132681988519e-05 0.004006190925588673
860 0.004059058686365547 9.73175112023627e-06 0.004049418328570083
861 0.004097093233799687 1.0748376547579258e-05 0.00408855856444252
862 0.004196341726225725 1.013212977204611e-05 0.00418688673566595
863 0.004261964383543041 1.1239188030086235e-05 0.004249634424286922
864 0.004369083183717685 9.824096291810174e-06 0.004358760255545813
865 0.004411019076389985 1.104781157700091e-05 0.004399023056679377
866 0.0044892845840027425 1.1227498208325648e-05 0.0044767165456826566
867 0.004575453496206052 1.0731262734464189e-05 0.004566629192448871
868 0.004682707592427729 1.0771310498762995e-05 0.004671620239367907
869 0.0047087879567449245 9.791356452507493e-06 0.00470028735963945
870 0.004830012771941884 1.1098388533671158e-05 0.004818413197763123
871 0.004862701110479602 1.157197883587211e-05 0.004853832544351917
872 0.004976546593750664 1.1269831432083255e-05 0.004964936134231281
873 0.005026644731902477 1.0959760207814057e-05 0.0050160892546975595
874 0.005130571996912304 1.1188312961421285e-05 0.00511871551139391
875 0.005237592032504917 1.2459151296594294e-05 0.005227124989804021
876 0.005279099385303826 1.1895656150141513e-05 0.005267478571019394
877 0.005376779489950276 1.1297737406230328e-05 0.005366358931916549
878 0.0055325440785752075 1.2138488295144254e-05 0.005518607109479279
879 0.0055617362538243195 1.3057465999431197e-05 0.005552301381865403
880 0.0056517045689488555 1.0318408177198826e-05 0.005640935179548522
881 0.005768577896449658 1.1685041355970246e-05 0.005756837667617358
882 0.005823203273883978 1.1168366481492431e-05 0.005812216716657038
883 0.005946282434677902 1.1391412246932912e-05 0.005938611537821007
884 0.00605482238184708 1.1486442603054792e-05 0.006042435613789372
885 0.0061306649905468105 1.1990059607232236e-05 0.006117051767211028
886 0.006256431054525707 1.226345115338464e-05 0.00624264933034725
887 0.006416069409408298 1.3445788662326239e-05 0.006404719237522656
888 0.006466795609055172 1.1345308778098187e-05 0.006454129251714635
889 0.006583860253195787 1.2180668145252523e-05 0.006569102693673526
890 0.006676893899384733 1.140391078678276e-05 0.0066657341962263715
891 0.0068048959763329685 1.161710779098908e-05 0.006793182822553196
892 0.00691928962661941 1.254195473642681e-05 0.006908269856928803
893 0.007018549059595084 1.185646293061502e-05 0.007008424625652494
894 0.007092404598324011 1.2148581168223829e-05 0.007082955123260581
895 0.007308997386616228 1.1996373676028229e-05 0.007299278216898916
896 0.007419823413753182 1.305124200310708e-05 0.007402146806621871
897 0.007524323061865502 1.362611152590022e-05 0.007510986424295988
898 0.0076450579139806015 1.2807692906789008e-05 0.007634912728188638
899 0.007717934618484387 1.2544065143356325e-05 0.007703024225910515
900 0.007975287364772009 1.285630904773924e-05 0.007962153795230353
901 0.008095257499647695 1.3890581647291772e-05 0.008077682746808625
902 0.008186323869023718 1.294859973668398e-05 0.00817064190804281
903 0.008353535147815174 1.254714942237819e-05 0.008340689016495708
904 0.008442695447747504 1.19492042172173e-05 0.008434466735354078
905 0.008587456782321585 1.2597120285262863e-05 0.008574684339541202
906 0.00872921561853899 1.3073265091717351e-05 0.008716693712131234
907 0.008897167208937892 1.1965549750441775e-05 0.008883203820155302
908 0.009007095697451376 1.2508691548999385e-05 0.008999738088602443
909 0.009286344042706653 1.3358611305087943e-05 0.009274367340636388
910 0.00944419149059658 1.27959199576448e-05 0.009429498870503228
911 0.009581182168053532 1.2681992655943496e-05 0.00956728614282498
912 0.009741712894408769 1.3037917189339895e-05 0.00972569492198077
913 0.009857208846895648 1.2957351425442994e-05 0.009844188524610043
914 0.010012533124712892 1.3328716076340427e-05 0.009998189811271308
915 0.010226329379109675 1.2878634341696039e-05 0.010216329514250475
916 0.010368860859100331 1.3400587920793663e-05 0.01035647571322742
917 0.010635430089720527 1.2884848730514248e-05 0.010620552796319382
918 0.010726588092236332 1.3865836269499608e-05 0.010711456552507412
919 0.010969847946407586 1.3169500772439941e-05 0.010957086101833076
920 0.011199528638517184 1.3500486023744294e-05 0.011184059248915737
921 0.011357605323116337 1.4041051624686476e-05 0.011342733996678823
922 0.011489792698113037 1.431999336585556e-05 0.011479191075816384
923 0.011718942021547323 1.394563605239464e-05 0.01170662444569872
924 0.011973649189737085 1.3368361831050109e-05 0.011964482180667415
925 0.01212984746057659 1.3142167536897586e-05 0.012116954090652554
926 0.012416047191284666 1.3504204660063177e-05 0.012403192680881874
927 0.01261213846872293 1.3698644428758713e-05 0.012598813465697295
928 0.012931121324880435 1.3060517229391865e-05 0.012917960330801202
929 0.013084625486431512 1.3962662763186186e-05 0.013069452728638953
930 0.013367512729864557 1.362595348392204e-05 0.013357477435844018
931 0.01353421415694616 1.2423022986062123e-05 0.013522713884855231
932 0.01376361673086966 1.4048948847854974e-05 0.013751243864036995
933 0.014001144483238002 1.3457053194198187e-05 0.013987590995306196
934 0.014213372055285474 1.3776113145213527e-05 0.01419960465093254
935 0.014558737663286858 1.3122335424184426e-05 0.014540562231101799
936 0.014804676987865951 1.3812024160116425e-05 0.014791282875988505
937 0.015047049092708287 1.3549773893225211e-05 0.015034757947393746
938 0.015344896452828504 1.3267057465479597e-05 0.01532947609004406
939 0.015521074623848424 1.4476851092533924e-05 0.015509709256985476
940 0.01585640248498872 1.3924950555108852e-05 0.015840078579753974
941 0.016446319794143894 1.4836960680530164e-05 0.01643238016490197
942 0.016413509012911952 1.3532831835969233e-05 0.016396702837183055
943 0.01679485346962332 1.4729224888942091e-05 0.016779634479639
944 0.017263660155732347 1.405075320064499e-05 0.017255629462875822
945 0.017414098302146012 1.3873218590341136e-05 0.017400256010232026
946 0.017542928193035223 1.4293822285359635e-05 0.017528903548133367
947 0.017952416502740955 1.3615363759181657e-05 0.017934900502372807
948 0.018605379816391255 1.4003106475581212e-05 0.01859681649977475
949 0.01879870032680854 1.425789032628741e-05 0.018781962566737396
950 0.019148330901856712 1.4012270048621359e-05 0.01913677045677835
951 0.019445391245603842 1.305689610002201e-05 0.019436510050276478
952 0.01987403211034308 1.4364527722684877e-05 0.019861437146417353
953 0.020230369619609605 1.393437207310621e-05 0.02020875698947124
954 0.02066780300600344 1.4722993929726489e-05 0.02065507235643501
955 0.021073101225061702 1.3198124349285739e-05 0.021062041738785293
956 0.02147488774741803 1.339145141154892e-05 0.02145707005661449
957 0.021811813514764182 1.4579683689912803e-05 0.021798983185491907
958 0.022364466699818772 1.4889842388848456e-05 0.02235344315317781
959 0.02275292516781058 1.3299047424845686e-05 0.02273916277771144
960 0.02319829717161752 1.424270319643092e-05 0.023179694558263454
961 0.02350585592121217 1.3883899655940464e-05 0.02348917938841317
962 0.023941629341139904 1.2899844292947416e-05 0.023924612760111204
963 0.024542453205847935 1.3327946019785325e-05 0.024531006584203322
964 0.024734378430055867 1.3778387506006777e-05 0.02472290842588769
965 0.02559060346799408 1.4117076303909586e-05 0.02557747480677813
966 0.025833145614869758 1.3821585740503225e-05 0.02582199000569292
967 0.02630812402878645 1.3428840177207755e-05 0.026297642098887714
968 0.02715560960407713 1.4203363005580213e-05 0.027136452835760255
969 0.02772491098241782 1.4464237847609657e-05 0.02770552837135384
970 0.027790894899618786 1.3835211733129987e-05 0.027777997006301316
971 0.02852736311236933 1.3579826248847583e-05 0.028513418959319078
972 0.029012558965840415 1.4234853392839705e-05 0.029004451054304322
973 0.02956431429753686 1.4564240742358645e-05 0.02954441505355647
974 0.030029146188212393 1.5190679489744609e-05 0.030012208519372675
975 0.030830408650369123 1.334828407488547e-05 0.030819159628370417
976 0.03144862137375383 1.4635766536375838e-05 0.031424950909344766
977 0.031954037801944654 1.3096649758172045e-05 0.03194301555738882
978 0.0329458096652512 1.4208790726977568e-05 0.03292964054198288
979 0.03342403884392338 1.4497006071426709e-05 0.03341789674844922
980 0.03398086336681709 1.3622060386451759e-05 0.033967801859730466
981 0.03491361717756532 1.3321403942109743e-05 0.03489308216711677
982 0.03576857368454829 1.3803383318681153e-05 0.035755618095771435
983 0.036235029576747346 1.4327483387382256e-05 0.0362253022973345
984 0.036927464894156034 1.4056635301380006e-05 0.03690514462783982
985 0.03759734068128082 1.3049259876576875e-05 0.03758623604154206
986 0.03853750033394399 1.3559276525472142e-05 0.03852626670424934
987 0.03958974470858854 1.306931609313122e-05 0.039579355736885626
988 0.04018428244750373 1.3419213339026881e-05 0.04016956727910328
989 0.040805470705319875 1.3906445406972981e-05 0.04080138516083426
990 0.04177898747365726 1.395962013797353e-05 0.04176999236518615
991 0.042502143393944446 1.3634871813188908e-05 0.04248449154942871
992 0.04314493718669441 1.4880359982756059e-05 0.043127915897187806
993 0.044395805354064954 1.5240978092712393e-05 0.04438402622720206
994 0.045331933818022536 1.3526287082386826e-05 0.04531479280045526
995 0.04650648623932528 1.3330379928633843e-05 0.0464916808004432
996 0.047225161374317884 1.5474720969633334e-05 0.04720024275869327
997 0.048275637952650385 1.4401742654061755e-05 0.04827255872379528
998 0.04933001722031065 1.3000715965709043e-05 0.04931241242437725
999 0.05011320225941319 1.371071155108256e-05 0.05010503156945871
1000 0.05089020411746361 1.394256281924891e-05 0.050876161538730355
1001 0.052567809843462925 1.4319374292182825e-05 0.0525511876194952
1002 0.0533262113541522 1.4021778941514053e-05 0.05330990923131851
1003 0.054448513830121906 1.440916151807338e-05 0.0544312690251144
1004 0.056157694705560514 1.4609114206794058e-05 0.05614370960538444
1005 0.05644046674988562 1.3677551810134713e-05 0.056420586268357976
1006 0.05812740079828456 1.422043556795195e-05 0.05811836987412957
1007 0.05915435844915675 1.570067362530136e-05 0.059133381132252964
1008 0.060588790024742156 1.4395369828161749e-05 0.06058000208834776
1009 0.06228858446051477 1.417345157024819e-05 0.06226548201300358
1010 0.06340406274555165 1.3644858365368377e-05 0.06338558524508656
1011 0.06424760051174123 1.3652639228559774e-05 0.064242366920152
1012 0.06573335626667828 1.4680178608781585e-05 0.06571417226442397
1013 0.06770519625439415 1.4228985930192612e-05 0.06768738620830896
1014 0.06899491742108639 1.429648562367026e-05 0.06898407009706951
1015 0.07063129877502314 1.424803554412444e-05 0.07061545556287806
1016 0.07166140260305934 1.4516960149891373e-05 0.07164341737615122
1017 0.07373199857662806 1.3951092390151543e-05 0.07371025209513217
1018 0.07527082105215244 1.3916985210457758e-05 0.07526356605649
1019 0.07601253595860018 1.5018469526256133e-05 0.07599223894794607
1020 0.07849219746306915 1.6104913336351635e-05 0.07846212176552435
1021 0.07953554832360447 1.4841868054427435e-05 0.07952974252287726
1022 0.08118775140267064 1.600697922883962e-05 0.08117321312929747
1023 0.08652825775128091 5.7856188929880966e-05 0.086474402102723
1024 0.08875298277242968 5.505894598675656e-05 0.08868628054754019
