ell R_ell F_ell N_ell
2 6.712831012681003e-05 8.301418258107804e-06 5.882689186870222e-05
3 2.2552917192468507e-05 2.4855023022369285e-06 2.006741489023158e-05
4 2.933534501363818e-05 5.427781161587513e-06 2.3907563852050665e-05
5 2.5380689591555094e-05 5.779194017043495e-06 1.9601495574511597e-05
6 2.0020012387032912e-05 1.5070465773124556e-06 1.8512965809720456e-05
7 1.9416492981695717e-05 1.3140447693075821e-06 1.8102448212388134e-05
8 2.046027389892991e-05 2.975149402655421e-06 1.748512449627449e-05
9 1.9121208700577167e-05 4.054746426030386e-06 1.5066462274546782e-05
10 1.6940195583560578e-05 3.5531197032480167e-06 1.3387075880312561e-05
11 1.6245359125589263e-05 2.9165794553870393e-06 1.3328779670202225e-05
12 1.407353364754789e-05 2.1182998450209944e-06 1.1955233802526894e-05
13 1.417308576093455e-05 1.2112496279319313e-06 1.296183613300262e-05
14 1.3890924732472925e-05 2.597485713566882e-06 1.1293439018906044e-05
15 1.3917679116156006e-05 2.7691034077515288e-06 1.1148575708404478e-05
16 1.147723506718919e-05 1.1830957051044916e-06 1.0294139362084698e-05
17 1.2792749010371045e-05 3.5058443436637223e-06 9.286904666707322e-06
18 1.08360701093427e-05 1.7966906163242888e-06 9.039379493018411e-06
19 9.38072971421493e-06 1.623401042289126e-06 7.757328671925803e-06
20 9.55454755892713e-06 1.8767271513562857e-06 7.677820407570844e-06
21 9.458389528021348e-06 1.8275234894586493e-06 7.630866038562698e-06
22 9.615745803505491e-06 2.308946108118713e-06 7.306799695386778e-06
23 8.663166117535758e-06 2.0106180740882456e-06 6.652548043447513e-06
24 8.02360474354211e-06 1.1110720117025457e-06 6.9125327318395635e-06
25 7.716548228165881e-06 1.4423601326056152e-06 6.274188095560266e-06
26 7.91706797037167e-06 1.852171463856951e-06 6.064896506514719e-06
27 7.321023055925292e-06 1.2162081057896068e-06 6.104814950135685e-06
28 6.812689397005652e-06 1.104525766702644e-06 5.708163630303008e-06
29 6.317686993947957e-06 8.10256435982517e-07 5.50743055796544e-06
30 6.448008522270912e-06 9.214406418857408e-07 5.5265678803851706e-06
31 6.224375516393417e-06 8.645045234542984e-07 5.359870992939118e-06
32 6.314096452795536e-06 1.0527908778435886e-06 5.261305574951948e-06
33 6.210555018967409e-06 1.1742049138154895e-06 5.036350105151919e-06
34 5.885301425956088e-06 1.0868812647281628e-06 4.798420161227925e-06
35 5.586424436994937e-06 9.77780498892978e-07 4.608643938101959e-06
36 5.642553484247008e-06 8.751118626326448e-07 4.767441621614363e-06
37 5.6000055354109465e-06 1.0035812506533262e-06 4.59642428475762e-06
38 5.42174242209336e-06 7.709138669128919e-07 4.650828555180468e-06
39 5.26709267905311e-06 1.000626874478047e-06 4.266465804575063e-06
40 5.027277139388813e-06 8.800634213585891e-07 4.147213718030224e-06
41 4.757242012051111e-06 6.368232855491348e-07 4.120418726501976e-06
42 4.684346829868978e-06 6.06537151648533e-07 4.0778096782204445e-06
43 4.5957570294774005e-06 6.29624460103069e-07 3.966132569374332e-06
44 4.816975598281146e-06 8.123525468929981e-07 4.004623051388148e-06
45 4.546806757680986e-06 7.755060850460955e-07 3.7713006726348903e-06
46 4.113749090352723e-06 3.448119551571781e-07 3.768937135195545e-06
47 4.498378666234556e-06 6.746938716735191e-07 3.8236847945610365e-06
48 4.431066847546066e-06 7.788853432106846e-07 3.652181504335382e-06
49 4.3174678781160904e-06 6.24134004257912e-07 3.6933338738581784e-06
50 4.314875588191198e-06 6.455551819926598e-07 3.669320406198538e-06
51 4.075876201078798e-06 5.313223423021619e-07 3.5445538587766365e-06
52 4.03965385274886e-06 4.720450299605482e-07 3.567608822788311e-06
53 4.1865965548748655e-06 4.4846231873707e-07 3.7381342361377953e-06
54 4.093169313642477e-06 5.524542430529396e-07 3.540715070589537e-06
55 4.121211886452665e-06 4.7510875967584634e-07 3.6461031267768192e-06
56 3.9147564717704565e-06 3.8794022339760815e-07 3.5268162483728486e-06
57 4.15612021320102e-06 5.23410046157573e-07 3.632710167043447e-06
58 3.7480035041417856e-06 3.433335824505461e-07 3.4046699216912397e-06
59 4.021174264609802e-06 5.074545900689104e-07 3.513719674540892e-06
60 3.922867614372805e-06 4.614200878782418e-07 3.4614475264945637e-06
61 3.850170611490458e-06 4.47141629580767e-07 3.4030289819096904e-06
62 3.787045417376195e-06 3.280732763505779e-07 3.458972141025617e-06
63 3.98994096922657e-06 4.76131638575768e-07 3.513809330650802e-06
64 3.7971305961882696e-06 3.5493439044837764e-07 3.442196205739892e-06
65 3.7528523899670224e-06 3.874153916698955e-07 3.365436998297127e-06
66 3.817615456837832e-06 4.417616826097839e-07 3.3758537742280488e-06
67 3.747013164087473e-06 3.7615439655663347e-07 3.3708587675308396e-06
68 3.6847111673599556e-06 3.068171274518566e-07 3.377894039908099e-06
69 3.6741182644954934e-06 3.049247993186469e-07 3.3691934651768463e-06
70 3.6145076669981194e-06 3.0554196427489184e-07 3.3089657027232275e-06
71 3.750222506284415e-06 3.301889151878101e-07 3.420033591096605e-06
72 3.7311423905364416e-06 3.5777851089511923e-07 3.3733638796413222e-06
73 3.6965477438705713e-06 3.610939798285865e-07 3.335453764041985e-06
74 3.5748689638546724e-06 3.062122266450076e-07 3.2686567372096646e-06
75 3.6506686245870893e-06 3.7708140958354483e-07 3.2735872150035446e-06
76 3.6559666686297186e-06 3.034416649977911e-07 3.3525250036319275e-06
77 3.5826814471200235e-06 4.06129694491466e-07 3.1765517526285574e-06
78 3.716272886788636e-06 2.855327264824264e-07 3.4307401603062096e-06
79 3.6429175358813946e-06 3.5418063217065827e-07 3.288736903710736e-06
80 3.691255353681136e-06 3.507932848794106e-07 3.3404620688017252e-06
81 3.5690128479717295e-06 3.2842519250090586e-07 3.2405876554708234e-06
82 3.5079055202179937e-06 2.6853306113340623e-07 3.2393724590845873e-06
83 3.5307327033698464e-06 2.869556372983121e-07 3.2437770660715343e-06
84 3.502765634341829e-06 3.3752357116343766e-07 3.165242063178391e-06
85 3.5756110269314746e-06 2.6624518608392614e-07 3.3093658408475486e-06
86 3.500647748860645e-06 2.9620531944065035e-07 3.2044424294199948e-06
87 3.5579863418028292e-06 3.0116838387181025e-07 3.256817957931019e-06
88 3.46339186871603e-06 2.8877752659770006e-07 3.17461434211833e-06
89 3.3748892591869814e-06 2.463097610133014e-07 3.1285794981736802e-06
90 3.4635736664789964e-06 2.390281243149622e-07 3.2245455421640343e-06
91 3.467694247599949e-06 2.2782973473059475e-07 3.2398645128693545e-06
92 3.429384833436344e-06 2.578319819879734e-07 3.1715528514483706e-06
93 3.4718402804659443e-06 3.0677729164023845e-07 3.165062988825706e-06
94 3.518118768421193e-06 2.7930082748380203e-07 3.238817940937391e-06
95 3.4839313291296624e-06 2.737732274297891e-07 3.2101581016998734e-06
96 3.326718665610076e-06 2.2129867171757905e-07 3.105419993892497e-06
97 3.381690392969396e-06 2.505595509446635e-07 3.1311308420247323e-06
98 3.438244636407646e-06 2.40596474795544e-07 3.1976481616121022e-06
99 3.4242708843723106e-06 2.793789419631611e-07 3.1448919424091495e-06
100 3.3111832924572704e-06 2.126300360259746e-07 3.0985532564312958e-06
101 3.4545984167233413e-06 2.581928187728366e-07 3.1964055979505047e-06
102 3.4004492326363834e-06 2.5256617215544804e-07 3.1478830604809355e-06
103 3.458520748520556e-06 2.939586407591641e-07 3.1645621077613916e-06
104 3.5568503482893038e-06 3.1265395341199987e-07 3.244196394877304e-06
105 3.360565531891237e-06 2.4915558604606813e-07 3.111409945845169e-06
106 3.332131681168428e-06 2.1523805439324523e-07 3.116893626775183e-06
107 3.5174838008179046e-06 3.109657029444284e-07 3.206518097873476e-06
108 3.332087662912784e-06 2.039936335706569e-07 3.128094029342127e-06
109 3.4590848236245976e-06 2.793911046500656e-07 3.179693718974532e-06
110 3.417606502670712e-06 2.2479466987701695e-07 3.1928118327936947e-06
111 3.4895913312916864e-06 2.1535938600740875e-07 3.2742319452842775e-06
112 3.4269298807531857e-06 2.5537531931659647e-07 3.1715545614365892e-06
113 3.434840322906183e-06 2.0318188365879258e-07 3.2316584392473904e-06
114 3.4226747879742475e-06 2.3482271837392774e-07 3.18785206960032e-06
115 3.296068423680885e-06 2.2414774902106591e-07 3.0719206746598188e-06
116 3.5082173123195913e-06 2.2568994175595978e-07 3.2825273705636317e-06
117 3.4579610677086943e-06 1.922562400168701e-07 3.265704827691824e-06
118 3.443875919529216e-06 2.8333658083148436e-07 3.1605393386977318e-06
119 3.344867156156036e-06 2.0162480311867382e-07 3.1432423530373622e-06
120 3.3433420795826804e-06 2.1226553816732828e-07 3.1310765414153522e-06
121 3.450882096778035e-06 1.9857083569724382e-07 3.252311261080791e-06
122 3.4964713689427703e-06 2.313040769930326e-07 3.265167291949738e-06
123 3.4376912021021443e-06 1.8966498747121407e-07 3.2480262146309304e-06
124 3.4359703074796063e-06 2.1748419728789278e-07 3.2184861101917136e-06
125 3.5093961012931886e-06 2.874272096018532e-07 3.2219688916913353e-06
126 3.5046082471951964e-06 2.76962792230298e-07 3.2276454549648986e-06
127 3.551260971281035e-06 3.5602537085163115e-07 3.195235600429404e-06
128 3.6486852371821706e-06 4.353272804611531e-07 3.2133579567210173e-06
