ell R_ell F_ell N_ell
2 0.00014800942594920432 3.2690283553266142e-06 0.00014474039759387772
3 2.211599073380787e-05 -3.750370623557486e-08 2.2153494440043446e-05
4 2.8538168800337213e-05 1.3027772194945731e-06 2.723539158084264e-05
5 2.488202400391074e-05 3.720413771211705e-06 2.1161610232699034e-05
6 2.1928308184294298e-05 3.5157697932691992e-06 1.8412538391025097e-05
7 1.903176596187038e-05 6.169407675268027e-07 1.841482519434358e-05
8 1.8564174247222795e-05 1.4884005232935214e-06 1.7075773723929274e-05
9 1.954938059917081e-05 2.846284289426868e-06 1.670309630974394e-05
10 1.4958046346685948e-05 1.839994453459818e-06 1.311805189322613e-05
11 1.3082439671906048e-05 1.4833309830206254e-06 1.1599108688885422e-05
12 1.2622993767851953e-05 5.771424583115651e-07 1.2045851309540388e-05
13 1.335198663546727e-05 4.0636653366123577e-07 1.2945620101806035e-05
14 1.2194228582019263e-05 1.4907292792668692e-06 1.0703499302752393e-05
15 1.2218971110222653e-05 1.3313049432709151e-06 1.0887666166951738e-05
16 1.0766174077635548e-05 9.795174593569569e-07 9.786656618278591e-06
17 1.1233105722259178e-05 1.861564003103074e-06 9.371541719156104e-06
18 9.409910332214857e-06 9.725851742609213e-07 8.437325157953935e-06
19 8.434928127852162e-06 1.0345645441936603e-06 7.400363583658502e-06
20 8.332550795882791e-06 1.1456348543372344e-06 7.186915941545556e-06
21 7.714398533883662e-06 5.614390778655545e-07 7.152959456018108e-06
22 8.283234500627243e-06 1.3751458848515277e-06 6.908088615775715e-06
23 7.690411652503413e-06 1.212074331970447e-06 6.478337320532966e-06
24 6.790727223712815e-06 5.153550467658614e-07 6.275372176946953e-06
25 6.924119754996511e-06 1.0071154527589388e-06 5.917004302237572e-06
26 7.18357218065967e-06 1.1959540593910516e-06 5.987618121268618e-06
27 6.507971565185076e-06 7.342897344753633e-07 5.773681830709713e-06
28 6.188597345347063e-06 7.767556716257578e-07 5.411841673721305e-06
29 5.720858378855156e-06 4.498678521736493e-07 5.270990526681507e-06
30 5.622166604289842e-06 5.229754704946892e-07 5.099191133795152e-06
31 5.801917662194816e-06 7.418088327684146e-07 5.060108829426401e-06
32 5.826839588057526e-06 7.601519664512226e-07 5.066687621606304e-06
33 5.484920097067156e-06 6.553287167549138e-07 4.8295913803122426e-06
34 4.9844470842443125e-06 5.105982016867743e-07 4.473848882557538e-06
35 4.7590759900138865e-06 4.186048966680965e-07 4.34047109334579e-06
36 4.9873990444882105e-06 5.13568780423105e-07 4.4738302640651054e-06
37 4.696449869435769e-06 3.679589523298254e-07 4.328490917105944e-06
38 4.963120193729387e-06 5.595766711802558e-07 4.403543522549131e-06
39 4.6913359534919455e-06 5.437106224574875e-07 4.147625331034458e-06
40 4.556760055017127e-06 3.935547738208165e-07 4.16320528119631e-06
41 4.399475599558355e-06 4.389240097818563e-07 3.960551589776498e-06
42 4.54654599231094e-06 4.844625798375506e-07 4.06208341247339e-06
43 4.235809634408829e-06 3.0575610631766135e-07 3.930053528091168e-06
44 4.253350809632201e-06 4.1957631816579425e-07 3.833774491466407e-06
45 4.19621316547076e-06 5.214386478288452e-07 3.6747745176419148e-06
46 3.825790826461429e-06 1.8601388152020905e-07 3.6397769449412197e-06
47 3.875584526488145e-06 1.948200995295963e-07 3.6807644269585485e-06
48 4.0176289053642195e-06 4.33694333274628e-07 3.5839345720895917e-06
49 3.996192469316138e-06 3.272092247747187e-07 3.6689832445414194e-06
50 4.115982338278604e-06 3.9287701668215537e-07 3.723105321596448e-06
51 3.900595311818458e-06 3.6844159241716096e-07 3.5321537194012973e-06
52 3.7758825109192196e-06 2.6034261534169285e-07 3.515539895577527e-06
53 4.081522118212002e-06 3.4159762978860304e-07 3.739924488423399e-06
54 3.891391848589394e-06 3.5722692226054647e-07 3.534164926328848e-06
55 3.88068797627587e-06 2.576811168217318e-07 3.6230068594541383e-06
56 3.742118155814979e-06 2.2514970084807488e-07 3.5169684549669043e-06
57 3.8979589792725745e-06 3.271718610767292e-07 3.5707871181958453e-06
58 3.7193361582463136e-06 2.375074376198479e-07 3.481828720626466e-06
59 3.836846100331886e-06 2.6822993704316485e-07 3.5686161632887217e-06
60 3.645362839723334e-06 2.702386871296916e-07 3.3751241525936422e-06
61 3.6640314408821273e-06 2.4697344191100006e-07 3.4170579989711273e-06
62 3.7180936839352778e-06 2.06064827520348e-07 3.5120288564149297e-06
63 3.6829638378007605e-06 1.9141850068698429e-07 3.4915453371137764e-06
64 3.695675740806081e-06 1.9009013875941223e-07 3.505585602046669e-06
65 3.6443614954819583e-06 1.7309124279180164e-07 3.4712702526901567e-06
66 3.6830841053692727e-06 2.6078886084501446e-07 3.4222952445242583e-06
67 3.6276813895214146e-06 1.8797153826528585e-07 3.439709851256129e-06
68 3.580842575839544e-06 1.5382200874776015e-07 3.4270205670917838e-06
69 3.5429801635092336e-06 1.7253941517170854e-07 3.3704407483375252e-06
70 3.5464396451970577e-06 1.648257213199995e-07 3.3816139238770583e-06
71 3.6608267150816114e-06 2.244745940809104e-07 3.436352121000701e-06
72 3.6012605692937525e-06 2.0872194567662876e-07 3.392538623617124e-06
73 3.7010800754223152e-06 2.086205646693229e-07 3.4924595107529923e-06
74 3.5243715613488655e-06 1.483239362372712e-07 3.3760476251115943e-06
75 3.632506289040568e-06 1.9117578209978887e-07 3.441330506940779e-06
76 3.6577890820111575e-06 1.7717695559050772e-07 3.4806121264206496e-06
77 3.5532993126324418e-06 2.032813766321588e-07 3.350017936000283e-06
78 3.6857165703557054e-06 1.691548710719244e-07 3.516561699283781e-06
79 3.560010132513657e-06 1.6748985893839952e-07 3.3925202735752576e-06
80 3.6876872718865555e-06 1.7291494987776239e-07 3.514772322008793e-06
81 3.5490687939672695e-06 1.7501506359542057e-07 3.374053730371849e-06
82 3.623307784084997e-06 1.4837772802792268e-07 3.4749300560570745e-06
83 3.60629460954823e-06 1.461135460190092e-07 3.460181063529221e-06
84 3.5469519373836205e-06 1.9023985914650817e-07 3.3567120782371124e-06
85 3.6947700889413523e-06 1.4966653286626047e-07 3.545103556075092e-06
86 3.6778234168189487e-06 1.8823109867906822e-07 3.4895923181398806e-06
87 3.7449101330542513e-06 2.2074745211081066e-07 3.5241626809434408e-06
88 3.550524720356661e-06 1.3810587815431653e-07 3.4124188422023444e-06
89 3.560913567761975e-06 1.4663740580751384e-07 3.414276161954461e-06
90 3.7104565995335034e-06 1.4398530574984e-07 3.5664712937836635e-06
91 3.712215044371512e-06 1.3445660829002787e-07 3.5777584360814844e-06
92 3.624188635381809e-06 1.686364843146596e-07 3.455552151067149e-06
93 3.6633829281001056e-06 1.1911584569934887e-07 3.5442670824007566e-06
94 3.7423874554524637e-06 1.5290050674998254e-07 3.589486948702481e-06
95 3.6968828145493714e-06 1.3718873093986987e-07 3.5596940836095014e-06
96 3.630338242681699e-06 1.478378566783995e-07 3.4825003860032996e-06
97 3.753735327901271e-06 1.2050509019317252e-07 3.6332302377080985e-06
98 3.815069325959696e-06 2.0643788252051822e-07 3.6086314434391776e-06
99 3.801107584847802e-06 1.5950717149515578e-07 3.641600413352646e-06
100 3.7032147517700773e-06 1.5292870079307759e-07 3.5502860509769997e-06
101 3.839805428068382e-06 1.6386711840539187e-07 3.6759383096629894e-06
102 3.7351194708458104e-06 1.3656569552864198e-07 3.5985537753171684e-06
103 3.837548323821205e-06 1.7399918395234196e-07 3.6635491398688633e-06
104 3.899474118423992e-06 1.4189943641095745e-07 3.7575746820130342e-06
105 3.7594965795786185e-06 1.2321511991049926e-07 3.6362814596681193e-06
106 3.893917252867211e-06 1.405190387460335e-07 3.753398214121178e-06
107 3.9601268190576046e-06 1.7569069777190874e-07 3.784436121285696e-06
108 3.851386312248513e-06 1.2197256897798032e-07 3.7294137432705324e-06
109 3.933062508823819e-06 1.3194055367748315e-07 3.8011219551463356e-06
110 3.999882907970169e-06 1.2288885063712942e-07 3.87699405733304e-06
111 4.0860385179881785e-06 1.1071707685678103e-07 3.975321441131398e-06
112 4.034064348275153e-06 1.519955692483995e-07 3.882068779026753e-06
113 4.068849828670507e-06 1.0896288925460627e-07 3.959886939415901e-06
114 4.083265959793609e-06 1.1827658623833155e-07 3.964989373555277e-06
115 4.0469371279457265e-06 1.3040582670709364e-07 3.9165313012386325e-06
116 4.211514831846544e-06 1.44425051150841e-07 4.067089780695703e-06
117 4.124954136301666e-06 1.4402861272882984e-07 3.9809255235728355e-06
118 4.128032148232577e-06 1.5649534148965955e-07 3.971536806742917e-06
119 4.162462085849524e-06 1.4529885217909863e-07 4.017163233670425e-06
120 4.153377463916337e-06 1.5324582758098146e-07 4.000131636335356e-06
121 4.328717836043461e-06 1.272806320115782e-07 4.201437204031882e-06
122 4.322580975511291e-06 1.4485896209661595e-07 4.177722013414675e-06
123 4.299326451692481e-06 1.092504642402078e-07 4.1900759874522726e-06
124 4.390892594910404e-06 1.3731588282467012e-07 4.253576712085735e-06
125 4.4015443699761475e-06 1.5702025026688957e-07 4.244524119709258e-06
126 4.461133661342561e-06 1.908769624858991e-07 4.270256698856662e-06
127 4.631275432654097e-06 3.5677982519011045e-07 4.274495607463987e-06
128 4.662843752314467e-06 3.814050459375434e-07 4.2814387063769235e-06
