2 1.8208e-06 1.3309e-05 4.3548e-07 1063.3000
3 1.8209e-06 1.5939e-05 3.7881e-07 503.8200
4 1.8211e-06 1.1662e-05 3.5854e-07 286.3900
5 1.8214e-06 1.2466e-05 3.5110e-07 182.9800
6 1.8217e-06 1.0443e-05 3.4533e-07 126.8100
7 1.8220e-06 9.8983e-06 3.4329e-07 93.2220
8 1.8224e-06 9.1409e-06 3.4060e-07 71.6580
9 1.8229e-06 8.4971e-06 3.3994e-07 57.0200
10 1.8234e-06 8.4303e-06 3.3836e-07 46.6130
11 1.8240e-06 7.7068e-06 3.3594e-07 38.9650
12 1.8246e-06 7.3498e-06 3.3347e-07 33.1590
13 1.8252e-06 6.8513e-06 3.3138e-07 28.6460
14 1.8259e-06 6.6719e-06 3.2997e-07 25.0630
15 1.8267e-06 6.3965e-06 3.2935e-07 22.1730
16 1.8275e-06 6.3308e-06 3.2954e-07 19.7970
17 1.8283e-06 5.8686e-06 3.3043e-07 17.8240
18 1.8292e-06 5.6279e-06 3.3183e-07 16.1610
19 1.8302e-06 5.0965e-06 3.3346e-07 14.7470
20 1.8312e-06 5.0781e-06 3.3497e-07 13.5340
21 1.8322e-06 4.8434e-06 3.3602e-07 12.4850
22 1.8333e-06 4.6962e-06 3.3662e-07 11.5700
23 1.8345e-06 4.3847e-06 3.3687e-07 10.7670
24 1.8357e-06 4.4049e-06 3.3682e-07 10.0580
25 1.8370e-06 4.1573e-06 3.3657e-07 9.4283
26 1.8383e-06 4.0600e-06 3.3617e-07 8.8663
27 1.8396e-06 3.9721e-06 3.3568e-07 8.3620
28 1.8411e-06 3.8761e-06 3.3516e-07 7.9067
29 1.8425e-06 3.6851e-06 3.3465e-07 7.4946
30 1.8441e-06 3.6881e-06 3.3420e-07 7.1205
31 1.8456e-06 3.6913e-06 3.3384e-07 6.7797
32 1.8472e-06 3.6945e-06 3.3358e-07 6.4682
33 1.8489e-06 3.6979e-06 3.3343e-07 6.1827
34 1.8506e-06 3.7013e-06 3.3338e-07 5.9199
35 1.8524e-06 3.7049e-06 3.3342e-07 5.6773
36 1.8543e-06 3.7086e-06 3.3354e-07 5.4530
37 1.8561e-06 3.7123e-06 3.3373e-07 5.2449
38 1.8581e-06 3.7162e-06 3.3395e-07 5.0517
39 1.8601e-06 3.7202e-06 3.3419e-07 4.8719
40 1.8621e-06 3.7243e-06 3.3442e-07 4.7042
41 1.8642e-06 3.7285e-06 3.3461e-07 4.5473
42 1.8664e-06 3.7328e-06 3.3476e-07 4.4003
43 1.8686e-06 3.7372e-06 3.3488e-07 4.2626
44 1.8708e-06 3.7417e-06 3.3499e-07 4.1332
45 1.8731e-06 3.7463e-06 3.3508e-07 4.0115
46 1.8755e-06 3.7511e-06 3.3517e-07 3.8969
47 1.8779e-06 3.7559e-06 3.3527e-07 3.7888
48 1.8804e-06 3.7609e-06 3.3537e-07 3.6868
49 1.8830e-06 3.7659e-06 3.3548e-07 3.5903
50 1.8855e-06 3.7711e-06 3.3560e-07 3.4987
51 1.8882e-06 3.7764e-06 3.3574e-07 3.4118
52 1.8909e-06 3.7818e-06 3.3589e-07 3.3294
53 1.8936e-06 3.7873e-06 3.3607e-07 3.2511
54 1.8964e-06 3.7929e-06 3.3626e-07 3.1766
55 1.8993e-06 3.7987e-06 3.3647e-07 3.1058
56 1.9022e-06 3.8045e-06 3.3670e-07 3.0385
57 1.9052e-06 3.8105e-06 3.3694e-07 2.9743
58 1.9083e-06 3.8165e-06 3.3720e-07 2.9131
59 1.9113e-06 3.8227e-06 3.3746e-07 2.8548
60 1.9145e-06 3.8290e-06 3.3773e-07 2.7990
61 1.9177e-06 3.8355e-06 3.3801e-07 2.7455
62 1.9210e-06 3.8420e-06 3.3828e-07 2.6944
63 1.9243e-06 3.8486e-06 3.3856e-07 2.6454
64 1.9277e-06 3.8554e-06 3.3885e-07 2.5984
65 1.9311e-06 3.8623e-06 3.3915e-07 2.5534
66 1.9346e-06 3.8693e-06 3.3945e-07 2.5102
67 1.9382e-06 3.8764e-06 3.3976e-07 2.4687
68 1.9418e-06 3.8837e-06 3.4008e-07 2.4288
69 1.9455e-06 3.8911e-06 3.4041e-07 2.3905
70 1.9493e-06 3.8985e-06 3.4074e-07 2.3536
71 1.9531e-06 3.9062e-06 3.4108e-07 2.3182
72 1.9569e-06 3.9139e-06 3.4143e-07 2.2841
73 1.9609e-06 3.9217e-06 3.4178e-07 2.2512
74 1.9648e-06 3.9297e-06 3.4214e-07 2.2196
75 1.9689e-06 3.9378e-06 3.4251e-07 2.1890
76 1.9730e-06 3.9461e-06 3.4289e-07 2.1596
77 1.9772e-06 3.9544e-06 3.4327e-07 2.1311
78 1.9814e-06 3.9629e-06 3.4366e-07 2.1036
79 1.9857e-06 3.9715e-06 3.4406e-07 2.0771
80 1.9901e-06 3.9802e-06 3.4445e-07 2.0514
81 1.9945e-06 3.9891e-06 3.4486e-07 2.0266
82 1.9990e-06 3.9981e-06 3.4526e-07 2.0027
83 2.0036e-06 4.0072e-06 3.4567e-07 1.9795
84 2.0082e-06 4.0165e-06 3.4609e-07 1.9570
85 2.0129e-06 4.0259e-06 3.4651e-07 1.9352
86 2.0177e-06 4.0354e-06 3.4693e-07 1.9142
87 2.0225e-06 4.0450e-06 3.4736e-07 1.8937
88 2.0274e-06 4.0548e-06 3.4779e-07 1.8739
89 2.0324e-06 4.0648e-06 3.4822e-07 1.8547
90 2.0374e-06 4.0748e-06 3.4865e-07 1.8361
91 2.0425e-06 4.0850e-06 3.4909e-07 1.8180
92 2.0477e-06 4.0953e-06 3.4953e-07 1.8004
93 2.0529e-06 4.1058e-06 3.4997e-07 1.7833
94 2.0582e-06 4.1164e-06 3.5041e-07 1.7667
95 2.0636e-06 4.1272e-06 3.5085e-07 1.7505
96 2.0690e-06 4.1381e-06 3.5130e-07 1.7348
97 2.0745e-06 4.1491e-06 3.5174e-07 1.7195
98 2.0801e-06 4.1603e-06 3.5219e-07 1.7046
99 2.0858e-06 4.1716e-06 3.5264e-07 1.6900
100 2.0915e-06 4.1831e-06 3.5308e-07 1.6759
101 2.0974e-06 4.1947e-06 3.5353e-07 1.6621
102 2.1032e-06 4.2065e-06 3.5397e-07 1.6486
103 2.1092e-06 4.2184e-06 3.5441e-07 1.6354
104 2.1152e-06 4.2305e-06 3.5485e-07 1.6226
105 2.1213e-06 4.2427e-06 3.5530e-07 1.6100
106 2.1275e-06 4.2551e-06 3.5573e-07 1.5977
107 2.1338e-06 4.2676e-06 3.5617e-07 1.5857
108 2.1401e-06 4.2803e-06 3.5661e-07 1.5740
109 2.1465e-06 4.2931e-06 3.5704e-07 1.5625
110 2.1530e-06 4.3061e-06 3.5747e-07 1.5513
111 2.1596e-06 4.3193e-06 3.5790e-07 1.5402
112 2.1663e-06 4.3326e-06 3.5832e-07 1.5295
113 2.1730e-06 4.3460e-06 3.5874e-07 1.5189
114 2.1798e-06 4.3597e-06 3.5916e-07 1.5085
115 2.1867e-06 4.3735e-06 3.5957e-07 1.4983
116 2.1937e-06 4.3874e-06 3.5998e-07 1.4883
117 2.2007e-06 4.4015e-06 3.6039e-07 1.4784
118 2.2079e-06 4.4158e-06 3.6079e-07 1.4688
119 2.2151e-06 4.4303e-06 3.6118e-07 1.4592
120 2.2224e-06 4.4449e-06 3.6158e-07 1.4499
121 2.2298e-06 4.4597e-06 3.6196e-07 1.4407
122 2.2373e-06 4.4747e-06 3.6234e-07 1.4316
123 2.2449e-06 4.4898e-06 3.6272e-07 1.4227
124 2.2525e-06 4.5051e-06 3.6309e-07 1.4139
125 2.2603e-06 4.5206e-06 3.6346e-07 1.4052
126 2.2681e-06 4.5363e-06 3.6382e-07 1.3966
127 2.2761e-06 4.5521e-06 3.6418e-07 1.3882
128 2.2841e-06 4.5682e-06 3.6452e-07 1.3798
129 2.2922e-06 4.5844e-06 3.6487e-07 1.3716
130 2.3004e-06 4.6008e-06 3.6521e-07 1.3634
131 2.3087e-06 4.6174e-06 3.6554e-07 1.3553
132 2.3171e-06 4.6342e-06 3.6586e-07 1.3473
133 2.3255e-06 4.6511e-06 3.6618e-07 1.3394
134 2.3341e-06 4.6683e-06 3.6649e-07 1.3316
135 2.3428e-06 4.6856e-06 3.6680e-07 1.3239
136 2.3515e-06 4.7031e-06 3.6710e-07 1.3162
137 2.3604e-06 4.7209e-06 3.6740e-07 1.3086
138 2.3694e-06 4.7388e-06 3.6768e-07 1.3011
139 2.3784e-06 4.7569e-06 3.6797e-07 1.2936
140 2.3876e-06 4.7753e-06 3.6824e-07 1.2861
141 2.3969e-06 4.7938e-06 3.6851e-07 1.2788
142 2.4062e-06 4.8125e-06 3.6877e-07 1.2715
143 2.4157e-06 4.8315e-06 3.6903e-07 1.2642
144 2.4253e-06 4.8506e-06 3.6928e-07 1.2570
145 2.4350e-06 4.8700e-06 3.6952e-07 1.2498
146 2.4447e-06 4.8895e-06 3.6976e-07 1.2426
147 2.4546e-06 4.9093e-06 3.6999e-07 1.2355
148 2.4646e-06 4.9293e-06 3.7022e-07 1.2284
149 2.4747e-06 4.9495e-06 3.7044e-07 1.2214
150 2.4850e-06 4.9700e-06 3.7065e-07 1.2143
151 2.4953e-06 4.9906e-06 3.7086e-07 1.2074
152 2.5057e-06 5.0115e-06 3.7106e-07 1.2004
153 2.5163e-06 5.0326e-06 3.7126e-07 1.1935
154 2.5269e-06 5.0539e-06 3.7145e-07 1.1865
155 2.5377e-06 5.0755e-06 3.7163e-07 1.1797
156 2.5486e-06 5.0973e-06 3.7181e-07 1.1728
157 2.5596e-06 5.1193e-06 3.7199e-07 1.1659
158 2.5708e-06 5.1416e-06 3.7216e-07 1.1591
159 2.5820e-06 5.1641e-06 3.7233e-07 1.1523
160 2.5934e-06 5.1868e-06 3.7249e-07 1.1455
161 2.6049e-06 5.2098e-06 3.7265e-07 1.1387
162 2.6165e-06 5.2330e-06 3.7280e-07 1.1319
163 2.6282e-06 5.2565e-06 3.7295e-07 1.1251
164 2.6401e-06 5.2803e-06 3.7310e-07 1.1183
165 2.6521e-06 5.3042e-06 3.7324e-07 1.1116
166 2.6642e-06 5.3285e-06 3.7338e-07 1.1048
167 2.6765e-06 5.3530e-06 3.7352e-07 1.0981
168 2.6888e-06 5.3777e-06 3.7365e-07 1.0913
169 2.7014e-06 5.4028e-06 3.7379e-07 1.0846
170 2.7140e-06 5.4280e-06 3.7391e-07 1.0778
171 2.7268e-06 5.4536e-06 3.7404e-07 1.0711
172 2.7397e-06 5.4794e-06 3.7417e-07 1.0644
173 2.7527e-06 5.5055e-06 3.7429e-07 1.0576
174 2.7659e-06 5.5319e-06 3.7441e-07 1.0509
175 2.7793e-06 5.5586e-06 3.7453e-07 1.0442
176 2.7927e-06 5.5855e-06 3.7465e-07 1.0375
177 2.8063e-06 5.6127e-06 3.7477e-07 1.0307
178 2.8201e-06 5.6402e-06 3.7489e-07 1.0240
179 2.8340e-06 5.6680e-06 3.7501e-07 1.0173
180 2.8480e-06 5.6961e-06 3.7513e-07 1.0106
181 2.8622e-06 5.7245e-06 3.7525e-07 1.0038
182 2.8766e-06 5.7532e-06 3.7537e-07 0.9971
183 2.8911e-06 5.7822e-06 3.7549e-07 0.9904
184 2.9057e-06 5.8115e-06 3.7561e-07 0.9836
185 2.9205e-06 5.8411e-06 3.7573e-07 0.9769
186 2.9355e-06 5.8710e-06 3.7586e-07 0.9701
187 2.9506e-06 5.9012e-06 3.7599e-07 0.9634
188 2.9659e-06 5.9318e-06 3.7612e-07 0.9567
189 2.9813e-06 5.9627e-06 3.7625e-07 0.9499
190 2.9969e-06 5.9939e-06 3.7639e-07 0.9432
191 3.0127e-06 6.0254e-06 3.7653e-07 0.9364
192 3.0286e-06 6.0572e-06 3.7667e-07 0.9297
193 3.0447e-06 6.0894e-06 3.7682e-07 0.9229
194 3.0610e-06 6.1220e-06 3.7697e-07 0.9162
195 3.0774e-06 6.1549e-06 3.7713e-07 0.9094
196 3.0940e-06 6.1881e-06 3.7729e-07 0.9026
197 3.1108e-06 6.2217e-06 3.7746e-07 0.8959
198 3.1278e-06 6.2556e-06 3.7763e-07 0.8891
199 3.1449e-06 6.2899e-06 3.7781e-07 0.8824
200 3.1622e-06 6.3245e-06 3.7799e-07 0.8756
201 3.1797e-06 6.3595e-06 3.7818e-07 0.8689
202 3.1974e-06 6.3949e-06 3.7838e-07 0.8621
203 3.2153e-06 6.4307e-06 3.7859e-07 0.8553
204 3.2334e-06 6.4668e-06 3.7880e-07 0.8486
205 3.2516e-06 6.5033e-06 3.7902e-07 0.8418
206 3.2701e-06 6.5402e-06 3.7924e-07 0.8351
207 3.2887e-06 6.5775e-06 3.7948e-07 0.8283
208 3.3076e-06 6.6152e-06 3.7972e-07 0.8216
209 3.3266e-06 6.6533e-06 3.7998e-07 0.8148
210 3.3459e-06 6.6918e-06 3.8024e-07 0.8081
211 3.3653e-06 6.7307e-06 3.8051e-07 0.8014
212 3.3850e-06 6.7700e-06 3.8079e-07 0.7946
213 3.4048e-06 6.8097e-06 3.8108e-07 0.7879
214 3.4249e-06 6.8498e-06 3.8138e-07 0.7812
215 3.4452e-06 6.8904e-06 3.8169e-07 0.7744
216 3.4657e-06 6.9314e-06 3.8202e-07 0.7677
217 3.4864e-06 6.9728e-06 3.8235e-07 0.7610
218 3.5073e-06 7.0147e-06 3.8270e-07 0.7543
219 3.5285e-06 7.0570e-06 3.8305e-07 0.7477
220 3.5499e-06 7.0998e-06 3.8342e-07 0.7410
221 3.5715e-06 7.1430e-06 3.8381e-07 0.7343
222 3.5933e-06 7.1867e-06 3.8420e-07 0.7277
223 3.6154e-06 7.2309e-06 3.8461e-07 0.7210
224 3.6377e-06 7.2755e-06 3.8503e-07 0.7144
225 3.6603e-06 7.3206e-06 3.8546e-07 0.7077
226 3.6831e-06 7.3662e-06 3.8591e-07 0.7011
227 3.7061e-06 7.4123e-06 3.8638e-07 0.6945
228 3.7294e-06 7.4588e-06 3.8685e-07 0.6879
229 3.7529e-06 7.5059e-06 3.8734e-07 0.6814
230 3.7767e-06 7.5535e-06 3.8785e-07 0.6748
231 3.8007e-06 7.6015e-06 3.8837e-07 0.6683
232 3.8250e-06 7.6501e-06 3.8891e-07 0.6617
233 3.8496e-06 7.6993e-06 3.8947e-07 0.6552
234 3.8744e-06 7.7489e-06 3.9004e-07 0.6487
235 3.8995e-06 7.7991e-06 3.9062e-07 0.6423
236 3.9249e-06 7.8498e-06 3.9123e-07 0.6358
237 3.9505e-06 7.9011e-06 3.9185e-07 0.6294
238 3.9764e-06 7.9529e-06 3.9248e-07 0.6229
239 4.0026e-06 8.0053e-06 3.9314e-07 0.6165
240 4.0291e-06 8.0582e-06 3.9381e-07 0.6102
241 4.0558e-06 8.1117e-06 3.9450e-07 0.6038
242 4.0829e-06 8.1658e-06 3.9521e-07 0.5975
243 4.1102e-06 8.2205e-06 3.9594e-07 0.5911
244 4.1379e-06 8.2758e-06 3.9669e-07 0.5848
245 4.1658e-06 8.3317e-06 3.9745e-07 0.5786
246 4.1940e-06 8.3881e-06 3.9824e-07 0.5723
247 4.2226e-06 8.4453e-06 3.9905e-07 0.5661
248 4.2515e-06 8.5030e-06 3.9987e-07 0.5599
249 4.2806e-06 8.5613e-06 4.0072e-07 0.5537
250 4.3101e-06 8.6203e-06 4.0159e-07 0.5476
251 4.3399e-06 8.6800e-06 4.0247e-07 0.5415
252 4.3701e-06 8.7402e-06 4.0338e-07 0.5354
253 4.4006e-06 8.8012e-06 4.0431e-07 0.5293
254 4.4314e-06 8.8628e-06 4.0527e-07 0.5233
255 4.4625e-06 8.9251e-06 4.0624e-07 0.5173
256 4.4940e-06 8.9881e-06 4.0724e-07 0.5113
257 4.5258e-06 9.0517e-06 4.0826e-07 0.5054
258 4.5580e-06 9.1161e-06 4.0930e-07 0.4995
259 4.5906e-06 9.1812e-06 4.1037e-07 0.4936
260 4.6235e-06 9.2470e-06 4.1146e-07 0.4877
261 4.6567e-06 9.3135e-06 4.1257e-07 0.4819
262 4.6904e-06 9.3808e-06 4.1371e-07 0.4761
263 4.7244e-06 9.4488e-06 4.1487e-07 0.4703
264 4.7587e-06 9.5176e-06 4.1605e-07 0.4646
265 4.7935e-06 9.5871e-06 4.1726e-07 0.4589
266 4.8287e-06 9.6574e-06 4.1850e-07 0.4533
267 4.8642e-06 9.7285e-06 4.1976e-07 0.4476
268 4.9001e-06 9.8004e-06 4.2105e-07 0.4421
269 4.9365e-06 9.8730e-06 4.2236e-07 0.4365
270 4.9732e-06 9.9465e-06 4.2370e-07 0.4310
271 5.0104e-06 1.0021e-05 4.2506e-07 0.4255
272 5.0480e-06 1.0096e-05 4.2645e-07 0.4201
273 5.0859e-06 1.0172e-05 4.2787e-07 0.4147
274 5.1244e-06 1.0249e-05 4.2932e-07 0.4093
275 5.1632e-06 1.0327e-05 4.3079e-07 0.4040
276 5.2025e-06 1.0405e-05 4.3229e-07 0.3987
277 5.2422e-06 1.0485e-05 4.3382e-07 0.3934
278 5.2824e-06 1.0565e-05 4.3538e-07 0.3882
279 5.3231e-06 1.0646e-05 4.3697e-07 0.3831
280 5.3642e-06 1.0728e-05 4.3859e-07 0.3779
281 5.4057e-06 1.0812e-05 4.4023e-07 0.3729
282 5.4478e-06 1.0896e-05 4.4191e-07 0.3678
283 5.4903e-06 1.0981e-05 4.4361e-07 0.3628
284 5.5333e-06 1.1067e-05 4.4534e-07 0.3578
285 5.5767e-06 1.1154e-05 4.4711e-07 0.3529
286 5.6207e-06 1.1242e-05 4.4890e-07 0.3480
287 5.6652e-06 1.1331e-05 4.5073e-07 0.3432
288 5.7102e-06 1.1421e-05 4.5259e-07 0.3384
289 5.7557e-06 1.1512e-05 4.5448e-07 0.3336
290 5.8017e-06 1.1604e-05 4.5640e-07 0.3289
291 5.8483e-06 1.1697e-05 4.5835e-07 0.3243
292 5.8954e-06 1.1791e-05 4.6034e-07 0.3196
293 5.9430e-06 1.1886e-05 4.6235e-07 0.3150
294 5.9912e-06 1.1983e-05 4.6440e-07 0.3105
295 6.0400e-06 1.2080e-05 4.6649e-07 0.3060
296 6.0893e-06 1.2179e-05 4.6860e-07 0.3016
297 6.1391e-06 1.2278e-05 4.7075e-07 0.2972
298 6.1896e-06 1.2379e-05 4.7294e-07 0.2928
299 6.2406e-06 1.2481e-05 4.7515e-07 0.2885
300 6.2923e-06 1.2585e-05 4.7741e-07 0.2842
301 6.3445e-06 1.2689e-05 4.7969e-07 0.2800
302 6.3974e-06 1.2795e-05 4.8202e-07 0.2758
303 6.4508e-06 1.2902e-05 4.8437e-07 0.2716
304 6.5049e-06 1.3010e-05 4.8676e-07 0.2675
305 6.5596e-06 1.3119e-05 4.8919e-07 0.2635
306 6.6150e-06 1.3230e-05 4.9166e-07 0.2595
307 6.6710e-06 1.3342e-05 4.9416e-07 0.2555
308 6.7277e-06 1.3455e-05 4.9669e-07 0.2516
309 6.7850e-06 1.3570e-05 4.9926e-07 0.2477
310 6.8431e-06 1.3686e-05 5.0187e-07 0.2439
311 6.9018e-06 1.3804e-05 5.0452e-07 0.2401
312 6.9612e-06 1.3922e-05 5.0720e-07 0.2364
313 7.0213e-06 1.4043e-05 5.0992e-07 0.2327
314 7.0821e-06 1.4164e-05 5.1268e-07 0.2291
315 7.1436e-06 1.4287e-05 5.1548e-07 0.2255
316 7.2059e-06 1.4412e-05 5.1831e-07 0.2219
317 7.2689e-06 1.4538e-05 5.2118e-07 0.2185
318 7.3327e-06 1.4665e-05 5.2409e-07 0.2150
319 7.3972e-06 1.4795e-05 5.2704e-07 0.2116
320 7.4625e-06 1.4925e-05 5.3002e-07 0.2082
321 7.5286e-06 1.5057e-05 5.3305e-07 0.2049
322 7.5955e-06 1.5191e-05 5.3611e-07 0.2016
323 7.6632e-06 1.5326e-05 5.3922e-07 0.1984
324 7.7317e-06 1.5463e-05 5.4236e-07 0.1952
325 7.8010e-06 1.5602e-05 5.4554e-07 0.1921
326 7.8712e-06 1.5742e-05 5.4876e-07 0.1890
327 7.9422e-06 1.5884e-05 5.5202e-07 0.1860
328 8.0140e-06 1.6028e-05 5.5532e-07 0.1830
329 8.0868e-06 1.6174e-05 5.5866e-07 0.1800
330 8.1604e-06 1.6321e-05 5.6204e-07 0.1771
331 8.2350e-06 1.6470e-05 5.6545e-07 0.1742
332 8.3104e-06 1.6621e-05 5.6891e-07 0.1714
333 8.3868e-06 1.6774e-05 5.7241e-07 0.1686
334 8.4640e-06 1.6928e-05 5.7594e-07 0.1658
335 8.5423e-06 1.7085e-05 5.7952e-07 0.1631
336 8.6215e-06 1.7243e-05 5.8313e-07 0.1605
337 8.7017e-06 1.7403e-05 5.8679e-07 0.1579
338 8.7828e-06 1.7566e-05 5.9048e-07 0.1553
339 8.8650e-06 1.7730e-05 5.9421e-07 0.1528
340 8.9482e-06 1.7896e-05 5.9799e-07 0.1503
341 9.0324e-06 1.8065e-05 6.0180e-07 0.1479
342 9.1176e-06 1.8235e-05 6.0565e-07 0.1455
343 9.2039e-06 1.8408e-05 6.0953e-07 0.1431
344 9.2913e-06 1.8583e-05 6.1346e-07 0.1408
345 9.3798e-06 1.8760e-05 6.1743e-07 0.1385
346 9.4693e-06 1.8939e-05 6.2143e-07 0.1363
347 9.5600e-06 1.9120e-05 6.2547e-07 0.1341
348 9.6518e-06 1.9304e-05 6.2955e-07 0.1319
349 9.7448e-06 1.9490e-05 6.3366e-07 0.1298
350 9.8389e-06 1.9678e-05 6.3781e-07 0.1278
351 9.9342e-06 1.9869e-05 6.4200e-07 0.1257
352 1.0031e-05 2.0062e-05 6.4623e-07 0.1237
353 1.0128e-05 2.0257e-05 6.5049e-07 0.1218
354 1.0227e-05 2.0455e-05 6.5478e-07 0.1199
355 1.0328e-05 2.0655e-05 6.5911e-07 0.1180
356 1.0429e-05 2.0858e-05 6.6347e-07 0.1162
357 1.0532e-05 2.1064e-05 6.6787e-07 0.1144
358 1.0636e-05 2.1272e-05 6.7230e-07 0.1126
359 1.0741e-05 2.1483e-05 6.7676e-07 0.1109
360 1.0848e-05 2.1696e-05 6.8126e-07 0.1092
361 1.0956e-05 2.1913e-05 6.8579e-07 0.1076
362 1.1066e-05 2.2132e-05 6.9034e-07 0.1060
363 1.1177e-05 2.2353e-05 6.9493e-07 0.1044
364 1.1289e-05 2.2578e-05 6.9955e-07 0.1029
365 1.1403e-05 2.2805e-05 7.0419e-07 0.1013
366 1.1518e-05 2.3036e-05 7.0887e-07 0.0999
367 1.1635e-05 2.3269e-05 7.1357e-07 0.0984
368 1.1753e-05 2.3506e-05 7.1829e-07 0.0970
369 1.1872e-05 2.3745e-05 7.2305e-07 0.0957
370 1.1994e-05 2.3988e-05 7.2782e-07 0.0943
371 1.2117e-05 2.4233e-05 7.3262e-07 0.0930
372 1.2241e-05 2.4482e-05 7.3744e-07 0.0918
373 1.2367e-05 2.4734e-05 7.4229e-07 0.0905
374 1.2495e-05 2.4990e-05 7.4715e-07 0.0893
375 1.2624e-05 2.5248e-05 7.5203e-07 0.0882
376 1.2755e-05 2.5511e-05 7.5694e-07 0.0870
377 1.2888e-05 2.5776e-05 7.6185e-07 0.0859
378 1.3022e-05 2.6045e-05 7.6679e-07 0.0848
379 1.3159e-05 2.6318e-05 7.7174e-07 0.0838
380 1.3297e-05 2.6594e-05 7.7670e-07 0.0827
381 1.3437e-05 2.6874e-05 7.8168e-07 0.0817
382 1.3578e-05 2.7157e-05 7.8666e-07 0.0808
383 1.3722e-05 2.7444e-05 7.9166e-07 0.0798
384 1.3867e-05 2.7735e-05 7.9667e-07 0.0789
385 1.4015e-05 2.8030e-05 8.0168e-07 0.0780
386 1.4164e-05 2.8329e-05 8.0670e-07 0.0772
387 1.4316e-05 2.8631e-05 8.1172e-07 0.0763
388 1.4469e-05 2.8938e-05 8.1674e-07 0.0755
389 1.4624e-05 2.9249e-05 8.2177e-07 0.0748
390 1.4782e-05 2.9564e-05 8.2680e-07 0.0740
391 1.4942e-05 2.9883e-05 8.3182e-07 0.0733
392 1.5103e-05 3.0207e-05 8.3685e-07 0.0726
393 1.5267e-05 3.0535e-05 8.4187e-07 0.0719
394 1.5433e-05 3.0867e-05 8.4688e-07 0.0712
395 1.5602e-05 3.1204e-05 8.5189e-07 0.0706
396 1.5772e-05 3.1545e-05 8.5689e-07 0.0700
397 1.5945e-05 3.1891e-05 8.6187e-07 0.0694
398 1.6120e-05 3.2241e-05 8.6685e-07 0.0688
399 1.6298e-05 3.2597e-05 8.7182e-07 0.0683
400 1.6478e-05 3.2957e-05 8.7677e-07 0.0678
401 1.6661e-05 3.3322e-05 8.8170e-07 0.0673
402 1.6846e-05 3.3692e-05 8.8662e-07 0.0668
403 1.7033e-05 3.4067e-05 8.9151e-07 0.0663
404 1.7223e-05 3.4447e-05 8.9639e-07 0.0659
405 1.7416e-05 3.4832e-05 9.0125e-07 0.0654
406 1.7611e-05 3.5223e-05 9.0608e-07 0.0650
407 1.7809e-05 3.5619e-05 9.1089e-07 0.0647
408 1.8010e-05 3.6020e-05 9.1567e-07 0.0643
409 1.8213e-05 3.6427e-05 9.2043e-07 0.0639
410 1.8420e-05 3.6839e-05 9.2516e-07 0.0636
411 1.8629e-05 3.7258e-05 9.2986e-07 0.0633
412 1.8841e-05 3.7682e-05 9.3452e-07 0.0630
413 1.9056e-05 3.8112e-05 9.3916e-07 0.0627
414 1.9274e-05 3.8547e-05 9.4376e-07 0.0624
415 1.9495e-05 3.8989e-05 9.4832e-07 0.0622
416 1.9719e-05 3.9437e-05 9.5285e-07 0.0619
417 1.9946e-05 3.9892e-05 9.5735e-07 0.0617
418 2.0176e-05 4.0352e-05 9.6180e-07 0.0615
419 2.0410e-05 4.0819e-05 9.6622e-07 0.0613
420 2.0646e-05 4.1293e-05 9.7060e-07 0.0611
421 2.0887e-05 4.1773e-05 9.7494e-07 0.0609
422 2.1130e-05 4.2260e-05 9.7923e-07 0.0608
423 2.1377e-05 4.2754e-05 9.8348e-07 0.0606
424 2.1627e-05 4.3255e-05 9.8769e-07 0.0605
425 2.1881e-05 4.3763e-05 9.9186e-07 0.0604
426 2.2139e-05 4.4278e-05 9.9598e-07 0.0602
427 2.2400e-05 4.4800e-05 1.0001e-06 0.0601
428 2.2665e-05 4.5330e-05 1.0041e-06 0.0600
429 2.2934e-05 4.5867e-05 1.0081e-06 0.0600
430 2.3206e-05 4.6412e-05 1.0120e-06 0.0599
431 2.3482e-05 4.6965e-05 1.0159e-06 0.0598
432 2.3763e-05 4.7526e-05 1.0197e-06 0.0597
433 2.4047e-05 4.8094e-05 1.0235e-06 0.0597
434 2.4335e-05 4.8671e-05 1.0273e-06 0.0597
435 2.4628e-05 4.9256e-05 1.0310e-06 0.0596
436 2.4925e-05 4.9849e-05 1.0347e-06 0.0596
437 2.5226e-05 5.0451e-05 1.0383e-06 0.0596
438 2.5531e-05 5.1062e-05 1.0418e-06 0.0596
439 2.5841e-05 5.1681e-05 1.0453e-06 0.0595
440 2.6155e-05 5.2310e-05 1.0488e-06 0.0595
441 2.6473e-05 5.2947e-05 1.0522e-06 0.0595
442 2.6797e-05 5.3594e-05 1.0556e-06 0.0596
443 2.7125e-05 5.4250e-05 1.0589e-06 0.0596
444 2.7458e-05 5.4916e-05 1.0622e-06 0.0596
445 2.7795e-05 5.5591e-05 1.0654e-06 0.0596
446 2.8138e-05 5.6276e-05 1.0686e-06 0.0596
447 2.8486e-05 5.6972e-05 1.0718e-06 0.0597
448 2.8838e-05 5.7677e-05 1.0749e-06 0.0597
449 2.9196e-05 5.8393e-05 1.0780e-06 0.0598
450 2.9559e-05 5.9119e-05 1.0810e-06 0.0598
451 2.9928e-05 5.9856e-05 1.0840e-06 0.0599
452 3.0301e-05 6.0604e-05 1.0869e-06 0.0599
453 3.0681e-05 6.1362e-05 1.0898e-06 0.0600
454 3.1066e-05 6.2132e-05 1.0927e-06 0.0600
455 3.1457e-05 6.2914e-05 1.0955e-06 0.0601
456 3.1853e-05 6.3707e-05 1.0983e-06 0.0601
457 3.2255e-05 6.4511e-05 1.1011e-06 0.0602
458 3.2664e-05 6.5328e-05 1.1038e-06 0.0603
459 3.3078e-05 6.6157e-05 1.1066e-06 0.0603
460 3.3499e-05 6.6998e-05 1.1092e-06 0.0604
461 3.3926e-05 6.7852e-05 1.1119e-06 0.0605
462 3.4359e-05 6.8718e-05 1.1145e-06 0.0605
463 3.4799e-05 6.9598e-05 1.1171e-06 0.0606
464 3.5245e-05 7.0490e-05 1.1196e-06 0.0607
465 3.5698e-05 7.1396e-05 1.1222e-06 0.0607
466 3.6158e-05 7.2316e-05 1.1247e-06 0.0608
467 3.6625e-05 7.3250e-05 1.1272e-06 0.0608
468 3.7098e-05 7.4197e-05 1.1297e-06 0.0609
469 3.7579e-05 7.5159e-05 1.1321e-06 0.0610
470 3.8068e-05 7.6136e-05 1.1346e-06 0.0610
471 3.8563e-05 7.7127e-05 1.1370e-06 0.0611
472 3.9067e-05 7.8134e-05 1.1394e-06 0.0611
473 3.9577e-05 7.9155e-05 1.1418e-06 0.0612
474 4.0096e-05 8.0193e-05 1.1442e-06 0.0612
475 4.0623e-05 8.1246e-05 1.1466e-06 0.0613
476 4.1157e-05 8.2315e-05 1.1490e-06 0.0613
477 4.1700e-05 8.3401e-05 1.1513e-06 0.0614
478 4.2251e-05 8.4503e-05 1.1537e-06 0.0614
479 4.2811e-05 8.5622e-05 1.1560e-06 0.0615
480 4.3379e-05 8.6758e-05 1.1584e-06 0.0615
481 4.3956e-05 8.7912e-05 1.1608e-06 0.0615
482 4.4541e-05 8.9084e-05 1.1631e-06 0.0616
483 4.5136e-05 9.0273e-05 1.1655e-06 0.0616
484 4.5740e-05 9.1481e-05 1.1678e-06 0.0616
485 4.6354e-05 9.2708e-05 1.1702e-06 0.0616
486 4.6977e-05 9.3954e-05 1.1726e-06 0.0616
487 4.7609e-05 9.5219e-05 1.1750e-06 0.0617
488 4.8252e-05 9.6504e-05 1.1774e-06 0.0617
489 4.8904e-05 9.7809e-05 1.1798e-06 0.0617
490 4.9567e-05 9.9134e-05 1.1822e-06 0.0617
491 5.0240e-05 1.0048e-04 1.1846e-06 0.0617
492 5.0923e-05 1.0185e-04 1.1871e-06 0.0617
493 5.1618e-05 1.0324e-04 1.1896e-06 0.0617
494 5.2323e-05 1.0465e-04 1.1921e-06 0.0617
495 5.3039e-05 1.0608e-04 1.1946e-06 0.0617
496 5.3766e-05 1.0753e-04 1.1971e-06 0.0616
497 5.4505e-05 1.0901e-04 1.1996e-06 0.0616
498 5.5256e-05 1.1051e-04 1.2022e-06 0.0616
499 5.6019e-05 1.1204e-04 1.2048e-06 0.0616
500 5.6793e-05 1.1359e-04 1.2075e-06 0.0615
501 5.7580e-05 1.1516e-04 1.2101e-06 0.0615
502 5.8380e-05 1.1676e-04 1.2128e-06 0.0614
503 5.9192e-05 1.1838e-04 1.2155e-06 0.0614
504 6.0017e-05 1.2004e-04 1.2183e-06 0.0613
505 6.0855e-05 1.2171e-04 1.2211e-06 0.0613
506 6.1707e-05 1.2341e-04 1.2239e-06 0.0612
507 6.2572e-05 1.2515e-04 1.2268e-06 0.0611
508 6.3451e-05 1.2690e-04 1.2297e-06 0.0610
509 6.4345e-05 1.2869e-04 1.2326e-06 0.0610
510 6.5253e-05 1.3051e-04 1.2356e-06 0.0609
511 6.6175e-05 1.3235e-04 1.2386e-06 0.0608
512 6.7112e-05 1.3423e-04 1.2417e-06 0.0607
513 6.8064e-05 1.3613e-04 1.2448e-06 0.0606
514 6.9032e-05 1.3807e-04 1.2479e-06 0.0605
515 7.0016e-05 1.4003e-04 1.2511e-06 0.0604
516 7.1015e-05 1.4203e-04 1.2544e-06 0.0602
517 7.2031e-05 1.4406e-04 1.2577e-06 0.0601
518 7.3063e-05 1.4613e-04 1.2610e-06 0.0600
519 7.4112e-05 1.4822e-04 1.2644e-06 0.0599
520 7.5178e-05 1.5036e-04 1.2679e-06 0.0597
521 7.6261e-05 1.5252e-04 1.2714e-06 0.0596
522 7.7363e-05 1.5473e-04 1.2750e-06 0.0595
523 7.8482e-05 1.5697e-04 1.2786e-06 0.0593
524 7.9620e-05 1.5924e-04 1.2823e-06 0.0591
525 8.0776e-05 1.6155e-04 1.2860e-06 0.0590
526 8.1952e-05 1.6390e-04 1.2898e-06 0.0588
527 8.3147e-05 1.6629e-04 1.2936e-06 0.0587
528 8.4361e-05 1.6872e-04 1.2976e-06 0.0585
529 8.5596e-05 1.7119e-04 1.3015e-06 0.0583
530 8.6851e-05 1.7370e-04 1.3056e-06 0.0581
531 8.8127e-05 1.7626e-04 1.3097e-06 0.0580
532 8.9424e-05 1.7885e-04 1.3139e-06 0.0578
533 9.0743e-05 1.8149e-04 1.3181e-06 0.0576
534 9.2084e-05 1.8417e-04 1.3224e-06 0.0574
535 9.3447e-05 1.8690e-04 1.3268e-06 0.0572
536 9.4833e-05 1.8967e-04 1.3312e-06 0.0570
537 9.6242e-05 1.9249e-04 1.3358e-06 0.0568
538 9.7675e-05 1.9535e-04 1.3403e-06 0.0566
539 9.9132e-05 1.9826e-04 1.3450e-06 0.0563
540 1.0061e-04 2.0123e-04 1.3497e-06 0.0561
541 1.0212e-04 2.0424e-04 1.3545e-06 0.0559
542 1.0365e-04 2.0730e-04 1.3594e-06 0.0557
543 1.0521e-04 2.1042e-04 1.3644e-06 0.0554
544 1.0679e-04 2.1359e-04 1.3694e-06 0.0552
545 1.0840e-04 2.1681e-04 1.3746e-06 0.0550
546 1.1004e-04 2.2008e-04 1.3798e-06 0.0547
547 1.1171e-04 2.2341e-04 1.3850e-06 0.0545
548 1.1340e-04 2.2680e-04 1.3904e-06 0.0542
549 1.1512e-04 2.3025e-04 1.3958e-06 0.0540
550 1.1688e-04 2.3375e-04 1.4014e-06 0.0537
551 1.1866e-04 2.3732e-04 1.4070e-06 0.0535
552 1.2047e-04 2.4094e-04 1.4127e-06 0.0532
553 1.2231e-04 2.4463e-04 1.4184e-06 0.0530
554 1.2419e-04 2.4838e-04 1.4243e-06 0.0527
555 1.2610e-04 2.5220e-04 1.4302e-06 0.0524
556 1.2804e-04 2.5608e-04 1.4363e-06 0.0522
557 1.3001e-04 2.6003e-04 1.4424e-06 0.0519
558 1.3202e-04 2.6404e-04 1.4486e-06 0.0516
559 1.3406e-04 2.6813e-04 1.4549e-06 0.0513
560 1.3614e-04 2.7228e-04 1.4613e-06 0.0510
561 1.3825e-04 2.7651e-04 1.4678e-06 0.0508
562 1.4041e-04 2.8081e-04 1.4744e-06 0.0505
563 1.4259e-04 2.8519e-04 1.4810e-06 0.0502
564 1.4482e-04 2.8964e-04 1.4878e-06 0.0499
565 1.4708e-04 2.9417e-04 1.4946e-06 0.0496
566 1.4939e-04 2.9878e-04 1.5016e-06 0.0493
567 1.5173e-04 3.0347e-04 1.5086e-06 0.0490
568 1.5412e-04 3.0824e-04 1.5157e-06 0.0487
569 1.5655e-04 3.1310e-04 1.5229e-06 0.0485
570 1.5902e-04 3.1804e-04 1.5303e-06 0.0482
571 1.6153e-04 3.2307e-04 1.5377e-06 0.0479
572 1.6409e-04 3.2818e-04 1.5452e-06 0.0476
573 1.6669e-04 3.3339e-04 1.5528e-06 0.0473
574 1.6934e-04 3.3868e-04 1.5605e-06 0.0470
575 1.7204e-04 3.4408e-04 1.5683e-06 0.0467
576 1.7478e-04 3.4956e-04 1.5762e-06 0.0464
577 1.7757e-04 3.5515e-04 1.5842e-06 0.0461
578 1.8041e-04 3.6083e-04 1.5922e-06 0.0458
579 1.8331e-04 3.6661e-04 1.6004e-06 0.0455
580 1.8625e-04 3.7250e-04 1.6087e-06 0.0452
581 1.8925e-04 3.7849e-04 1.6171e-06 0.0449
582 1.9230e-04 3.8459e-04 1.6256e-06 0.0446
583 1.9540e-04 3.9080e-04 1.6342e-06 0.0442
584 1.9856e-04 3.9712e-04 1.6428e-06 0.0439
585 2.0177e-04 4.0355e-04 1.6516e-06 0.0436
586 2.0505e-04 4.1010e-04 1.6605e-06 0.0433
587 2.0838e-04 4.1677e-04 1.6695e-06 0.0430
588 2.1177e-04 4.2355e-04 1.6785e-06 0.0427
589 2.1523e-04 4.3046e-04 1.6877e-06 0.0424
590 2.1874e-04 4.3749e-04 1.6970e-06 0.0421
591 2.2232e-04 4.4465e-04 1.7063e-06 0.0418
592 2.2597e-04 4.5194e-04 1.7158e-06 0.0415
593 2.2968e-04 4.5936e-04 1.7253e-06 0.0413
594 2.3346e-04 4.6692e-04 1.7350e-06 0.0410
595 2.3730e-04 4.7461e-04 1.7448e-06 0.0407
596 2.4122e-04 4.8245e-04 1.7546e-06 0.0404
597 2.4521e-04 4.9042e-04 1.7646e-06 0.0401
598 2.4927e-04 4.9855e-04 1.7746e-06 0.0398
599 2.5341e-04 5.0682e-04 1.7847e-06 0.0395
600 2.5762e-04 5.1524e-04 1.7950e-06 0.0392
601 2.6190e-04 5.2381e-04 1.8053e-06 0.0389
602 2.6627e-04 5.3255e-04 1.8157e-06 0.0386
603 2.7072e-04 5.4144e-04 1.8263e-06 0.0383
604 2.7525e-04 5.5050e-04 1.8369e-06 0.0381
605 2.7986e-04 5.5972e-04 1.8476e-06 0.0378
606 2.8456e-04 5.6912e-04 1.8584e-06 0.0375
607 2.8934e-04 5.7868e-04 1.8693e-06 0.0372
608 2.9421e-04 5.8843e-04 1.8803e-06 0.0370
609 2.9917e-04 5.9835e-04 1.8914e-06 0.0367
610 3.0423e-04 6.0846e-04 1.9025e-06 0.0364
611 3.0938e-04 6.1876e-04 1.9138e-06 0.0361
612 3.1462e-04 6.2925e-04 1.9252e-06 0.0359
613 3.1997e-04 6.3994e-04 1.9366e-06 0.0356
614 3.2541e-04 6.5082e-04 1.9481e-06 0.0353
615 3.3095e-04 6.6191e-04 1.9598e-06 0.0351
616 3.3660e-04 6.7320e-04 1.9715e-06 0.0348
617 3.4235e-04 6.8471e-04 1.9833e-06 0.0346
618 3.4821e-04 6.9643e-04 1.9951e-06 0.0343
619 3.5418e-04 7.0837e-04 2.0071e-06 0.0341
620 3.6027e-04 7.2054e-04 2.0192e-06 0.0338
621 3.6646e-04 7.3293e-04 2.0313e-06 0.0336
622 3.7278e-04 7.4556e-04 2.0435e-06 0.0334
623 3.7921e-04 7.5843e-04 2.0558e-06 0.0331
624 3.8577e-04 7.7154e-04 2.0682e-06 0.0329
625 3.9245e-04 7.8490e-04 2.0807e-06 0.0327
626 3.9925e-04 7.9851e-04 2.0933e-06 0.0324
627 4.0619e-04 8.1238e-04 2.1059e-06 0.0322
628 4.1326e-04 8.2652e-04 2.1186e-06 0.0320
629 4.2046e-04 8.4092e-04 2.1314e-06 0.0318
630 4.2780e-04 8.5560e-04 2.1443e-06 0.0316
631 4.3528e-04 8.7056e-04 2.1573e-06 0.0313
632 4.4290e-04 8.8580e-04 2.1704e-06 0.0311
633 4.5066e-04 9.0134e-04 2.1835e-06 0.0309
634 4.5858e-04 9.1717e-04 2.1967e-06 0.0307
635 4.6665e-04 9.3331e-04 2.2100e-06 0.0305
636 4.7487e-04 9.4976e-04 2.2234e-06 0.0303
637 4.8326e-04 9.6652e-04 2.2368e-06 0.0302
638 4.9180e-04 9.8361e-04 2.2503e-06 0.0300
639 5.0051e-04 1.0010e-03 2.2639e-06 0.0298
640 5.0938e-04 1.0188e-03 2.2776e-06 0.0296
641 5.1843e-04 1.0369e-03 2.2914e-06 0.0294
642 5.2765e-04 1.0553e-03 2.3053e-06 0.0293
643 5.3705e-04 1.0741e-03 2.3192e-06 0.0291
644 5.4664e-04 1.0933e-03 2.3332e-06 0.0289
645 5.5641e-04 1.1128e-03 2.3473e-06 0.0288
646 5.6637e-04 1.1328e-03 2.3615e-06 0.0286
647 5.7653e-04 1.1531e-03 2.3757e-06 0.0284
648 5.8688e-04 1.1738e-03 2.3901e-06 0.0283
649 5.9743e-04 1.1949e-03 2.4045e-06 0.0281
650 6.0820e-04 1.2164e-03 2.4190e-06 0.0280
651 6.1917e-04 1.2383e-03 2.4336e-06 0.0279
652 6.3036e-04 1.2607e-03 2.4483e-06 0.0277
653 6.4177e-04 1.2835e-03 2.4630e-06 0.0276
654 6.5340e-04 1.3068e-03 2.4778e-06 0.0275
655 6.6526e-04 1.3305e-03 2.4928e-06 0.0273
656 6.7735e-04 1.3547e-03 2.5078e-06 0.0272
657 6.8969e-04 1.3794e-03 2.5229e-06 0.0271
658 7.0227e-04 1.4045e-03 2.5381e-06 0.0270
659 7.1509e-04 1.4302e-03 2.5534e-06 0.0269
660 7.2818e-04 1.4564e-03 2.5687e-06 0.0267
661 7.4152e-04 1.4830e-03 2.5842e-06 0.0266
662 7.5512e-04 1.5103e-03 2.5997e-06 0.0265
663 7.6900e-04 1.5380e-03 2.6154e-06 0.0264
664 7.8315e-04 1.5663e-03 2.6311e-06 0.0264
665 7.9759e-04 1.5952e-03 2.6470e-06 0.0263
666 8.1232e-04 1.6246e-03 2.6629e-06 0.0262
667 8.2733e-04 1.6547e-03 2.6789e-06 0.0261
668 8.4265e-04 1.6853e-03 2.6951e-06 0.0260
669 8.5828e-04 1.7166e-03 2.7113e-06 0.0259
670 8.7422e-04 1.7485e-03 2.7276e-06 0.0259
671 8.9048e-04 1.7810e-03 2.7440e-06 0.0258
672 9.0707e-04 1.8142e-03 2.7606e-06 0.0257
673 9.2400e-04 1.8480e-03 2.7772e-06 0.0257
674 9.4126e-04 1.8825e-03 2.7939e-06 0.0256
675 9.5888e-04 1.9178e-03 2.8108e-06 0.0256
676 9.7685e-04 1.9537e-03 2.8277e-06 0.0255
677 9.9518e-04 1.9904e-03 2.8448e-06 0.0255
678 1.0139e-03 2.0278e-03 2.8619e-06 0.0254
679 1.0330e-03 2.0660e-03 2.8792e-06 0.0254
680 1.0524e-03 2.1049e-03 2.8966e-06 0.0254
681 1.0723e-03 2.1447e-03 2.9140e-06 0.0253
682 1.0926e-03 2.1852e-03 2.9316e-06 0.0253
683 1.1133e-03 2.2266e-03 2.9493e-06 0.0253
684 1.1344e-03 2.2688e-03 2.9671e-06 0.0252
685 1.1559e-03 2.3119e-03 2.9851e-06 0.0252
686 1.1779e-03 2.3559e-03 3.0031e-06 0.0252
687 1.2004e-03 2.4008e-03 3.0212e-06 0.0252
688 1.2233e-03 2.4466e-03 3.0394e-06 0.0252
689 1.2466e-03 2.4933e-03 3.0578e-06 0.0252
690 1.2705e-03 2.5410e-03 3.0763e-06 0.0252
691 1.2948e-03 2.5897e-03 3.0948e-06 0.0252
692 1.3197e-03 2.6394e-03 3.1135e-06 0.0252
693 1.3450e-03 2.6901e-03 3.1323e-06 0.0252
694 1.3709e-03 2.7419e-03 3.1511e-06 0.0252
695 1.3973e-03 2.7947e-03 3.1701e-06 0.0252
696 1.4243e-03 2.8487e-03 3.1892e-06 0.0252
697 1.4518e-03 2.9037e-03 3.2084e-06 0.0252
698 1.4800e-03 2.9599e-03 3.2277e-06 0.0252
699 1.5086e-03 3.0173e-03 3.2470e-06 0.0252
700 1.5379e-03 3.0759e-03 3.2665e-06 0.0253
701 1.5678e-03 3.1357e-03 3.2861e-06 0.0253
702 1.5984e-03 3.1967e-03 3.3057e-06 0.0253
703 1.6295e-03 3.2591e-03 3.3255e-06 0.0254
704 1.6613e-03 3.3227e-03 3.3453e-06 0.0254
705 1.6938e-03 3.3877e-03 3.3652e-06 0.0254
706 1.7270e-03 3.4540e-03 3.3852e-06 0.0255
707 1.7608e-03 3.5217e-03 3.4053e-06 0.0255
708 1.7954e-03 3.5909e-03 3.4254e-06 0.0255
709 1.8307e-03 3.6615e-03 3.4456e-06 0.0256
710 1.8668e-03 3.7336e-03 3.4659e-06 0.0256
711 1.9036e-03 3.8072e-03 3.4862e-06 0.0257
712 1.9412e-03 3.8824e-03 3.5066e-06 0.0257
713 1.9796e-03 3.9592e-03 3.5271e-06 0.0258
714 2.0188e-03 4.0376e-03 3.5476e-06 0.0259
715 2.0588e-03 4.1177e-03 3.5681e-06 0.0259
716 2.0997e-03 4.1995e-03 3.5887e-06 0.0260
717 2.1415e-03 4.2830e-03 3.6093e-06 0.0260
718 2.1841e-03 4.3683e-03 3.6300e-06 0.0261
719 2.2277e-03 4.4554e-03 3.6507e-06 0.0262
720 2.2722e-03 4.5444e-03 3.6714e-06 0.0262
721 2.3176e-03 4.6353e-03 3.6922e-06 0.0263
722 2.3640e-03 4.7281e-03 3.7129e-06 0.0264
723 2.4115e-03 4.8230e-03 3.7337e-06 0.0265
724 2.4599e-03 4.9198e-03 3.7545e-06 0.0265
725 2.5094e-03 5.0188e-03 3.7753e-06 0.0266
726 2.5599e-03 5.1199e-03 3.7961e-06 0.0267
727 2.6115e-03 5.2231e-03 3.8168e-06 0.0268
728 2.6643e-03 5.3286e-03 3.8376e-06 0.0269
729 2.7182e-03 5.4364e-03 3.8583e-06 0.0270
730 2.7732e-03 5.5465e-03 3.8790e-06 0.0270
731 2.8295e-03 5.6590e-03 3.8997e-06 0.0271
732 2.8869e-03 5.7739e-03 3.9204e-06 0.0272
733 2.9457e-03 5.8914e-03 3.9410e-06 0.0273
734 3.0056e-03 6.0113e-03 3.9616e-06 0.0274
735 3.0669e-03 6.1339e-03 3.9821e-06 0.0275
736 3.1296e-03 6.2592e-03 4.0026e-06 0.0276
737 3.1936e-03 6.3872e-03 4.0230e-06 0.0277
738 3.2590e-03 6.5180e-03 4.0434e-06 0.0278
739 3.3258e-03 6.6516e-03 4.0637e-06 0.0279
740 3.3941e-03 6.7882e-03 4.0839e-06 0.0280
741 3.4639e-03 6.9278e-03 4.1040e-06 0.0281
742 3.5352e-03 7.0704e-03 4.1241e-06 0.0282
743 3.6081e-03 7.2162e-03 4.1441e-06 0.0283
744 3.6826e-03 7.3652e-03 4.1640e-06 0.0284
745 3.7587e-03 7.5174e-03 4.1838e-06 0.0285
746 3.8365e-03 7.6731e-03 4.2035e-06 0.0287
747 3.9160e-03 7.8321e-03 4.2232e-06 0.0288
748 3.9973e-03 7.9947e-03 4.2427e-06 0.0289
749 4.0804e-03 8.1609e-03 4.2622e-06 0.0290
750 4.1653e-03 8.3307e-03 4.2815e-06 0.0291
751 4.2522e-03 8.5044e-03 4.3007e-06 0.0292
752 4.3409e-03 8.6819e-03 4.3198e-06 0.0293
753 4.4316e-03 8.8633e-03 4.3389e-06 0.0295
754 4.5243e-03 9.0488e-03 4.3578e-06 0.0296
755 4.6191e-03 9.2384e-03 4.3765e-06 0.0297
756 4.7161e-03 9.4322e-03 4.3952e-06 0.0298
757 4.8152e-03 9.6304e-03 4.4138e-06 0.0300
758 4.9165e-03 9.8330e-03 4.4323e-06 0.0301
759 5.0200e-03 1.0040e-02 4.4506e-06 0.0302
760 5.1259e-03 1.0252e-02 4.4688e-06 0.0304
761 5.2342e-03 1.0468e-02 4.4869e-06 0.0305
762 5.3449e-03 1.0690e-02 4.5049e-06 0.0306
763 5.4581e-03 1.0916e-02 4.5228e-06 0.0308
764 5.5738e-03 1.1148e-02 4.5406e-06 0.0309
765 5.6922e-03 1.1384e-02 4.5582e-06 0.0310
766 5.8132e-03 1.1627e-02 4.5758e-06 0.0312
767 5.9370e-03 1.1874e-02 4.5932e-06 0.0313
768 6.0636e-03 1.2127e-02 4.6105e-06 0.0315
769 6.1930e-03 1.2386e-02 4.6277e-06 0.0316
770 6.3254e-03 1.2651e-02 4.6449e-06 0.0317
771 6.4607e-03 1.2922e-02 4.6619e-06 0.0319
772 6.5992e-03 1.3199e-02 4.6788e-06 0.0320
773 6.7408e-03 1.3482e-02 4.6956e-06 0.0322
774 6.8857e-03 1.3771e-02 4.7123e-06 0.0324
775 7.0338e-03 1.4068e-02 4.7290e-06 0.0325
776 7.1853e-03 1.4371e-02 4.7455e-06 0.0327
777 7.3403e-03 1.4681e-02 4.7620e-06 0.0328
778 7.4989e-03 1.4998e-02 4.7784e-06 0.0330
779 7.6611e-03 1.5322e-02 4.7947e-06 0.0332
780 7.8270e-03 1.5654e-02 4.8109e-06 0.0333
781 7.9967e-03 1.5993e-02 4.8271e-06 0.0335
782 8.1703e-03 1.6341e-02 4.8432e-06 0.0337
783 8.3479e-03 1.6696e-02 4.8592e-06 0.0338
784 8.5296e-03 1.7059e-02 4.8752e-06 0.0340
785 8.7155e-03 1.7431e-02 4.8912e-06 0.0342
786 8.9057e-03 1.7812e-02 4.9071e-06 0.0344
787 9.1003e-03 1.8201e-02 4.9230e-06 0.0345
788 9.2995e-03 1.8599e-02 4.9388e-06 0.0347
789 9.5032e-03 1.9007e-02 4.9546e-06 0.0349
790 9.7117e-03 1.9423e-02 4.9704e-06 0.0351
791 9.9250e-03 1.9850e-02 4.9862e-06 0.0353
792 1.0143e-02 2.0287e-02 5.0019e-06 0.0355
793 1.0367e-02 2.0733e-02 5.0177e-06 0.0357
794 1.0595e-02 2.1190e-02 5.0334e-06 0.0359
795 1.0829e-02 2.1658e-02 5.0492e-06 0.0361
796 1.1068e-02 2.2137e-02 5.0650e-06 0.0363
797 1.1313e-02 2.2627e-02 5.0808e-06 0.0366
798 1.1564e-02 2.3128e-02 5.0966e-06 0.0368
799 1.1821e-02 2.3642e-02 5.1124e-06 0.0370
800 1.2083e-02 2.4167e-02 5.1283e-06 0.0372
801 1.2352e-02 2.4704e-02 5.1442e-06 0.0375
802 1.2627e-02 2.5255e-02 5.1602e-06 0.0377
803 1.2909e-02 2.5818e-02 5.1763e-06 0.0379
804 1.3197e-02 2.6394e-02 5.1924e-06 0.0382
805 1.3492e-02 2.6984e-02 5.2085e-06 0.0384
806 1.3794e-02 2.7588e-02 5.2247e-06 0.0387
807 1.4103e-02 2.8207e-02 5.2411e-06 0.0390
808 1.4420e-02 2.8840e-02 5.2575e-06 0.0392
809 1.4744e-02 2.9488e-02 5.2739e-06 0.0395
810 1.5076e-02 3.0151e-02 5.2905e-06 0.0398
811 1.5415e-02 3.0830e-02 5.3072e-06 0.0401
812 1.5763e-02 3.1526e-02 5.3240e-06 0.0404
813 1.6119e-02 3.2238e-02 5.3409e-06 0.0407
814 1.6483e-02 3.2967e-02 5.3579e-06 0.0410
815 1.6856e-02 3.3713e-02 5.3751e-06 0.0413
816 1.7238e-02 3.4477e-02 5.3923e-06 0.0416
817 1.7630e-02 3.5259e-02 5.4097e-06 0.0419
818 1.8030e-02 3.6061e-02 5.4273e-06 0.0423
819 1.8440e-02 3.6881e-02 5.4449e-06 0.0426
820 1.8860e-02 3.7721e-02 5.4628e-06 0.0430
821 1.9291e-02 3.8581e-02 5.4807e-06 0.0433
822 1.9731e-02 3.9462e-02 5.4989e-06 0.0437
823 2.0182e-02 4.0365e-02 5.5172e-06 0.0441
824 2.0644e-02 4.1289e-02 5.5356e-06 0.0445
825 2.1117e-02 4.2235e-02 5.5543e-06 0.0449
826 2.1602e-02 4.3204e-02 5.5731e-06 0.0453
827 2.2098e-02 4.4197e-02 5.5920e-06 0.0457
828 2.2606e-02 4.5213e-02 5.6112e-06 0.0461
829 2.3127e-02 4.6255e-02 5.6305e-06 0.0465
830 2.3660e-02 4.7321e-02 5.6500e-06 0.0470
831 2.4207e-02 4.8414e-02 5.6698e-06 0.0475
832 2.4766e-02 4.9533e-02 5.6897e-06 0.0479
833 2.5339e-02 5.0679e-02 5.7098e-06 0.0484
834 2.5927e-02 5.1854e-02 5.7301e-06 0.0489
835 2.6528e-02 5.3057e-02 5.7506e-06 0.0494
836 2.7144e-02 5.4289e-02 5.7713e-06 0.0499
837 2.7775e-02 5.5551e-02 5.7922e-06 0.0505
838 2.8422e-02 5.6845e-02 5.8133e-06 0.0510
839 2.9085e-02 5.8170e-02 5.8347e-06 0.0516
840 2.9764e-02 5.9528e-02 5.8562e-06 0.0522
841 3.0459e-02 6.0919e-02 5.8780e-06 0.0528
842 3.1172e-02 6.2344e-02 5.9000e-06 0.0534
843 3.1902e-02 6.3805e-02 5.9222e-06 0.0540
844 3.2650e-02 6.5301e-02 5.9446e-06 0.0546
845 3.3417e-02 6.6834e-02 5.9672e-06 0.0553
846 3.4202e-02 6.8406e-02 5.9901e-06 0.0560
847 3.5008e-02 7.0016e-02 6.0132e-06 0.0567
848 3.5832e-02 7.1666e-02 6.0365e-06 0.0574
849 3.6678e-02 7.3356e-02 6.0601e-06 0.0581
850 3.7544e-02 7.5089e-02 6.0838e-06 0.0589
851 3.8432e-02 7.6865e-02 6.1078e-06 0.0597
852 3.9342e-02 7.8685e-02 6.1321e-06 0.0605
853 4.0275e-02 8.0550e-02 6.1565e-06 0.0613
854 4.1231e-02 8.2462e-02 6.1812e-06 0.0621
855 4.2210e-02 8.4422e-02 6.2062e-06 0.0630
856 4.3215e-02 8.6430e-02 6.2313e-06 0.0639
857 4.4244e-02 8.8489e-02 6.2567e-06 0.0648
858 4.5299e-02 9.0599e-02 6.2823e-06 0.0657
859 4.6380e-02 9.2762e-02 6.3082e-06 0.0667
860 4.7489e-02 9.4979e-02 6.3343e-06 0.0676
861 4.8626e-02 9.7252e-02 6.3606e-06 0.0687
862 4.9791e-02 9.9582e-02 6.3872e-06 0.0697
863 5.0985e-02 1.0197e-01 6.4140e-06 0.0708
864 5.2209e-02 1.0442e-01 6.4410e-06 0.0719
865 5.3465e-02 1.0693e-01 6.4683e-06 0.0730
866 5.4752e-02 1.0950e-01 6.4958e-06 0.0742
867 5.6071e-02 1.1214e-01 6.5235e-06 0.0754
868 5.7424e-02 1.1485e-01 6.5515e-06 0.0766
869 5.8811e-02 1.1762e-01 6.5797e-06 0.0778
870 6.0233e-02 1.2047e-01 6.6081e-06 0.0791
871 6.1692e-02 1.2338e-01 6.6368e-06 0.0805
872 6.3187e-02 1.2638e-01 6.6657e-06 0.0818
873 6.4721e-02 1.2944e-01 6.6948e-06 0.0832
874 6.6293e-02 1.3259e-01 6.7242e-06 0.0847
875 6.7906e-02 1.3581e-01 6.7538e-06 0.0862
876 6.9559e-02 1.3912e-01 6.7837e-06 0.0877
877 7.1255e-02 1.4251e-01 6.8137e-06 0.0892
878 7.2994e-02 1.4599e-01 6.8441e-06 0.0908
879 7.4778e-02 1.4956e-01 6.8746e-06 0.0925
880 7.6608e-02 1.5322e-01 6.9054e-06 0.0942
881 7.8484e-02 1.5697e-01 6.9364e-06 0.0959
882 8.0409e-02 1.6082e-01 6.9676e-06 0.0977
883 8.2383e-02 1.6477e-01 6.9991e-06 0.0996
884 8.4408e-02 1.6882e-01 7.0308e-06 0.1015
885 8.6484e-02 1.7297e-01 7.0628e-06 0.1034
886 8.8615e-02 1.7723e-01 7.0949e-06 0.1054
887 9.0800e-02 1.8160e-01 7.1273e-06 0.1075
888 9.3042e-02 1.8609e-01 7.1600e-06 0.1096
889 9.5342e-02 1.9069e-01 7.1929e-06 0.1117
890 9.7702e-02 1.9540e-01 7.2260e-06 0.1139
891 1.0012e-01 2.0025e-01 7.2593e-06 0.1162
892 1.0261e-01 2.0521e-01 7.2929e-06 0.1186
893 1.0515e-01 2.1031e-01 7.3267e-06 0.1210
894 1.0777e-01 2.1554e-01 7.3608e-06 0.1235
895 1.1045e-01 2.2090e-01 7.3951e-06 0.1260
896 1.1320e-01 2.2640e-01 7.4296e-06 0.1286
897 1.1602e-01 2.3205e-01 7.4644e-06 0.1313
898 1.1892e-01 2.3785e-01 7.4994e-06 0.1341
899 1.2190e-01 2.4379e-01 7.5347e-06 0.1369
900 1.2495e-01 2.4989e-01 7.5701e-06 0.1399
901 1.2808e-01 2.5616e-01 7.6059e-06 0.1429
902 1.3129e-01 2.6258e-01 7.6418e-06 0.1459
903 1.3459e-01 2.6918e-01 7.6780e-06 0.1491
904 1.3797e-01 2.7594e-01 7.7145e-06 0.1524
905 1.4144e-01 2.8289e-01 7.7512e-06 0.1557
906 1.4501e-01 2.9002e-01 7.7881e-06 0.1592
907 1.4866e-01 2.9733e-01 7.8253e-06 0.1627
908 1.5242e-01 3.0484e-01 7.8627e-06 0.1663
909 1.5627e-01 3.1255e-01 7.9004e-06 0.1700
910 1.6023e-01 3.2046e-01 7.9383e-06 0.1739
911 1.6429e-01 3.2858e-01 7.9765e-06 0.1778
912 1.6845e-01 3.3691e-01 8.0149e-06 0.1818
913 1.7273e-01 3.4547e-01 8.0536e-06 0.1860
914 1.7712e-01 3.5425e-01 8.0925e-06 0.1903
915 1.8163e-01 3.6327e-01 8.1317e-06 0.1946
916 1.8626e-01 3.7252e-01 8.1712e-06 0.1991
917 1.9101e-01 3.8202e-01 8.2108e-06 0.2038
918 1.9589e-01 3.9178e-01 8.2508e-06 0.2085
919 2.0090e-01 4.0179e-01 8.2910e-06 0.2134
920 2.0604e-01 4.1208e-01 8.3315e-06 0.2184
921 2.1132e-01 4.2263e-01 8.3722e-06 0.2236
922 2.1674e-01 4.3347e-01 8.4132e-06 0.2289
923 2.2230e-01 4.4460e-01 8.4544e-06 0.2343
924 2.2801e-01 4.5603e-01 8.4960e-06 0.2399
925 2.3388e-01 4.6777e-01 8.5377e-06 0.2457
926 2.3991e-01 4.7982e-01 8.5798e-06 0.2516
927 2.4609e-01 4.9219e-01 8.6221e-06 0.2577
928 2.5245e-01 5.0490e-01 8.6647e-06 0.2639
929 2.5897e-01 5.1795e-01 8.7075e-06 0.2703
930 2.6567e-01 5.3135e-01 8.7507e-06 0.2769
931 2.7255e-01 5.4511e-01 8.7941e-06 0.2837
932 2.7962e-01 5.5924e-01 8.8378e-06 0.2907
933 2.8688e-01 5.7376e-01 8.8817e-06 0.2978
934 2.9433e-01 5.8867e-01 8.9260e-06 0.3051
935 3.0199e-01 6.0399e-01 8.9705e-06 0.3127
936 3.0985e-01 6.1971e-01 9.0153e-06 0.3205
937 3.1793e-01 6.3587e-01 9.0603e-06 0.3284
938 3.2623e-01 6.5247e-01 9.1057e-06 0.3366
939 3.3475e-01 6.6951e-01 9.1513e-06 0.3451
940 3.4351e-01 6.8702e-01 9.1973e-06 0.3537
941 3.5250e-01 7.0501e-01 9.2435e-06 0.3626
942 3.6174e-01 7.2349e-01 9.2900e-06 0.3717
943 3.7123e-01 7.4248e-01 9.3368e-06 0.3811
944 3.8099e-01 7.6198e-01 9.3839e-06 0.3908
945 3.9100e-01 7.8202e-01 9.4312e-06 0.4007
946 4.0130e-01 8.0260e-01 9.4789e-06 0.4109
947 4.1187e-01 8.2375e-01 9.5269e-06 0.4214
948 4.2274e-01 8.4548e-01 9.5751e-06 0.4322
949 4.3390e-01 8.6781e-01 9.6237e-06 0.4432
950 4.4537e-01 8.9075e-01 9.6726e-06 0.4546
951 4.5716e-01 9.1433e-01 9.7217e-06 0.4663
952 4.6927e-01 9.3855e-01 9.7712e-06 0.4784
953 4.8172e-01 9.6344e-01 9.8209e-06 0.4907
954 4.9451e-01 9.8902e-01 9.8710e-06 0.5034
955 5.0765e-01 1.0153e+00 9.9213e-06 0.5165
956 5.2116e-01 1.0423e+00 9.9720e-06 0.5299
957 5.3504e-01 1.0701e+00 1.0023e-05 0.5437
958 5.4930e-01 1.0986e+00 1.0074e-05 0.5579
959 5.6396e-01 1.1279e+00 1.0126e-05 0.5725
960 5.7903e-01 1.1581e+00 1.0178e-05 0.5875
961 5.9452e-01 1.1891e+00 1.0230e-05 0.6029
962 6.1044e-01 1.2209e+00 1.0282e-05 0.6187
963 6.2680e-01 1.2536e+00 1.0335e-05 0.6350
964 6.4362e-01 1.2872e+00 1.0388e-05 0.6518
965 6.6091e-01 1.3218e+00 1.0442e-05 0.6690
966 6.7868e-01 1.3574e+00 1.0496e-05 0.6867
967 6.9694e-01 1.3939e+00 1.0550e-05 0.7049
968 7.1572e-01 1.4315e+00 1.0604e-05 0.7236
969 7.3503e-01 1.4701e+00 1.0659e-05 0.7429
970 7.5487e-01 1.5098e+00 1.0714e-05 0.7626
971 7.7528e-01 1.5506e+00 1.0769e-05 0.7830
972 7.9626e-01 1.5925e+00 1.0825e-05 0.8039
973 8.1782e-01 1.6357e+00 1.0881e-05 0.8254
974 8.4000e-01 1.6800e+00 1.0937e-05 0.8475
975 8.6280e-01 1.7256e+00 1.0994e-05 0.8703
976 8.8624e-01 1.7725e+00 1.1050e-05 0.8937
977 9.1034e-01 1.8207e+00 1.1108e-05 0.9177
978 9.3513e-01 1.8703e+00 1.1165e-05 0.9424
979 9.6061e-01 1.9212e+00 1.1223e-05 0.9679
980 9.8682e-01 1.9737e+00 1.1281e-05 0.9940
981 1.0138e+00 2.0276e+00 1.1340e-05 1.0209
982 1.0415e+00 2.0830e+00 1.1399e-05 1.0486
983 1.0700e+00 2.1400e+00 1.1458e-05 1.0771
984 1.0993e+00 2.1986e+00 1.1517e-05 1.1063
985 1.1295e+00 2.2589e+00 1.1577e-05 1.1364
986 1.1605e+00 2.3209e+00 1.1637e-05 1.1674
987 1.1924e+00 2.3847e+00 1.1698e-05 1.1992
988 1.2252e+00 2.4503e+00 1.1759e-05 1.2320
989 1.2589e+00 2.5178e+00 1.1820e-05 1.2657
990 1.2936e+00 2.5872e+00 1.1881e-05 1.3004
991 1.3293e+00 2.6586e+00 1.1943e-05 1.3360
992 1.3660e+00 2.7320e+00 1.2005e-05 1.3727
993 1.4038e+00 2.8076e+00 1.2068e-05 1.4104
994 1.4426e+00 2.8853e+00 1.2131e-05 1.4493
995 1.4826e+00 2.9652e+00 1.2194e-05 1.4892
996 1.5237e+00 3.0475e+00 1.2257e-05 1.5303
997 1.5660e+00 3.1321e+00 1.2321e-05 1.5726
998 1.6095e+00 3.2191e+00 1.2385e-05 1.6161
999 1.6543e+00 3.3087e+00 1.2450e-05 1.6608
1000 1.7004e+00 3.4008e+00 1.2514e-05 1.7068
1001 1.7478e+00 3.4956e+00 1.2580e-05 1.7542
1002 1.7966e+00 3.5931e+00 1.2645e-05 1.8030
1003 1.8467e+00 3.6935e+00 1.2711e-05 1.8531
1004 1.8984e+00 3.7968e+00 1.2777e-05 1.9047
1005 1.9515e+00 3.9030e+00 1.2844e-05 1.9578
1006 2.0062e+00 4.0124e+00 1.2910e-05 2.0125
1007 2.0624e+00 4.1249e+00 1.2978e-05 2.0687
1008 2.1203e+00 4.2407e+00 1.3045e-05 2.1266
1009 2.1799e+00 4.3599e+00 1.3113e-05 2.1862
1010 2.2413e+00 4.4825e+00 1.3181e-05 2.2475
1011 2.3044e+00 4.6088e+00 1.3250e-05 2.3106
1012 2.3693e+00 4.7387e+00 1.3319e-05 2.3755
1013 2.4362e+00 4.8724e+00 1.3388e-05 2.4423
1014 2.5050e+00 5.0100e+00 1.3458e-05 2.5111
1015 2.5758e+00 5.1516e+00 1.3528e-05 2.5819
1016 2.6487e+00 5.2974e+00 1.3598e-05 2.6548
1017 2.7237e+00 5.4475e+00 1.3669e-05 2.7298
1018 2.8009e+00 5.6019e+00 1.3740e-05 2.8071
1019 2.8804e+00 5.7609e+00 1.3812e-05 2.8866
1020 2.9623e+00 5.9246e+00 1.3883e-05 2.9684
1021 3.0465e+00 6.0931e+00 1.3956e-05 3.0526
1022 3.1333e+00 6.2666e+00 1.4028e-05 3.1394
1023 3.2226e+00 6.4452e+00 1.4101e-05 3.2286
1024 3.3145e+00 6.6290e+00 1.4175e-05 3.3206
1025 3.4091e+00 6.8183e+00 1.4248e-05 3.4152
1026 3.5066e+00 7.0132e+00 1.4322e-05 3.5126
1027 3.6069e+00 7.2138e+00 1.4397e-05 3.6129
1028 3.7102e+00 7.4204e+00 1.4472e-05 3.7162
1029 3.8165e+00 7.6331e+00 1.4547e-05 3.8226
1030 3.9260e+00 7.8522e+00 1.4622e-05 3.9321
1031 4.0388e+00 8.0777e+00 1.4698e-05 4.0449
1032 4.1549e+00 8.3099e+00 1.4775e-05 4.1610
1033 4.2745e+00 8.5491e+00 1.4852e-05 4.2806
1034 4.3977e+00 8.7954e+00 1.4929e-05 4.4037
1035 4.5245e+00 9.0490e+00 1.5006e-05 4.5305
1036 4.6551e+00 9.3102e+00 1.5084e-05 4.6611
1037 4.7896e+00 9.5792e+00 1.5163e-05 4.7956
1038 4.9281e+00 9.8562e+00 1.5242e-05 4.9341
1039 5.0707e+00 1.0142e+01 1.5321e-05 5.0768
1040 5.2177e+00 1.0435e+01 1.5400e-05 5.2237
1041 5.3690e+00 1.0738e+01 1.5480e-05 5.3751
1042 5.5249e+00 1.1050e+01 1.5561e-05 5.5310
1043 5.6855e+00 1.1371e+01 1.5642e-05 5.6915
1044 5.8509e+00 1.1702e+01 1.5723e-05 5.8569
1045 6.0212e+00 1.2043e+01 1.5805e-05 6.0273
1046 6.1967e+00 1.2394e+01 1.5887e-05 6.2028
1047 6.3775e+00 1.2755e+01 1.5969e-05 6.3836
1048 6.5638e+00 1.3128e+01 1.6052e-05 6.5699
1049 6.7556e+00 1.3511e+01 1.6135e-05 6.7617
1050 6.9533e+00 1.3907e+01 1.6219e-05 6.9594
1051 7.1570e+00 1.4314e+01 1.6303e-05 7.1631
1052 7.3668e+00 1.4734e+01 1.6388e-05 7.3729
1053 7.5830e+00 1.5166e+01 1.6473e-05 7.5891
1054 7.8057e+00 1.5612e+01 1.6558e-05 7.8118
1055 8.0352e+00 1.6071e+01 1.6644e-05 8.0413
1056 8.2717e+00 1.6543e+01 1.6730e-05 8.2778
1057 8.5153e+00 1.7031e+01 1.6816e-05 8.5215
1058 8.7664e+00 1.7533e+01 1.6903e-05 8.7726
1059 9.0252e+00 1.8050e+01 1.6991e-05 9.0313
1060 9.2918e+00 1.8584e+01 1.7079e-05 9.2980
1061 9.5666e+00 1.9133e+01 1.7167e-05 9.5727
1062 9.8497e+00 1.9700e+01 1.7255e-05 9.8559
1063 1.0142e+01 2.0283e+01 1.7344e-05 10.1480
1064 1.0442e+01 2.0885e+01 1.7434e-05 10.4480
1065 1.0752e+01 2.1505e+01 1.7524e-05 10.7580
1066 1.1072e+01 2.2144e+01 1.7614e-05 11.0780
1067 1.1401e+01 2.2802e+01 1.7704e-05 11.4070
1068 1.1740e+01 2.3481e+01 1.7795e-05 11.7470
1069 1.2090e+01 2.4181e+01 1.7887e-05 12.0970
1070 1.2451e+01 2.4902e+01 1.7978e-05 12.4570
1071 1.2823e+01 2.5645e+01 1.8070e-05 12.8290
1072 1.3206e+01 2.6412e+01 1.8163e-05 13.2120
1073 1.3601e+01 2.7202e+01 1.8256e-05 13.6070
1074 1.4008e+01 2.8016e+01 1.8349e-05 14.0140
1075 1.4428e+01 2.8856e+01 1.8442e-05 14.4340
1076 1.4860e+01 2.9721e+01 1.8536e-05 14.8670
1077 1.5307e+01 3.0614e+01 1.8631e-05 15.3130
1078 1.5767e+01 3.1534e+01 1.8725e-05 15.7730
1079 1.6241e+01 3.2482e+01 1.8820e-05 16.2470
1080 1.6730e+01 3.3460e+01 1.8916e-05 16.7360
1081 1.7234e+01 3.4468e+01 1.9012e-05 17.2400
1082 1.7754e+01 3.5508e+01 1.9108e-05 17.7600
1083 1.8290e+01 3.6580e+01 1.9204e-05 18.2960
1084 1.8843e+01 3.7686e+01 1.9301e-05 18.8490
1085 1.9413e+01 3.8826e+01 1.9398e-05 19.4190
1086 2.0001e+01 4.0001e+01 1.9495e-05 20.0070
1087 2.0607e+01 4.1214e+01 1.9593e-05 20.6130
1088 2.1232e+01 4.2464e+01 1.9691e-05 21.2380
1089 2.1876e+01 4.3753e+01 1.9790e-05 21.8830
1090 2.2541e+01 4.5083e+01 1.9889e-05 22.5480
1091 2.3227e+01 4.6454e+01 1.9988e-05 23.2330
1092 2.3934e+01 4.7869e+01 2.0087e-05 23.9410
1093 2.4664e+01 4.9328e+01 2.0187e-05 24.6700
1094 2.5416e+01 5.0833e+01 2.0287e-05 25.4220
1095 2.6192e+01 5.2385e+01 2.0387e-05 26.1980
1096 2.6993e+01 5.3986e+01 2.0488e-05 26.9990
1097 2.7818e+01 5.5637e+01 2.0589e-05 27.8250
1098 2.8670e+01 5.7340e+01 2.0690e-05 28.6760
1099 2.9549e+01 5.9098e+01 2.0792e-05 29.5550
1100 3.0455e+01 6.0911e+01 2.0894e-05 30.4610
1101 3.1390e+01 6.2781e+01 2.0996e-05 31.3960
1102 3.2355e+01 6.4710e+01 2.1099e-05 32.3610
1103 3.3350e+01 6.6700e+01 2.1201e-05 33.3560
1104 3.4377e+01 6.8754e+01 2.1304e-05 34.3830
1105 3.5436e+01 7.0873e+01 2.1408e-05 35.4420
1106 3.6529e+01 7.3059e+01 2.1512e-05 36.5350
1107 3.7657e+01 7.5314e+01 2.1616e-05 37.6630
1108 3.8820e+01 7.7642e+01 2.1720e-05 38.8270
1109 4.0021e+01 8.0043e+01 2.1824e-05 40.0280
1110 4.1260e+01 8.2521e+01 2.1929e-05 41.2660
1111 4.2539e+01 8.5078e+01 2.2035e-05 42.5450
1112 4.3858e+01 8.7717e+01 2.2140e-05 43.8640
1113 4.5219e+01 9.0440e+01 2.2246e-05 45.2260
1114 4.6624e+01 9.3250e+01 2.2352e-05 46.6310
1115 4.8074e+01 9.6150e+01 2.2458e-05 48.0810
1116 4.9571e+01 9.9143e+01 2.2565e-05 49.5770
1117 5.1115e+01 1.0223e+02 2.2671e-05 51.1220
1118 5.2709e+01 1.0542e+02 2.2779e-05 52.7160
1119 5.4354e+01 1.0871e+02 2.2886e-05 54.3610
1120 5.6053e+01 1.1211e+02 2.2994e-05 56.0590
1121 5.7805e+01 1.1561e+02 2.3102e-05 57.8120
1122 5.9614e+01 1.1923e+02 2.3210e-05 59.6210
1123 6.1482e+01 1.2296e+02 2.3318e-05 61.4880
1124 6.3410e+01 1.2682e+02 2.3427e-05 63.4160
1125 6.5400e+01 1.3080e+02 2.3536e-05 65.4060
1126 6.7454e+01 1.3491e+02 2.3646e-05 67.4600
1127 6.9575e+01 1.3915e+02 2.3755e-05 69.5810
1128 7.1764e+01 1.4353e+02 2.3865e-05 71.7700
1129 7.4024e+01 1.4805e+02 2.3975e-05 74.0300
1130 7.6358e+01 1.5272e+02 2.4086e-05 76.3640
1131 7.8767e+01 1.5754e+02 2.4197e-05 78.7730
1132 8.1255e+01 1.6251e+02 2.4308e-05 81.2610
1133 8.3823e+01 1.6765e+02 2.4419e-05 83.8290
1134 8.6475e+01 1.7295e+02 2.4530e-05 86.4810
1135 8.9213e+01 1.7843e+02 2.4642e-05 89.2190
1136 9.2041e+01 1.8408e+02 2.4754e-05 92.0470
1137 9.4961e+01 1.8992e+02 2.4867e-05 94.9670
1138 9.7976e+01 1.9595e+02 2.4979e-05 97.9820
1139 1.0109e+02 2.0218e+02 2.5092e-05 101.1000
1140 1.0430e+02 2.0861e+02 2.5205e-05 104.3100
1141 1.0763e+02 2.1525e+02 2.5319e-05 107.6300
1142 1.1105e+02 2.2211e+02 2.5433e-05 111.0600
1143 1.1460e+02 2.2919e+02 2.5547e-05 114.6000
1144 1.1825e+02 2.3651e+02 2.5661e-05 118.2600
1145 1.2203e+02 2.4407e+02 2.5776e-05 122.0400
1146 1.2594e+02 2.5187e+02 2.5891e-05 125.9400
1147 1.2997e+02 2.5993e+02 2.6006e-05 129.9700
1148 1.3413e+02 2.6826e+02 2.6121e-05 134.1400
1149 1.3843e+02 2.7686e+02 2.6237e-05 138.4400
1150 1.4287e+02 2.8575e+02 2.6353e-05 142.8800
1151 1.4746e+02 2.9492e+02 2.6469e-05 147.4700
1152 1.5220e+02 3.0441e+02 2.6586e-05 152.2100
1153 1.5710e+02 3.1420e+02 2.6703e-05 157.1000
1154 1.6216e+02 3.2432e+02 2.6820e-05 162.1600
1155 1.6738e+02 3.3477e+02 2.6937e-05 167.3900
1156 1.7278e+02 3.4557e+02 2.7055e-05 172.7900
1157 1.7836e+02 3.5673e+02 2.7173e-05 178.3700
1158 1.8413e+02 3.6826e+02 2.7292e-05 184.1300
1159 1.9008e+02 3.8017e+02 2.7410e-05 190.0900
1160 1.9624e+02 3.9248e+02 2.7529e-05 196.2400
1161 2.0260e+02 4.0520e+02 2.7649e-05 202.6000
1162 2.0917e+02 4.1834e+02 2.7768e-05 209.1700
1163 2.1596e+02 4.3192e+02 2.7888e-05 215.9600
1164 2.2297e+02 4.4595e+02 2.8008e-05 222.9800
1165 2.3022e+02 4.6045e+02 2.8129e-05 230.2300
1166 2.3772e+02 4.7544e+02 2.8250e-05 237.7200
1167 2.4546e+02 4.9092e+02 2.8371e-05 245.4600
1168 2.5346e+02 5.0693e+02 2.8492e-05 253.4700
1169 2.6173e+02 5.2347e+02 2.8614e-05 261.7400
1170 2.7028e+02 5.4056e+02 2.8736e-05 270.2800
1171 2.7911e+02 5.5823e+02 2.8859e-05 279.1200
1172 2.8824e+02 5.7649e+02 2.8981e-05 288.2500
1173 2.9768e+02 5.9537e+02 2.9105e-05 297.6900
1174 3.0744e+02 6.1488e+02 2.9228e-05 307.4400
1175 3.1752e+02 6.3505e+02 2.9352e-05 317.5300
1176 3.2795e+02 6.5590e+02 2.9476e-05 327.9500
1177 3.3872e+02 6.7745e+02 2.9601e-05 338.7300
1178 3.4986e+02 6.9973e+02 2.9725e-05 349.8700
1179 3.6138e+02 7.2276e+02 2.9851e-05 361.3800
1180 3.7328e+02 7.4657e+02 2.9976e-05 373.2900
1181 3.8559e+02 7.7118e+02 3.0102e-05 385.5900
1182 3.9831e+02 7.9663e+02 3.0228e-05 398.3200
1183 4.1147e+02 8.2294e+02 3.0355e-05 411.4700
1184 4.2507e+02 8.5014e+02 3.0482e-05 425.0700
1185 4.3913e+02 8.7827e+02 3.0610e-05 439.1300
1186 4.5367e+02 9.0735e+02 3.0737e-05 453.6800
1187 4.6871e+02 9.3742e+02 3.0866e-05 468.7100
1188 4.8425e+02 9.6851e+02 3.0994e-05 484.2600
1189 5.0033e+02 1.0007e+03 3.1123e-05 500.3300
1190 5.1695e+02 1.0339e+03 3.1253e-05 516.9600
1191 5.3414e+02 1.0683e+03 3.1382e-05 534.1500
1192 5.5192e+02 1.1038e+03 3.1513e-05 551.9200
1193 5.7030e+02 1.1406e+03 3.1643e-05 570.3100
1194 5.8932e+02 1.1786e+03 3.1774e-05 589.3200
1195 6.0898e+02 1.2180e+03 3.1906e-05 608.9900
1196 6.2932e+02 1.2586e+03 3.2038e-05 629.3200
1197 6.5035e+02 1.3007e+03 3.2170e-05 650.3600
1198 6.7211e+02 1.3442e+03 3.2303e-05 672.1100
1199 6.9461e+02 1.3892e+03 3.2436e-05 694.6200
1200 7.1789e+02 1.4358e+03 3.2570e-05 717.8900
1201 7.4197e+02 1.4839e+03 3.2704e-05 741.9700
1202 7.6687e+02 1.5338e+03 3.2839e-05 766.8700
1203 7.9263e+02 1.5853e+03 3.2974e-05 792.6400
1204 8.1928e+02 1.6386e+03 3.3109e-05 819.2900
1205 8.4685e+02 1.6937e+03 3.3245e-05 846.8600
1206 8.7538e+02 1.7508e+03 3.3382e-05 875.3800
1207 9.0488e+02 1.8098e+03 3.3519e-05 904.8900
1208 9.3541e+02 1.8708e+03 3.3657e-05 935.4100
1209 9.6699e+02 1.9340e+03 3.3795e-05 967.0000
1210 9.9967e+02 1.9994e+03 3.3933e-05 999.6800
1211 1.0335e+03 2.0670e+03 3.4072e-05 1033.5000
1212 1.0685e+03 2.1370e+03 3.4212e-05 1068.5000
1213 1.1047e+03 2.2093e+03 3.4352e-05 1104.7000
1214 1.1421e+03 2.2843e+03 3.4493e-05 1142.1000
1215 1.1809e+03 2.3618e+03 3.4634e-05 1180.9000
1216 1.2210e+03 2.4420e+03 3.4776e-05 1221.0000
1217 1.2625e+03 2.5250e+03 3.4918e-05 1262.5000
1218 1.3054e+03 2.6109e+03 3.5061e-05 1305.4000
1219 1.3499e+03 2.6998e+03 3.5204e-05 1349.9000
1220 1.3959e+03 2.7918e+03 3.5349e-05 1395.9000
1221 1.4435e+03 2.8870e+03 3.5493e-05 1443.5000
1222 1.4928e+03 2.9856e+03 3.5638e-05 1492.8000
1223 1.5438e+03 3.0876e+03 3.5784e-05 1543.8000
1224 1.5966e+03 3.1931e+03 3.5931e-05 1596.6000
1225 1.6512e+03 3.3024e+03 3.6078e-05 1651.2000
1226 1.7077e+03 3.4155e+03 3.6226e-05 1707.7000
1227 1.7663e+03 3.5326e+03 3.6374e-05 1766.3000
1228 1.8269e+03 3.6537e+03 3.6523e-05 1826.9000
1229 1.8896e+03 3.7792e+03 3.6673e-05 1889.6000
1230 1.9545e+03 3.9091e+03 3.6823e-05 1954.5000
1231 2.0217e+03 4.0435e+03 3.6974e-05 2021.7000
1232 2.0913e+03 4.1827e+03 3.7126e-05 2091.3000
1233 2.1633e+03 4.3267e+03 3.7278e-05 2163.4000
1234 2.2379e+03 4.4759e+03 3.7431e-05 2237.9000
1235 2.3151e+03 4.6303e+03 3.7585e-05 2315.1000
1236 2.3951e+03 4.7902e+03 3.7739e-05 2395.1000
1237 2.4779e+03 4.9558e+03 3.7895e-05 2477.9000
1238 2.5636e+03 5.1272e+03 3.8050e-05 2563.6000
1239 2.6523e+03 5.3047e+03 3.8207e-05 2652.3000
1240 2.7442e+03 5.4885e+03 3.8364e-05 2744.2000
1241 2.8394e+03 5.6788e+03 3.8523e-05 2839.4000
1242 2.9379e+03 5.8758e+03 3.8681e-05 2937.9000
1243 3.0399e+03 6.0799e+03 3.8841e-05 3039.9000
1244 3.1456e+03 6.2912e+03 3.9001e-05 3145.6000
1245 3.2550e+03 6.5101e+03 3.9163e-05 3255.0000
1246 3.3683e+03 6.7368e+03 3.9325e-05 3368.4000
1247 3.4857e+03 6.9715e+03 3.9487e-05 3485.7000
1248 3.6073e+03 7.2146e+03 3.9651e-05 3607.3000
1249 3.7332e+03 7.4664e+03 3.9815e-05 3733.2000
1250 3.8636e+03 7.7272e+03 3.9981e-05 3863.6000
1251 3.9986e+03 7.9973e+03 4.0147e-05 3998.6000
1252 4.1385e+03 8.2771e+03 4.0314e-05 4138.5000
1253 4.2834e+03 8.5670e+03 4.0481e-05 4283.5000
1254 4.4336e+03 8.8672e+03 4.0650e-05 4433.6000
1255 4.5890e+03 9.1782e+03 4.0820e-05 4589.1000
1256 4.7501e+03 9.5003e+03 4.0990e-05 4750.1000
1257 4.9170e+03 9.8341e+03 4.1161e-05 4917.0000
1258 5.0899e+03 1.0180e+04 4.1333e-05 5089.9000
1259 5.2689e+03 1.0538e+04 4.1506e-05 5269.0000
1260 5.4545e+03 1.0909e+04 4.1680e-05 5454.5000
1261 5.6467e+03 1.1294e+04 4.1855e-05 5646.7000
1262 5.8459e+03 1.1692e+04 4.2031e-05 5845.9000
1263 6.0522e+03 1.2105e+04 4.2208e-05 6052.2000
1264 6.2661e+03 1.2532e+04 4.2386e-05 6266.1000
1265 6.4876e+03 1.2975e+04 4.2565e-05 6487.6000
1266 6.7172e+03 1.3434e+04 4.2744e-05 6717.2000
1267 6.9550e+03 1.3910e+04 4.2925e-05 6955.0000
1268 7.2015e+03 1.4403e+04 4.3107e-05 7201.5000
1269 7.4570e+03 1.4914e+04 4.3289e-05 7457.0000
1270 7.7217e+03 1.5443e+04 4.3473e-05 7721.7000
1271 7.9960e+03 1.5992e+04 4.3657e-05 7996.0000
1272 8.2803e+03 1.6561e+04 4.3843e-05 8280.3000
1273 8.5750e+03 1.7150e+04 4.4030e-05 8575.0000
1274 8.8803e+03 1.7761e+04 4.4218e-05 8880.3000
1275 9.1968e+03 1.8394e+04 4.4407e-05 9196.8000
1276 9.5249e+03 1.9050e+04 4.4596e-05 9524.9000
1277 9.8649e+03 1.9730e+04 4.4787e-05 9864.9000
1278 1.0217e+04 2.0435e+04 4.4979e-05 10217.0000
1279 1.0583e+04 2.1165e+04 4.5173e-05 10583.0000
1280 1.0961e+04 2.1923e+04 4.5367e-05 10961.0000
1281 1.1354e+04 2.2708e+04 4.5562e-05 11354.0000
1282 1.1761e+04 2.3522e+04 4.5759e-05 11761.0000
1283 1.2183e+04 2.4365e+04 4.5957e-05 12183.0000
1284 1.2620e+04 2.5240e+04 4.6155e-05 12620.0000
1285 1.3073e+04 2.6147e+04 4.6355e-05 13073.0000
1286 1.3543e+04 2.7087e+04 4.6556e-05 13543.0000
1287 1.4031e+04 2.8062e+04 4.6759e-05 14031.0000
1288 1.4536e+04 2.9072e+04 4.6962e-05 14536.0000
1289 1.5060e+04 3.0120e+04 4.7167e-05 15060.0000
1290 1.5603e+04 3.1206e+04 4.7372e-05 15603.0000
1291 1.6166e+04 3.2333e+04 4.7579e-05 16166.0000
1292 1.6750e+04 3.3501e+04 4.7788e-05 16750.0000
1293 1.7356e+04 3.4712e+04 4.7997e-05 17356.0000
1294 1.7984e+04 3.5968e+04 4.8208e-05 17984.0000
1295 1.8635e+04 3.7270e+04 4.8420e-05 18635.0000
1296 1.9310e+04 3.8621e+04 4.8633e-05 19310.0000
1297 2.0010e+04 4.0021e+04 4.8847e-05 20010.0000
1298 2.0737e+04 4.1474e+04 4.9063e-05 20737.0000
1299 2.1490e+04 4.2980e+04 4.9281e-05 21490.0000
1300 2.2271e+04 4.4543e+04 4.9499e-05 22271.0000
1301 2.3081e+04 4.6163e+04 4.9719e-05 23081.0000
1302 2.3922e+04 4.7844e+04 4.9941e-05 23922.0000
1303 2.4793e+04 4.9587e+04 5.0164e-05 24793.0000
1304 2.5698e+04 5.1395e+04 5.0388e-05 25698.0000
1305 2.6635e+04 5.3271e+04 5.0613e-05 26635.0000
1306 2.7608e+04 5.5217e+04 5.0840e-05 27608.0000
1307 2.8617e+04 5.7235e+04 5.1068e-05 28617.0000
1308 2.9664e+04 5.9329e+04 5.1297e-05 29664.0000
1309 3.0750e+04 6.1501e+04 5.1527e-05 30750.0000
1310 3.1877e+04 6.3754e+04 5.1758e-05 31877.0000
1311 3.3045e+04 6.6091e+04 5.1991e-05 33045.0000
1312 3.4258e+04 6.8516e+04 5.2224e-05 34258.0000
1313 3.5516e+04 7.1033e+04 5.2459e-05 35516.0000
1314 3.6821e+04 7.3643e+04 5.2696e-05 36821.0000
1315 3.8175e+04 7.6352e+04 5.2934e-05 38175.0000
1316 3.9581e+04 7.9162e+04 5.3175e-05 39581.0000
1317 4.1039e+04 8.2078e+04 5.3418e-05 41039.0000
1318 4.2551e+04 8.5104e+04 5.3663e-05 42551.0000
1319 4.4121e+04 8.8243e+04 5.3911e-05 44121.0000
1320 4.5750e+04 9.1501e+04 5.4161e-05 45750.0000
1321 4.7441e+04 9.4882e+04 5.4414e-05 47441.0000
1322 4.9195e+04 9.8391e+04 5.4670e-05 49195.0000
1323 5.1016e+04 1.0203e+05 5.4927e-05 51016.0000
1324 5.2905e+04 1.0581e+05 5.5185e-05 52905.0000
1325 5.4866e+04 1.0973e+05 5.5444e-05 54866.0000
1326 5.6901e+04 1.1380e+05 5.5702e-05 56901.0000
1327 5.9013e+04 1.1803e+05 5.5960e-05 59013.0000
1328 6.1206e+04 1.2241e+05 5.6216e-05 61206.0000
1329 6.3481e+04 1.2696e+05 5.6470e-05 63481.0000
1330 6.5843e+04 1.3169e+05 5.6721e-05 65843.0000
1331 6.8295e+04 1.3659e+05 5.6969e-05 68295.0000
1332 7.0840e+04 1.4168e+05 5.7216e-05 70840.0000
1333 7.3481e+04 1.4696e+05 5.7464e-05 73481.0000
1334 7.6224e+04 1.5245e+05 5.7716e-05 76224.0000
1335 7.9070e+04 1.5814e+05 5.7975e-05 79070.0000
1336 8.2026e+04 1.6405e+05 5.8243e-05 82026.0000
1337 8.5094e+04 1.7019e+05 5.8522e-05 85094.0000
1338 8.8280e+04 1.7656e+05 5.8815e-05 88280.0000
1339 9.1587e+04 1.8318e+05 5.9124e-05 91587.0000
1340 9.5021e+04 1.9004e+05 5.9452e-05 95021.0000
1341 9.8586e+04 1.9717e+05 5.9800e-05 98586.0000
1342 1.0229e+05 2.0458e+05 6.0159e-05 102290.0000
1343 1.0613e+05 2.1226e+05 6.0522e-05 106130.0000
1344 1.1012e+05 2.2025e+05 6.0879e-05 110120.0000
1345 1.1427e+05 2.2853e+05 6.1220e-05 114270.0000
1346 1.1857e+05 2.3714e+05 6.1537e-05 118570.0000
1347 1.2304e+05 2.4608e+05 6.1819e-05 123040.0000
1348 1.2768e+05 2.5536e+05 6.2059e-05 127680.0000
1349 1.3250e+05 2.6500e+05 6.2247e-05 132500.0000
1350 1.3750e+05 2.7501e+05 6.2373e-05 137500.0000
