# Fiducial parameters, omega_b = 0.022383, omega_cdm = 0.12011, n_s = 0.96605, A_s = 2.1005e-09, 100*theta_s = 1.0417, m_ncdm = 0.02, tau_reio = 0.0543, H0 = 0, z_reio = 0, Omega_Lambda = 0
    2  1063.2217  0.032395236  2.746982  
    3  503.79077  0.020816938  1.5423279  
    4  286.3807  0.010837082  0.8652201  
    5  182.97533  0.0048409916  0.49115125  
    6  126.81239  0.0019435971  0.28249454  
    7  93.222338  0.00079370993  0.1663165  
    8  71.659911  0.00040196262  0.10211064  
    9  57.022489  0.00026093827  0.067085813  
   10  46.615156  0.00018504663  0.048263508  
   11  38.967105  0.00013183423  0.038193129  
   12  33.16205  9.9026856e-05  0.03264599  
   13  28.64933  8.2241397e-05  0.029325472  
   14  25.066298  7.4745462e-05  0.027051892  
   15  22.175626  7.0875155e-05  0.025260796  
   16  19.800023  6.9306168e-05  0.023722887  
   17  17.827436  6.960332e-05  0.022363312  
   18  16.164211  7.2433915e-05  0.021173035  
   19  14.750099  7.6638259e-05  0.020147191  
   20  13.536649  8.2296961e-05  0.019274431  
   21  12.487803  8.8289174e-05  0.018524644  
   22  11.572833  9.4649799e-05  0.017861493  
   23  10.769942  0.00010101716  0.017242518  
   24  10.060703  0.00010781488  0.016629387  
   25  9.4312224  0.00011436199  0.016006428  
   26  8.8693081  0.00012102408  0.015365969  
   27  8.3650163  0.00012773261  0.014709701  
   28  7.9096815  0.00013455433  0.014042784  
   29  7.4974991  0.00014140941  0.013374901  
   30  7.1233798  0.00014857458  0.012716866  
   31  6.7824935  0.00015584246  0.012076972  
   32  6.4710467  0.00016319385  0.011453424  
   33  6.1855053  0.00017060862  0.010841909  
   34  5.9225814  0.00017806801  0.010238482  
   35  5.6799713  0.00018556083  0.0096406971  
   36  5.4556173  0.00019307738  0.0090464788  
   37  5.2475755  0.00020060856  0.0084543666  
   38  5.0543554  0.00020814795  0.0078653563  
   39  4.8745801  0.00021568945  0.0072810574  
   40  4.7068726  0.00022322703  0.0067030798  
   41  4.5499586  0.00023075418  0.0061328113  
   42  4.4029748  0.00023826247  0.0055707528  
   43  4.2651603  0.00024574294  0.0050171833  
   44  4.1357542  0.00025318667  0.0044723818  
   45  4.0140322  0.00026058584  0.0039364868  
   46  3.8994152  0.00026793735  0.0034090748  
   47  3.7913603  0.00027523891  0.0028895815  
   48  3.6893251  0.00028248863  0.002377443  
   49  3.5927666  0.00028968425  0.001872095  
   50  3.5011891  0.00029682285  0.0013730625  
   51  3.414285  0.0003038971  0.00088022667  
   52  3.3317934  0.00031089875  0.00039355758  
   53  3.2534537  0.00031781955  -8.6974576e-05  
   54  3.1790049  0.00032465123  -0.00056139962  
   55  3.1081948  0.00033138673  -0.0010297065  
   56  3.0408042  0.00033802292  -0.0014917208  
   57  2.9766222  0.00034455817  -0.0019472272  
   58  2.915438  0.00035099042  -0.0023960102  
   59  2.8570408  0.00035731805  -0.0028378547  
   60  2.8012199  0.00036353911  -0.0032725452  
   61  2.7477815  0.00036965093  -0.0036998913  
   62  2.6966011  0.00037564682  -0.0041198019  
   63  2.6475711  0.00038151946  -0.004532211  
   64  2.6005839  0.00038726155  -0.0049370524  
   65  2.5555323  0.00039286557  -0.0053342599  
   66  2.5123086  0.0003983241  -0.0057237673  
   67  2.4708053  0.00040362973  -0.0061055087  
   68  2.4309213  0.00040877646  -0.0064794322  
   69  2.3925804  0.00041376336  -0.0068455439  
   70  2.3557128  0.00041859081  -0.0072038643  
   71  2.3202486  0.00042325961  -0.007554414  
   72  2.2861179  0.00042776994  -0.0078972135  
   73  2.2532509  0.00043212239  -0.0082322833  
   74  2.2215777  0.00043631753  -0.008559644  
   75  2.1910285  0.00044035577  -0.008879316  
   76  2.1615384  0.0004442372  -0.0091913141  
   77  2.1330627  0.00044795975  -0.0094956299  
   78  2.1055617  0.00045152125  -0.0097922491  
   79  2.0789957  0.00045491924  -0.010081158  
   80  2.0533251  0.00045815135  -0.010362341  
   81  2.0285101  0.00046121533  -0.010635785  
   82  2.004511  0.00046410872  -0.010901476  
   83  1.9812882  0.00046682914  -0.0111594  
   84  1.9588039  0.00046937468  -0.011409546  
   85  1.9370281  0.00047174458  -0.011651928  
   86  1.9159329  0.00047393852  -0.01188656  
   87  1.8954902  0.00047595618  -0.01211346  
   88  1.875672  0.00047779734  -0.012332644  
   89  1.8564504  0.00047946169  -0.012544128  
   90  1.8377972  0.00048094869  -0.012747929  
   91  1.8196846  0.00048225824  -0.012944063  
   92  1.8020844  0.00048338991  -0.013132547  
   93  1.7849706  0.0004843437  -0.013313401  
   94  1.7683248  0.00048512032  -0.013486662  
   95  1.7521305  0.0004857209  -0.013652373  
   96  1.7363711  0.00048614634  -0.013810573  
   97  1.7210302  0.00048639769  -0.013961305  
   98  1.7060911  0.00048647605  -0.014104609  
   99  1.6915376  0.00048638236  -0.014240528  
  100  1.6773529  0.00048611773  -0.014369102  
  101  1.6635206  0.0004856831  -0.014490373  
  102  1.6500243  0.00048507958  -0.014604382  
  103  1.6368473  0.0004843081  -0.014711171  
  104  1.6239742  0.00048337004  -0.014810783  
  105  1.6113938  0.00048226764  -0.014903272  
  106  1.5990956  0.00048100358  -0.014988694  
  107  1.5870695  0.00047958037  -0.015067106  
  108  1.5753051  0.0004780007  -0.015138564  
  109  1.5637922  0.00047626705  -0.015203124  
  110  1.5525204  0.00047438213  -0.015260843  
  111  1.5414795  0.00047234853  -0.015311776  
  112  1.5306592  0.00047016874  -0.015355981  
  113  1.5200492  0.00046784536  -0.015393513  
  114  1.5096393  0.00046538117  -0.01542443  
  115  1.499419  0.00046277858  -0.015448786  
  116  1.4893789  0.00046004024  -0.015466642  
  117  1.479512  0.00045716914  -0.01547807  
  118  1.4698119  0.00045416824  -0.015483146  
  119  1.4602723  0.00045104049  -0.015481945  
  120  1.450887  0.00044778876  -0.015474543  
  121  1.4416497  0.00044441611  -0.015461016  
  122  1.432554  0.00044092547  -0.015441439  
  123  1.4235938  0.00043731973  -0.015415888  
  124  1.4147625  0.00043360192  -0.015384439  
  125  1.4060541  0.00042977501  -0.015347168  
  126  1.3974621  0.00042584195  -0.015304149  
  127  1.3889804  0.00042180561  -0.015255459  
  128  1.3806025  0.00041766913  -0.015201173  
  129  1.3723226  0.00041343549  -0.015141369  
  130  1.3641366  0.00040910879  -0.015076132  
  131  1.3560409  0.00040469327  -0.01500555  
  132  1.3480316  0.00040019313  -0.014929711  
  133  1.3401052  0.00039561252  -0.014848701  
  134  1.332258  0.00039095583  -0.014762608  
  135  1.3244862  0.00038622711  -0.01467152  
  136  1.3167862  0.00038143068  -0.014575524  
  137  1.3091543  0.00037657085  -0.014474707  
  138  1.3015869  0.00037165165  -0.014369157  
  139  1.2940801  0.0003666774  -0.014258961  
  140  1.2866304  0.00036165242  -0.014144207  
  141  1.279234  0.00035658074  -0.014024982  
  142  1.2718873  0.00035146669  -0.013901374  
  143  1.2645866  0.00034631457  -0.01377347  
  144  1.2573285  0.00034112838  -0.013641358  
  145  1.2501108  0.00033591231  -0.013505132  
  146  1.2429317  0.00033067012  -0.013364888  
  147  1.2357893  0.00032540596  -0.013220719  
  148  1.2286816  0.00032012369  -0.013072721  
  149  1.221607  0.00031482728  -0.012920989  
  150  1.2145634  0.00030952076  -0.012765616  
  151  1.2075491  0.00030420791  -0.012606699  
  152  1.2005621  0.00029889288  -0.012444331  
  153  1.1936005  0.00029357951  -0.012278607  
  154  1.1866626  0.00028827178  -0.012109623  
  155  1.1797465  0.00028297374  -0.011937473  
  156  1.1728502  0.00027768923  -0.011762252  
  157  1.1659719  0.00027242223  -0.011584054  
  158  1.1591098  0.00026717678  -0.011402975  
  159  1.152262  0.00026195675  -0.011219109  
  160  1.1454265  0.00025676608  -0.011032551  
  161  1.1386018  0.0002516088  -0.010843396  
  162  1.131787  0.00024648855  -0.010651737  
  163  1.1249814  0.00024140913  -0.010457666  
  164  1.1181843  0.00023637426  -0.010261277  
  165  1.1113951  0.00023138743  -0.010062664  
  166  1.1046131  0.00022645266  -0.0098619187  
  167  1.0978377  0.00022157344  -0.0096591348  
  168  1.0910681  0.00021675348  -0.0094544053  
  169  1.0843037  0.0002119967  -0.0092478233  
  170  1.0775439  0.00020730648  -0.0090394819  
  171  1.070788  0.00020268685  -0.0088294741  
  172  1.0640353  0.0001981413  -0.0086178931  
  173  1.0572851  0.00019367364  -0.0084048319  
  174  1.0505368  0.00018928758  -0.0081903836  
  175  1.0437898  0.00018498682  -0.0079746414  
  176  1.0370432  0.00018077496  -0.0077576983  
  177  1.0302966  0.00017665582  -0.0075396474  
  178  1.0235492  0.00017263309  -0.0073205817  
  179  1.0168004  0.00016871048  -0.0071005945  
  180  1.0100495  0.00016489147  -0.0068797767  
  181  1.0032967  0.00016117854  -0.0066582117  
  182  0.99654187  0.00015757397  -0.0064359808  
  183  0.98978525  0.00015408003  -0.0062131654  
  184  0.98302688  0.00015069897  -0.0059898467  
  185  0.97626686  0.00014743306  -0.005766106  
  186  0.96950527  0.00014428457  -0.0055420248  
  187  0.96274221  0.00014125575  -0.0053176842  
  188  0.95597777  0.00013834898  -0.0050931657  
  189  0.94921204  0.00013556643  -0.0048685505  
  190  0.94244511  0.00013291034  -0.0046439199  
  191  0.93567707  0.000130383  -0.0044193554  
  192  0.92890802  0.00012798665  -0.0041949382  
  193  0.92213805  0.00012572368  -0.0039707496  
  194  0.91536724  0.00012359634  -0.0037468709  
  195  0.90859569  0.00012160679  -0.0035233835  
  196  0.90182348  0.00011975731  -0.0033003687  
  197  0.89505072  0.00011805025  -0.0030779078  
  198  0.88827749  0.00011648778  -0.0028560821  
  199  0.88150389  0.00011507227  -0.002634973  
  200  0.87473  0.00011380588  -0.0024146617  
  201  0.86795598  0.00011269068  -0.002195226  
  202  0.86118226  0.00011172746  -0.0019767294  
  203  0.85440935  0.0001109167  -0.0017592315  
  204  0.84763772  0.0001102588  -0.0015427922  
  205  0.84086788  0.00010975435  -0.0013274714  
  206  0.83410033  0.00010940384  -0.0011133288  
  207  0.82733556  0.00010920776  -0.00090042416  
  208  0.82057406  0.00010916661  -0.0006888174  
  209  0.81381634  0.00010928087  -0.00047856828  
  210  0.80706288  0.00010955104  -0.00026973661  
  211  0.80031418  0.00010997761  -6.2382192e-05  
  212  0.79357075  0.00011056106  0.00014343516  
  213  0.78683307  0.00011130189  0.00034765564  
  214  0.78010164  0.0001122006  0.00055021945  
  215  0.77337695  0.00011325777  0.00075106677  
  216  0.76665951  0.00011447379  0.0009501378  
  217  0.7599498  0.00011584915  0.0011473727  
  218  0.75324832  0.00011738446  0.0013427118  
  219  0.74655558  0.00011908009  0.0015360951  
  220  0.73987206  0.00012093663  0.0017274629  
  221  0.73319826  0.00012295449  0.0019167554  
  222  0.72653467  0.00012513425  0.0021039127  
  223  0.7198818  0.0001274764  0.0022888751  
  224  0.71324015  0.000129981  0.0024715877  
  225  0.70661031  0.00013264692  0.0026520153  
  226  0.69999287  0.00013547263  0.0028301278  
  227  0.69338845  0.00013845655  0.0030058948  
  228  0.68679763  0.00014159705  0.0031792863  
  229  0.68022102  0.00014489276  0.0033502719  
  230  0.67365922  0.00014834204  0.0035188216  
  231  0.66711283  0.00015194322  0.0036849049  
  232  0.66058245  0.00015569496  0.0038484918  
  233  0.65406868  0.00015959571  0.0040095521  
  234  0.64757212  0.00016364371  0.0041680554  
  235  0.64109337  0.0001678376  0.0043239717  
  236  0.63463304  0.00017217573  0.0044772706  
  237  0.62819171  0.00017665666  0.004627922  
  238  0.62177  0.00018127872  0.0047758956  
  239  0.61536849  0.00018604046  0.0049211613  
  240  0.6089878  0.00019094024  0.0050636888  
  241  0.60262853  0.00019597659  0.0052034479  
  242  0.59629126  0.00020114796  0.0053404085  
  243  0.58997661  0.0002064528  0.0054745402  
  244  0.58368518  0.00021188956  0.0056058129  
  245  0.57741755  0.00021745668  0.0057341963  
  246  0.57117435  0.00022315251  0.0058596603  
  247  0.56495615  0.0002289758  0.0059821745  
  248  0.55876358  0.00023492469  0.006101709  
  249  0.55259721  0.00024099772  0.0062182333  
  250  0.54645764  0.00024719319  0.0063317227  
  251  0.54034537  0.0002535082  0.0064421743  
  252  0.53426086  0.00025993939  0.0065495905  
  253  0.5282046  0.0002664839  0.0066539738  
  254  0.52217706  0.0002731384  0.0067553266  
  255  0.51617871  0.00027989981  0.0068536515  
  256  0.51021004  0.00028676498  0.0069489509  
  257  0.50427151  0.00029373065  0.0070412272  
  258  0.49836362  0.00030079388  0.0071304829  
  259  0.49248682  0.0003079514  0.0072167205  
  260  0.4866416  0.00031520006  0.0072999425  
  261  0.48082844  0.0003225367  0.0073801514  
  262  0.4750478  0.00032995827  0.0074573495  
  263  0.46930017  0.00033746151  0.0075315394  
  264  0.46358603  0.00034504337  0.0076027235  
  265  0.45790584  0.00035270058  0.0076709043  
  266  0.45226009  0.0003604301  0.0077360843  
  267  0.44664925  0.00036822877  0.0077982659  
  268  0.4410738  0.00037609344  0.0078574516  
  269  0.43553421  0.00038402084  0.0079136439  
  270  0.43003096  0.00039200802  0.0079668453  
  271  0.42456453  0.00040005192  0.0080170581  
  272  0.41913539  0.0004081489  0.0080642849  
  273  0.41374402  0.00041629629  0.0081085282  
  274  0.40839089  0.00042449094  0.0081497903  
  275  0.40307649  0.00043272969  0.0081880739  
  276  0.39780128  0.00044100839  0.0082233812  
  277  0.39256574  0.00044932588  0.0082557149  
  278  0.38737036  0.00045767701  0.0082850774  
  279  0.38221555  0.00046605956  0.0083114758  
  280  0.37710155  0.00047447006  0.0083349355  
  281  0.37202854  0.00048290599  0.0083554869  
  282  0.36699671  0.00049136182  0.0083731601  
  283  0.36200623  0.00049983503  0.0083879852  
  284  0.35705729  0.00050832209  0.0083999924  
  285  0.35215007  0.00051681948  0.0084092119  
  286  0.34728475  0.00052532366  0.0084156739  
  287  0.34246152  0.00053383113  0.0084194086  
  288  0.33768056  0.00054233834  0.0084204461  
  289  0.33294205  0.00055084177  0.0084188166  
  290  0.32824618  0.00055933791  0.0084145503  
  291  0.32359312  0.00056782321  0.0084076773  
  292  0.31898306  0.00057629417  0.0083982279  
  293  0.31441618  0.00058474724  0.0083862322  
  294  0.30989266  0.00059317991  0.0083717203  
  295  0.30541269  0.00060158665  0.0083547226  
  296  0.30097645  0.00060996593  0.0083352691  
  297  0.29658413  0.00061831223  0.0083133899  
  298  0.29223589  0.00062662402  0.0082891154  
  299  0.28793193  0.00063489678  0.0082624757  
  300  0.28367244  0.00064312798  0.0082335008  
  301  0.27945758  0.0006513121  0.0082022211  
  302  0.27528755  0.00065944761  0.0081686667  
  303  0.27116252  0.00066752998  0.0081328678  
  304  0.26708268  0.00067555569  0.0080948545  
  305  0.26304822  0.00068352122  0.008054657  
  306  0.25905931  0.00069142403  0.0080123055  
  307  0.25511613  0.0006992596  0.0079678302  
  308  0.25121888  0.00070702441  0.0079212612  
  309  0.24736773  0.00071471593  0.0078726288  
  310  0.24356286  0.00072232963  0.0078219631  
  311  0.23980446  0.000729863  0.0077692942  
  312  0.23609265  0.00073731073  0.0077146545  
  313  0.23242733  0.00074467346  0.0076580846  
  314  0.22880836  0.00075194605  0.0075996273  
  315  0.22523556  0.00075912838  0.0075393254  
  316  0.22170878  0.00076621831  0.0074772216  
  317  0.21822787  0.00077321271  0.0074133588  
  318  0.21479267  0.00078010944  0.0073477797  
  319  0.21140303  0.00078690837  0.007280527  
  320  0.20805878  0.00079360436  0.0072116436  
  321  0.20475977  0.00080019729  0.0071411722  
  322  0.20150584  0.00080668502  0.0070691557  
  323  0.19829684  0.00081306441  0.0069956367  
  324  0.19513261  0.00081933433  0.0069206581  
  325  0.19201299  0.00082549266  0.0068442626  
  326  0.18893783  0.00083153625  0.006766493  
  327  0.18590697  0.00083746397  0.0066873921  
  328  0.18292026  0.00084327369  0.0066070026  
  329  0.17997753  0.00084896328  0.0065253674  
  330  0.17707863  0.0008545296  0.0064425292  
  331  0.17422341  0.00085997152  0.0063585307  
  332  0.1714117  0.0008652869  0.0062734149  
  333  0.16864335  0.00087047361  0.0061872243  
  334  0.16591821  0.00087552853  0.0061000019  
  335  0.16323611  0.0008804515  0.0060117903  
  336  0.1605969  0.00088523841  0.0059226324  
  337  0.15800043  0.00088988812  0.005832571  
  338  0.15544654  0.00089439949  0.0057416487  
  339  0.15293506  0.00089876839  0.0056499085  
  340  0.15046585  0.00090299369  0.005557393  
  341  0.14803875  0.00090707426  0.005464145  
  342  0.1456536  0.00091100595  0.0053702073  
  343  0.14331024  0.00091478865  0.0052756228  
  344  0.14100852  0.0009184192  0.0051804341  
  345  0.13874828  0.00092189549  0.005084684  
  346  0.13652937  0.00092521538  0.0049884154  
  347  0.13435162  0.00092837673  0.0048916709  
  348  0.13221489  0.00093137841  0.0047944934  
  349  0.13011897  0.00093421771  0.0046969242  
  350  0.12806352  0.00093689467  0.0045989988  
  351  0.12604815  0.00093941074  0.0045007514  
  352  0.12407249  0.00094176538  0.004402216  
  353  0.12213615  0.00094395903  0.0043034267  
  354  0.12023873  0.00094599316  0.0042044177  
  355  0.11837987  0.00094786722  0.004105223  
  356  0.11655917  0.00094958267  0.0040058767  
  357  0.11477624  0.00095113996  0.0039064129  
  358  0.11303072  0.00095253855  0.0038068658  
  359  0.1113222  0.0009537799  0.0037072694  
  360  0.10965031  0.00095486346  0.0036076578  
  361  0.10801466  0.00095579168  0.0035080651  
  362  0.10641487  0.00095656303  0.0034085255  
  363  0.10485055  0.00095717795  0.003309073  
  364  0.10332131  0.00095763891  0.0032097417  
  365  0.10182678  0.00095794436  0.0031105657  
  366  0.10036658  0.00095809675  0.0030115791  
  367  0.098940302  0.00095809454  0.002912816  
  368  0.097547579  0.00095794019  0.0028143106  
  369  0.096188021  0.00095763216  0.0027160968  
  370  0.094861246  0.00095717289  0.0026182089  
  371  0.093566868  0.00095656084  0.0025206809  
  372  0.092304503  0.00095579848  0.0024235468  
  373  0.091073766  0.00095488525  0.0023268409  
  374  0.089874274  0.00095382262  0.0022305972  
  375  0.088705641  0.00095260903  0.0021348497  
  376  0.087567484  0.00095124794  0.0020396327  
  377  0.086459417  0.00094973682  0.0019449802  
  378  0.085381057  0.00094807811  0.0018509262  
  379  0.084332019  0.00094627227  0.001757505  
  380  0.083311919  0.00094431875  0.0016647505  
  381  0.082320372  0.00094221902  0.001572697  
  382  0.081356993  0.00093997253  0.0014813784  
  383  0.080421399  0.00093758073  0.0013908289  
  384  0.079513205  0.00093504408  0.0013010826  
  385  0.078632027  0.00093236303  0.0012121736  
  386  0.07777748  0.00092953805  0.0011241359  
  387  0.07694918  0.00092656858  0.0010370038  
  388  0.076146738  0.00092345744  0.00095080748  
  389  0.075369748  0.00092020584  0.00086556242  
  390  0.074617802  0.00091681634  0.00078128026  
  391  0.073890491  0.00091329151  0.00069797269  
  392  0.073187402  0.00090963491  0.00061565135  
  393  0.072508129  0.00090584811  0.00053432793  
  394  0.071852261  0.00090193368  0.00045401408  
  395  0.071219389  0.00089789519  0.00037472148  
  396  0.070609102  0.00089373418  0.00029646178  
  397  0.070020992  0.00088945424  0.00021924665  
  398  0.069454649  0.00088505693  0.00014308777  
  399  0.068909664  0.00088054681  6.7996789e-05  
  400  0.068385627  0.00087592445  -6.0146203e-06  
  401  0.067882128  0.00087119342  -7.8934792e-05  
  402  0.067398758  0.00086635627  -0.00015075206  
  403  0.066935107  0.00086141558  -0.00022145476  
  404  0.066490766  0.00085637391  -0.00029103122  
  405  0.066065325  0.00085123383  -0.00035946979  
  406  0.065658375  0.0008459989  -0.00042675878  
  407  0.065269506  0.00084067068  -0.00049288655  
  408  0.064898309  0.00083525175  -0.00055784141  
  409  0.064544374  0.00082974567  -0.00062161171  
  410  0.064207292  0.000824154  -0.00068418578  
  411  0.063886652  0.00081848131  -0.00074555195  
  412  0.063582046  0.00081272816  -0.00080569856  
  413  0.063293065  0.00080689812  -0.00086461394  
  414  0.063019297  0.00080099276  -0.00092228642  
  415  0.062760335  0.00079501664  -0.00097870435  
  416  0.062515768  0.00078897133  -0.001033856  
  417  0.062285187  0.00078286039  -0.0010877298  
  418  0.062068182  0.00077668439  -0.0011403141  
  419  0.061864344  0.00077044789  -0.0011915971  
  420  0.061673263  0.00076415346  -0.0012415672  
  421  0.061494531  0.00075780267  -0.0012902128  
  422  0.061327736  0.00075139907  -0.0013375222  
  423  0.061172471  0.00074494524  -0.0013834836  
  424  0.061028324  0.00073844374  -0.0014280856  
  425  0.060894888  0.00073189713  -0.0014713162  
  426  0.060771752  0.00072530799  -0.001513164  
  427  0.060658527  0.00071867893  -0.0015536209  
  428  0.060554913  0.00071201375  -0.0015926929  
  429  0.060460625  0.00070531433  -0.0016303899  
  430  0.060375384  0.00069858454  -0.0016667216  
  431  0.060298907  0.00069182722  -0.0017016978  
  432  0.060230914  0.00068504526  -0.0017353283  
  433  0.060171122  0.0006782405  -0.0017676227  
  434  0.06011925  0.00067141783  -0.0017985909  
  435  0.060075017  0.00066457909  -0.0018282427  
  436  0.060038141  0.00065772716  -0.0018565877  
  437  0.06000834  0.0006508659  -0.0018836357  
  438  0.059985334  0.00064399818  -0.0019093966  
  439  0.05996884  0.00063712585  -0.00193388  
  440  0.059958577  0.00063025379  -0.0019570957  
  441  0.059954262  0.00062338285  -0.0019790536  
  442  0.059955617  0.0006165179  -0.0019997632  
  443  0.059962358  0.00060966081  -0.0020192344  
  444  0.059974204  0.00060281544  -0.002037477  
  445  0.059990873  0.00059598365  -0.0020545007  
  446  0.060012085  0.00058916931  -0.0020703153  
  447  0.060037558  0.00058237629  -0.0020849305  
  448  0.060067008  0.00057560544  -0.0020983561  
  449  0.060100156  0.00056886163  -0.0021106019  
  450  0.060136721  0.00056214672  -0.0021216775  
  451  0.06017642  0.00055546459  -0.0021315929  
  452  0.060218972  0.00054881809  -0.0021403576  
  453  0.060264096  0.00054220908  -0.0021479816  
  454  0.060311509  0.00053564244  -0.0021544745  
  455  0.060360932  0.00052912103  -0.0021598461  
  456  0.06041208  0.0005226467  -0.0021641061  
  457  0.060464675  0.00051622233  -0.0021672644  
  458  0.060518434  0.00050985278  -0.0021693307  
  459  0.060573076  0.00050353991  -0.0021703147  
  460  0.060628319  0.0004972866  -0.0021702262  
  461  0.060683881  0.00049109669  -0.0021690749  
  462  0.060739481  0.00048497206  -0.0021668707  
  463  0.060794839  0.00047891757  -0.0021636233  
  464  0.060849671  0.00047293408  -0.0021593424  
  465  0.060903697  0.00046702647  -0.0021540378  
  466  0.060956666  0.00046119736  -0.002147721  
  467  0.061008446  0.00045544848  -0.0021404101  
  468  0.061058936  0.00044978035  -0.0021321253  
  469  0.061108036  0.00044419646  -0.0021228863  
  470  0.061155645  0.00043869833  -0.0021127132  
  471  0.06120166  0.00043328644  -0.002101626  
  472  0.061245984  0.00042796432  -0.0020896445  
  473  0.061288511  0.00042273145  -0.0020767887  
  474  0.061329145  0.00041759235  -0.0020630786  
  475  0.061367783  0.00041254652  -0.0020485342  
  476  0.061404322  0.00040759646  -0.0020331753  
  477  0.061438664  0.00040274468  -0.002017022  
  478  0.061470707  0.00039799168  -0.0020000942  
  479  0.061500351  0.00039333997  -0.0019824118  
  480  0.061527493  0.00038879104  -0.0019639948  
  481  0.061552034  0.00038434741  -0.0019448632  
  482  0.061573872  0.00038001058  -0.0019250368  
  483  0.061592906  0.00037578104  -0.0019045358  
  484  0.061609037  0.00037166231  -0.0018833799  
  485  0.061622162  0.0003676559  -0.0018615892  
  486  0.061632181  0.00036376329  -0.0018391836  
  487  0.061638992  0.000359986  -0.0018161831  
  488  0.061642497  0.00035632653  -0.0017926076  
  489  0.061642591  0.00035278639  -0.0017684771  
  490  0.061639176  0.00034936708  -0.0017438115  
  491  0.061632151  0.00034607109  -0.0017186308  
  492  0.061621413  0.00034290295  -0.0016929549  
  493  0.061606864  0.00033986015  -0.0016668039  
  494  0.061588401  0.00033694419  -0.0016401975  
  495  0.061565924  0.00033415658  -0.0016131559  
  496  0.061539331  0.00033149883  -0.0015856989  
  497  0.061508523  0.00032898243  -0.0015578465  
  498  0.061473398  0.00032659889  -0.0015296186  
  499  0.061433856  0.00032435972  -0.0015010353  
  500  0.061389795  0.00032225642  -0.0014721164  
  501  0.061341115  0.00032029049  -0.0014428819  
  502  0.061287715  0.00031847343  -0.0014133518  
  503  0.061229493  0.00031679676  -0.001383546  
  504  0.061166349  0.00031528197  -0.0013534845  
  505  0.061098206  0.00031390024  -0.0013231866  
  506  0.06102508  0.00031267137  -0.0012926698  
  507  0.060947008  0.00031160484  -0.0012619507  
  508  0.060864031  0.00031067013  -0.0012310462  
  509  0.060776187  0.00030989671  -0.0011999731  
  510  0.060683515  0.00030927406  -0.001168748  
  511  0.060586054  0.00030879166  -0.0011373878  
  512  0.060483842  0.00030846898  -0.0011059093  
  513  0.060376919  0.0003082855  -0.0010743293  
  514  0.060265325  0.0003082607  -0.0010426644  
  515  0.060149098  0.00030837405  -0.0010109315  
  516  0.060028275  0.00030864502  -0.00097914743  
  517  0.059902898  0.0003090631  -0.00094732887  
  518  0.059773005  0.00030963776  -0.00091549264  
  519  0.059638634  0.00031034848  -0.00088365551  
  520  0.059499825  0.00031122473  -0.00085183426  
  521  0.059356616  0.00031223598  -0.00082004566  
  522  0.059209049  0.00031341173  -0.00078830649  
  523  0.059057159  0.00031473143  -0.00075663353  
  524  0.058900988  0.00031619457  -0.00072504355  
  525  0.058740572  0.00031781063  -0.00069355334  
  526  0.058575954  0.00031957908  -0.00066217966  
  527  0.05840717  0.00032149939  -0.0006309393  
  528  0.05823426  0.00032357104  -0.00059984903  
  529  0.058057263  0.00032579352  -0.00056892563  
  530  0.057876218  0.00032816629  -0.00053818587  
  531  0.057691165  0.00033069883  -0.00050764654  
  532  0.057502141  0.00033337062  -0.0004773244  
  533  0.057309188  0.00033620113  -0.00044723625  
  534  0.057112342  0.00033917984  -0.00041739884  
  535  0.056911644  0.00034231623  -0.00038782897  
  536  0.056707133  0.00034559977  -0.0003585434  
  537  0.056498848  0.00034903994  -0.00032955892  
  538  0.056286828  0.00035262622  -0.0003008923  
  539  0.056071111  0.00035636808  -0.00027256031  
  540  0.055851735  0.00036027499  -0.00024457974  
  541  0.055628748  0.00036432644  -0.00021696737  
  542  0.055402177  0.0003685319  -0.00018973996  
  543  0.05517207  0.00037290085  -0.00016291429  
  544  0.054938467  0.00037742252  -0.00013650528  
  545  0.05470146  0.00038209523  -0.00011052031  
  546  0.054461144  0.00038691706  -8.4964908e-05  
  547  0.054217611  0.00039189607  -5.9844604e-05  
  548  0.053970946  0.00039703035  -3.5164919e-05  
  549  0.053721252  0.00040231796  -1.0931379e-05  
  550  0.053468632  0.00040774699  1.2850493e-05  
  551  0.05321316  0.00041333551  3.6175172e-05  
  552  0.052954938  0.00041906159  5.9037134e-05  
  553  0.052694062  0.00042494331  8.1430854e-05  
  554  0.052430633  0.00043096874  0.00010335081  
  555  0.052164736  0.00043714596  0.00012479147  
  556  0.051896464  0.00044346304  0.00014574732  
  557  0.05162591  0.00044992806  0.00016621283  
  558  0.051353178  0.0004565291  0.00018618248  
  559  0.051078351  0.00046328423  0.00020565074  
  560  0.050801533  0.00047017152  0.00022461209  
  561  0.050522808  0.00047720905  0.000243061  
  562  0.050242288  0.00048438489  0.00026099195  
  563  0.049960037  0.00049170712  0.00027839942  
  564  0.049676178  0.00049916382  0.00029527788  
  565  0.049390786  0.00050676306  0.0003116218  
  566  0.049103973  0.00051450291  0.00032742566  
  567  0.048815813  0.00052238145  0.00034268395  
  568  0.04852642  0.00053039676  0.00035739112  
  569  0.048235876  0.00053855691  0.00037154167  
  570  0.047944276  0.00054684997  0.00038513005  
  571  0.047651712  0.00055528402  0.00039815076  
  572  0.047358289  0.00056384714  0.00041059827  
  573  0.047064089  0.0005725574  0.00042246704  
  574  0.046769216  0.00058139287  0.00043375157  
  575  0.046473764  0.00059038163  0.00044444631  
  576  0.046177816  0.00059949176  0.00045454576  
  577  0.045881476  0.00060875134  0.00046404438  
  578  0.045584836  0.00061813842  0.00047293664  
  579  0.045288001  0.0006276611  0.00048121704  
  580  0.044991043  0.00063732744  0.00048888003  
  581  0.044694077  0.00064712553  0.0004959201  
  582  0.044397186  0.00065706343  0.00050233172  
  583  0.044100459  0.00066713921  0.00050811124  
  584  0.043803981  0.00067735088  0.00051326248  
  585  0.043507815  0.00068769646  0.00051779111  
  586  0.043212051  0.00069818394  0.00052170283  
  587  0.042916742  0.00070881132  0.00052500332  
  588  0.042621967  0.00071956662  0.00052769826  
  589  0.04232781  0.00073046783  0.00052979335  
  590  0.04203432  0.00074150297  0.00053129427  
  591  0.041741591  0.00075268002  0.00053220671  
  592  0.041449692  0.00076399701  0.00053253635  
  593  0.041158686  0.00077545193  0.00053228887  
  594  0.040868654  0.00078705278  0.00053146997  
  595  0.040579657  0.00079878757  0.00053008532  
  596  0.040291787  0.00081067431  0.00052814062  
  597  0.040005106  0.00082269099  0.00052564155  
  598  0.039719684  0.00083486563  0.0005225938  
  599  0.039435603  0.00084717622  0.00051900305  
  600  0.039152925  0.00085963078  0.00051487499  
  601  0.038871721  0.0008722273  0.00051021531  
  602  0.038592082  0.00088498378  0.00050502968  
  603  0.038314071  0.00089787824  0.0004993238  
  604  0.038037757  0.00091092868  0.00049310336  
  605  0.037763214  0.0009241231  0.00048637403  
  606  0.037490521  0.0009374795  0.00047914151  
  607  0.037219741  0.00095097589  0.00047141147  
  608  0.036950956  0.00096464027  0.00046318961  
  609  0.036684235  0.00097845065  0.00045448162  
  610  0.036419662  0.00099242503  0.00044529317  
  611  0.036157297  0.0010065614  0.00043562996  
  612  0.035897212  0.0010208578  0.00042549766  
  613  0.035639498  0.0010353222  0.00041490198  
  614  0.035384207  0.0010499426  0.00040384858  
  615  0.03513142  0.0010647371  0.00039234316  
  616  0.034881218  0.0010796936  0.00038039141  
  617  0.034633664  0.0010948301  0.000367999  
  618  0.034388838  0.0011101346  0.00035517163  
  619  0.034146811  0.0011256152  0.00034191498  
  620  0.033907666  0.0011412798  0.00032823474  
  621  0.033671454  0.0011571165  0.00031413659  
  622  0.033438266  0.0011731433  0.00029962708  
  623  0.033208106  0.0011893594  0.0002847162  
  624  0.032981007  0.0012057636  0.0002694148  
  625  0.032756974  0.0012223651  0.00025373373  
  626  0.032536019  0.001239163  0.00023768384  
  627  0.032318176  0.0012561664  0.00022127598  
  628  0.032103449  0.0012733843  0.000204521  
  629  0.031891851  0.0012908058  0.00018742974  
  630  0.031683407  0.00130845  0.00017001307  
  631  0.031478129  0.001326316  0.00015228183  
  632  0.031276031  0.0013444029  0.00013424687  
  633  0.031077127  0.0013627297  0.00011591903  
  634  0.030881451  0.0013812856  9.7309182e-05  
  635  0.030689006  0.0014000895  7.8428161e-05  
  636  0.030499805  0.0014191407  5.9286819e-05  
  637  0.030313883  0.0014384381  3.9896009e-05  
  638  0.030131233  0.0014580009  2.0266579e-05  
  639  0.029951888  0.0014777981  4.093791e-07  
  640  0.029775853  0.0014979388  -1.966474e-05  
  641  0.02960316  0.0015183122  -3.9944927e-05  
  642  0.029433814  0.0015389172  -6.0420334e-05  
  643  0.029267837  0.001559853  -8.108011e-05  
  644  0.029105254  0.0015811186  -0.0001019134  
  645  0.028946069  0.0016026131  -0.00012290937  
  646  0.028790304  0.0016245357  -0.00014405715  
  647  0.028637983  0.0016466853  -0.0001653459  
  648  0.028489111  0.0016691612  -0.00018676477  
  649  0.02834371  0.0016919622  -0.00020830291  
  650  0.028201815  0.0017150876  -0.00022994946  
  651  0.028063418  0.0017385365  -0.00025169359  
  652  0.027928554  0.0017624078  -0.00027352443  
  653  0.027797236  0.0017866007  -0.00029543114  
  654  0.027669478  0.0018112142  -0.00031740287  
  655  0.027545303  0.0018361475  -0.00033942876  
  656  0.027424725  0.0018614996  -0.00036149797  
  657  0.027307777  0.0018872697  -0.00038359965  
  658  0.027194464  0.0019133567  -0.00040572295  
  659  0.027084798  0.0019399597  -0.00042785702  
  660  0.026978824  0.001966978  -0.000449991  
  661  0.026876526  0.0019943107  -0.00047211442  
  662  0.026777887  0.0020222581  -0.00049421826  
  663  0.026682891  0.0020505207  -0.00051629389  
  664  0.026591492  0.0020792991  -0.00053833266  
  665  0.026503673  0.0021085936  -0.00056032593  
  666  0.026419398  0.0021383049  -0.00058226505  
  667  0.026338622  0.0021686333  -0.00060414139  
  668  0.026261338  0.0021993795  -0.0006259463  
  669  0.026187509  0.0022307438  -0.00064767114  
  670  0.026117101  0.0022626268  -0.00066930727  
  671  0.026050086  0.0022950289  -0.00069084605  
  672  0.025986439  0.0023280507  -0.00071227883  
  673  0.025926134  0.0023615927  -0.00073359698  
  674  0.025869124  0.0023957553  -0.00075479184  
  675  0.025815403  0.0024306391  -0.00077585478  
  676  0.025764925  0.0024660445  -0.00079677716  
  677  0.025717664  0.002502172  -0.00081755034  
  678  0.025673615  0.0025389221  -0.00083816566  
  679  0.025632729  0.0025763954  -0.0008586145  
  680  0.025594893  0.0026144922  -0.0008788882  
  681  0.025560269  0.0026534132  -0.00089897813  
  682  0.025528721  0.0026929588  -0.00091887564  
  683  0.025500214  0.0027333294  -0.0009385721  
  684  0.025474711  0.0027744257  -0.00095805885  
  685  0.025452176  0.002816348  -0.00097732726  
  686  0.025432673  0.0028590968  -0.00099636869  
  687  0.025416165  0.0029026728  -0.0010151745  
  688  0.025402517  0.0029470763  -0.001033736  
  689  0.025391693  0.0029923078  -0.0010520446  
  690  0.025383856  0.0030384679  -0.0010700917  
  691  0.025378771  0.0030855571  -0.0010878686  
  692  0.0253766  0.0031335757  -0.0011053666  
  693  0.025377109  0.0031825244  -0.0011225772  
  694  0.02538046  0.0032325036  -0.0011394916  
  695  0.025386519  0.0032834139  -0.0011561013  
  696  0.025395348  0.0033354556  -0.0011723976  
  697  0.025406811  0.0033884293  -0.0011883718  
  698  0.025421073  0.0034425355  -0.0012040153  
  699  0.025437797  0.0034977748  -0.0012193195  
  700  0.025457245  0.0035541476  -0.0012342768  
  701  0.025479266  0.0036116553  -0.0012488841  
  702  0.025503907  0.0036702992  -0.0012631393  
  703  0.025530915  0.0037302808  -0.0012770403  
  704  0.025560437  0.0037914013  -0.001290585  
  705  0.025592421  0.0038538623  -0.0013037715  
  706  0.025626813  0.003917565  -0.0013165975  
  707  0.02566346  0.0039826109  -0.0013290611  
  708  0.025702509  0.0040491013  -0.0013411601  
  709  0.025743807  0.0041169376  -0.0013528926  
  710  0.025787402  0.0041862212  -0.0013642564  
  711  0.02583314  0.0042569534  -0.0013752495  
  712  0.025881068  0.0043292358  -0.0013858698  
  713  0.025931134  0.0044030695  -0.0013961152  
  714  0.025983284  0.0044784561  -0.0014059837  
  715  0.026037465  0.0045554969  -0.0014154731  
  716  0.026093724  0.0046341932  -0.0014245815  
  717  0.026152009  0.0047145465  -0.0014333068  
  718  0.026212166  0.0047966582  -0.0014416469  
  719  0.026274342  0.0048805295  -0.0014495996  
  720  0.026338385  0.004966262  -0.0014571631  
  721  0.026404241  0.005053857  -0.0014643351  
  722  0.026471957  0.0051433158  -0.0014711136  
  723  0.026541581  0.0052348399  -0.0014774966  
  724  0.026612859  0.0053282306  -0.0014834819  
  725  0.026685938  0.0054237893  -0.0014890676  
  726  0.026760666  0.0055214174  -0.0014942514  
  727  0.026837089  0.0056211162  -0.0014990315  
  728  0.026915255  0.0057230872  -0.0015034057  
  729  0.02699501  0.0058273318  -0.0015073719  
  730  0.027076301  0.0059338513  -0.001510928  
  731  0.027159275  0.006042747  -0.0015140721  
  732  0.027243681  0.0061540205  -0.001516802  
  733  0.027329763  0.0062678729  -0.0015191156  
  734  0.02741717  0.0063841059  -0.001521011  
  735  0.027506148  0.0065030206  -0.0015224859  
  736  0.027596645  0.0066246186  -0.0015235385  
  737  0.027688507  0.0067489011  -0.0015241665  
  738  0.027781782  0.0068759696  -0.0015243679  
  739  0.027876419  0.0070058255  -0.0015241417  
  740  0.027972478  0.00713867  -0.0015234912  
  741  0.028069923  0.0072745045  -0.0015224205  
  742  0.028168717  0.0074133304  -0.0015209342  
  743  0.028268923  0.007555349  -0.0015190363  
  744  0.028370504  0.0077005616  -0.0015167312  
  745  0.028473423  0.0078489695  -0.0015140233  
  746  0.028577743  0.0080008742  -0.0015109167  
  747  0.028683427  0.0081560768  -0.0015074158  
  748  0.028790538  0.0083148789  -0.0015035249  
  749  0.028899041  0.0084772816  -0.0014992483  
  750  0.029008896  0.0086432864  -0.0014945902  
  751  0.029120269  0.0088131945  -0.001489555  
  752  0.029232921  0.0089869073  -0.0014841469  
  753  0.029347016  0.0091645262  -0.0014783703  
  754  0.029462517  0.0093462525  -0.0014722294  
  755  0.029579487  0.0095320874  -0.0014657285  
  756  0.02969799  0.0097221324  -0.001458872  
  757  0.029817888  0.0099165888  -0.001451664  
  758  0.029939244  0.010115458  -0.001444109  
  759  0.030062022  0.010318741  -0.0014362112  
  760  0.030186384  0.01052704  -0.0014279748  
  761  0.030312294  0.010739355  -0.0014194042  
  762  0.030439715  0.010957688  -0.0014105037  
  763  0.03056871  0.011180041  -0.0014012776  
  764  0.030699241  0.011408414  -0.0013917301  
  765  0.030831473  0.01164081  -0.0013818655  
  766  0.030965269  0.011880229  -0.0013716882  
  767  0.03110079  0.012123672  -0.0013612025  
  768  0.031238001  0.012373142  -0.0013504125  
  769  0.031376865  0.012628639  -0.0013393227  
  770  0.031517544  0.012890165  -0.0013279373  
  771  0.031659902  0.013157721  -0.0013162606  
  772  0.031804202  0.013431308  -0.0013042969  
  773  0.031950306  0.013710928  -0.0012920505  
  774  0.032098379  0.013996583  -0.0012795256  
  775  0.032248283  0.014290272  -0.0012667267  
  776  0.032400182  0.014589998  -0.0012536578  
  777  0.032554137  0.014896763  -0.0012403235  
  778  0.032710218  0.015210567  -0.0012267284  
  779  0.032868415  0.01553141  -0.001212879  
  780  0.03302882  0.015860294  -0.0011987823  
  781  0.033191529  0.01619622  -0.0011844455  
  782  0.033356636  0.016541187  -0.0011698754  
  783  0.033524236  0.016893196  -0.0011550791  
  784  0.033694423  0.017253247  -0.0011400635  
  785  0.03386729  0.017622342  -0.0011248358  
  786  0.034042934  0.018000481  -0.0011094029  
  787  0.034221447  0.018386664  -0.0010937717  
  788  0.034403025  0.018781892  -0.0010779494  
  789  0.034587562  0.019187166  -0.0010619429  
  790  0.034775352  0.019600485  -0.0010457592  
  791  0.03496639  0.020024851  -0.0010294053  
  792  0.03516057  0.020459265  -0.0010128882  
  793  0.035359186  0.020902725  -0.00099621502  
  794  0.035560233  0.021357234  -0.00097939265  
  795  0.035765705  0.021822792  -0.00096242813  
  796  0.035974597  0.022299399  -0.00094532846  
  797  0.036187903  0.022787056  -0.00092810065  
  798  0.036405618  0.023285763  -0.0009107517  
  799  0.036627735  0.023797521  -0.00089328862  
  800  0.03685325  0.024320331  -0.00087571842  
  801  0.037084156  0.024855192  -0.0008580481  
  802  0.037319448  0.025404107  -0.00084028467  
  803  0.037560121  0.025965074  -0.00082243513  
  804  0.037805168  0.026539095  -0.00080450649  
  805  0.038055585  0.02712717  -0.00078650576  
  806  0.038311365  0.0277293  -0.00076843993  
  807  0.038572504  0.028346485  -0.00075031602  
  808  0.038839995  0.028977726  -0.00073214103  
  809  0.039112832  0.029624024  -0.00071392197  
  810  0.039392011  0.030285378  -0.00069566585  
  811  0.039676526  0.03096279  -0.00067737966  
  812  0.03996837  0.03165726  -0.00065907041  
  813  0.040266539  0.032367789  -0.00064074512  
  814  0.040571027  0.033095376  -0.00062241078  
  815  0.040882828  0.033840024  -0.00060407441  
  816  0.041201937  0.034602732  -0.000585743  
  817  0.041529352  0.0353835  -0.00056742331  
  818  0.041863089  0.036184329  -0.00054912103  
  819  0.04220517  0.037003217  -0.00053084159  
  820  0.042555614  0.037842165  -0.00051259046  
  821  0.042915442  0.038701173  -0.00049437305  
  822  0.043282674  0.039581239  -0.00047619481  
  823  0.043659332  0.040483363  -0.00045806118  
  824  0.044045435  0.041406546  -0.0004399776  
  825  0.044441004  0.042351786  -0.00042194951  
  826  0.04484706  0.043320083  -0.00040398235  
  827  0.045262623  0.044312437  -0.00038608155  
  828  0.045688714  0.045327847  -0.00036825256  
  829  0.046126352  0.046369313  -0.00035050082  
  830  0.046574559  0.047434835  -0.00033283176  
  831  0.047035356  0.048527412  -0.00031525082  
  832  0.047506761  0.049646043  -0.00029776345  
  833  0.047990797  0.050791729  -0.00028037508  
  834  0.048488484  0.051966469  -0.00026309116  
  835  0.048997841  0.053169262  -0.00024591711  
  836  0.04952089  0.054401109  -0.00022885839  
  837  0.050057652  0.055663008  -0.00021192043  
  838  0.050609146  0.056956959  -0.00019510866  
  839  0.051175393  0.058281962  -0.00017842854  
  840  0.051756413  0.059640017  -0.0001618855  
  841  0.052352228  0.061031123  -0.00014548497  
  842  0.052964858  0.062456279  -0.0001292324  
  843  0.053593322  0.063917486  -0.00011313323  
  844  0.054238643  0.065413742  -9.7192894e-05  
  845  0.054901839  0.066947048  -8.1416833e-05  
  846  0.055581932  0.068519403  -6.5810488e-05  
  847  0.056281942  0.070129807  -5.0379296e-05  
  848  0.05699889  0.071780259  -3.5128698e-05  
  849  0.057736796  0.073470759  -2.0064133e-05  
  850  0.058493681  0.075204306  -5.1910404e-06  
  851  0.059271565  0.076980901  9.4851408e-06  
  852  0.060070468  0.078801541  2.3958971e-05  
  853  0.060891412  0.080667229  3.8225011e-05  
  854  0.061734416  0.082579962  5.2277821e-05  
  855  0.062599502  0.08454074  6.6111962e-05  
  856  0.063489691  0.086549563  7.9722673e-05  
  857  0.064403011  0.088609431  9.3107906e-05  
  858  0.065341491  0.090720341  0.00010626629  
  859  0.06630516  0.092884293  0.00011919647  
  860  0.067296049  0.095102287  0.00013189705  
  861  0.068314185  0.097376321  0.00014436669  
  862  0.069359599  0.099707394  0.000156604  
  863  0.070433319  0.10209651  0.00016860762  
  864  0.071536376  0.10454765  0.00018037618  
  865  0.072670797  0.10705884  0.00019190831  
  866  0.073835613  0.10963006  0.00020320264  
  867  0.075031853  0.11227132  0.00021425781  
  868  0.076261546  0.1149826  0.00022507243  
  869  0.077524721  0.11775392  0.00023564516  
  870  0.078822407  0.12060528  0.00024597461  
  871  0.080156635  0.12351666  0.00025605941  
  872  0.081526432  0.12651807  0.00026589821  
  873  0.082934829  0.12957951  0.00027548962  
  874  0.084380855  0.13273098  0.00028483228  
  875  0.085867538  0.13595248  0.00029392483  
  876  0.087393909  0.139264  0.00030276588  
  877  0.088962996  0.14265555  0.00031135408  
  878  0.090574829  0.14613712  0.00031968805  
  879  0.092231437  0.14970871  0.00032776643  
  880  0.09393385  0.15337033  0.00033558784  
  881  0.095682095  0.15712196  0.00034315092  
  882  0.097479204  0.16097362  0.0003504543  
  883  0.099325205  0.1649253  0.0003574966  
  884  0.10122213  0.16897699  0.00036427647  
  885  0.10317  0.1731287  0.00037079253  
  886  0.10517285  0.17739043  0.00037704341  
  887  0.10722972  0.18176217  0.00038302774  
  888  0.10934362  0.18625393  0.00038874416  
  889  0.11151558  0.1908557  0.00039419129  
  890  0.11374765  0.19556748  0.00039936776  
  891  0.11603784  0.20041927  0.00040427222  
  892  0.11840019  0.20538108  0.00040890328  
  893  0.12081272  0.21048289  0.00041325958  
  894  0.12330547  0.21571471  0.00041733975  
  895  0.12585846  0.22107654  0.00042114307  
  896  0.12848171  0.22657838  0.00042467137  
  897  0.13117525  0.23223022  0.00042792714  
  898  0.13394909  0.23803207  0.00043091287  
  899  0.13680326  0.24397392  0.00043363103  
  900  0.13972778  0.25007577  0.00043608412  
  901  0.14273267  0.25634763  0.00043827462  
  902  0.14581795  0.26276949  0.00044020501  
  903  0.14899363  0.26937135  0.00044187778  
  904  0.15224975  0.2761332  0.00044329541  
  905  0.15559632  0.28308506  0.00044446039  
  906  0.15904336  0.29021692  0.0004453752  
  907  0.1625709  0.29752877  0.00044604232  
  908  0.16620895  0.30504061  0.00044646425  
  909  0.16993754  0.31275246  0.00044664346  
  910  0.17377668  0.32066429  0.00044658244  
  911  0.1777164  0.32878612  0.00044628368  
  912  0.18175671  0.33711795  0.00044574965  
  913  0.18591765  0.34567976  0.00044498285  
  914  0.19018923  0.35446157  0.00044398576  
  915  0.19458146  0.36348336  0.00044276086  
  916  0.19909438  0.37273515  0.00044131063  
  917  0.203728  0.38223692  0.00043963757  
  918  0.20849234  0.39199868  0.00043774416  
  919  0.21338743  0.40201042  0.00043563287  
  920  0.21841328  0.41230216  0.0004333062  
  921  0.22357992  0.42285387  0.00043076663  
  922  0.22888736  0.43369557  0.00042801665  
  923  0.23433563  0.44482725  0.00042505874  
  924  0.23993475  0.45625892  0.00042189538  
  925  0.24569473  0.46800056  0.00041852905  
  926  0.25161561  0.48005219  0.00041496225  
  927  0.2576874  0.49242379  0.00041119746  
  928  0.26394012  0.50513538  0.00040723716  
  929  0.27035379  0.51818694  0.00040308384  
  930  0.27694844  0.53158847  0.00039873998  
  931  0.28372408  0.54534999  0.00039420806  
  932  0.29069073  0.55948148  0.00038949058  
  933  0.29784842  0.57400294  0.00038459001  
  934  0.30519716  0.58891437  0.00037950912  
  935  0.31275697  0.60423578  0.00037425178  
  936  0.32051784  0.61995716  0.00036882216  
  937  0.32849977  0.63611851  0.00036322441  
  938  0.33670279  0.65271984  0.00035746269  
  939  0.34512687  0.66976113  0.00035154116  
  940  0.35379204  0.6872724  0.00034546396  
  941  0.3626883  0.70526363  0.00033923526  
  942  0.37183564  0.72374484  0.00033285922  
  943  0.38123408  0.74273602  0.00032633999  
  944  0.39090361  0.76223716  0.00031968174  
  945  0.40082425  0.78227828  0.00031288861  
  946  0.41103599  0.80285937  0.00030596476  
  947  0.42151884  0.82401042  0.00029891435  
  948  0.43230281  0.84574144  0.00029174155  
  949  0.44337789  0.86807243  0.00028445049  
  950  0.4547641  0.89101339  0.00027704535  
  951  0.46647143  0.91459432  0.00026953028  
  952  0.47849989  0.93881521  0.00026190944  
  953  0.49086949  0.96370607  0.00025418697  
  954  0.50358023  0.98928689  0.00024636705  
  955  0.5166421  1.0155677  0.00023845383  
  956  0.53007513  1.0425684  0.00023045146  
  957  0.5438793  1.0703692  0.0002223641  
  958  0.55806463  1.0988698  0.00021419591  
  959  0.57265112  1.1281705  0.00020595104  
  960  0.58764877  1.1583711  0.00019763366  
  961  0.60306759  1.1893717  0.00018924792  
  962  0.61891758  1.2211722  0.00018079797  
  963  0.63520875  1.2538727  0.00017228797  
  964  0.65196109  1.2874732  0.00016372209  
  965  0.66918462  1.3220736  0.00015510448  
  966  0.68688934  1.357674  0.00014643928  
  967  0.70508524  1.3941744  0.00013773067  
  968  0.72380235  1.4317747  0.0001289828  
  969  0.74305065  1.470375  0.00012019983  
  970  0.76283015  1.5100752  0.00011138591  
  971  0.78318087  1.5508754  0.00010254519  
  972  0.8041028  1.5927756  9.3681846e-05  
  973  0.82560594  1.6359757  8.4799878e-05  
  974  0.84773028  1.6802758  7.5902724e-05  
  975  0.87047582  1.7258758  6.6993674e-05  
  976  0.89386255  1.7727758  5.8076016e-05  
  977  0.91791045  1.8209758  4.9153041e-05  
  978  0.94264952  1.8705757  4.0228038e-05  
  979  0.96807974  1.9214756  3.1304297e-05  
  980  0.99424111  1.9739754  2.2385109e-05  
  981  1.0211736  2.0278753  1.3473762e-05  
  982  1.0488272  2.083275  4.5735466e-06  
  983  1.077282  2.1402748  -4.3122477e-06  
  984  1.1065378  2.1988745  -1.3180331e-05  
  985  1.1366947  2.2591741  -2.2027414e-05  
  986  1.1676528  2.3211737  -3.0850206e-05  
  987  1.1995118  2.3849733  -3.9645418e-05  
  988  1.232272  2.4505729  -4.840976e-05  
  989  1.2659332  2.5180724  -5.7139943e-05  
  990  1.3005954  2.5874719  -6.5832676e-05  
  991  1.3362587  2.6588713  -7.448467e-05  
  992  1.372923  2.7322707  -8.3092635e-05  
  993  1.4106883  2.8078701  -9.1653282e-05  
  994  1.4494546  2.8855695  -0.00010016332  
  995  1.4894219  2.9654688  -0.00010861946  
  996  1.5304902  3.047768  -0.00011701841  
  997  1.5727594  3.1323673  -0.00012535689  
  998  1.6162296  3.2193665  -0.00013363159  
  999  1.6610008  3.3089657  -0.00014183924  
 1000  1.7070729  3.4010648  -0.00014997655  
 1001  1.7544459  3.4958639  -0.00015804021  
 1002  1.8032198  3.593363  -0.00016602695  
 1003  1.8532947  3.693762  -0.00017393348  
 1004  1.9049704  3.7970611  -0.0001817565  
 1005  1.958047  3.90326  -0.00018949272  
 1006  2.0127245  4.012659  -0.00019713886  
 1007  2.0689029  4.1251579  -0.00020469162  
 1008  2.1267821  4.2409568  -0.00021214772  
 1009  2.1863622  4.3601557  -0.00021950386  
 1010  2.2477431  4.4827545  -0.00022675676  
 1011  2.3108249  4.6090533  -0.00023390312  
 1012  2.3757074  4.7389521  -0.00024094005  
 1013  2.4425908  4.8726508  -0.00024786621  
 1014  2.5113749  5.0102496  -0.00025468064  
 1015  2.5821598  5.1518483  -0.0002613824  
 1016  2.6550454  5.2976469  -0.00026797054  
 1017  2.7300318  5.4477456  -0.0002744441  
 1018  2.807219  5.6021442  -0.00028080213  
 1019  2.8867068  5.7611428  -0.00028704369  
 1020  2.9685953  5.9248413  -0.00029316783  
 1021  3.0527845  6.0933399  -0.00029917359  
 1022  3.1395743  6.2668384  -0.00030506003  
 1023  3.2288648  6.4454369  -0.00031082619  
 1024  3.3207559  6.6292354  -0.00031647113  
 1025  3.4153476  6.8185338  -0.0003219939  
 1026  3.5128399  7.0134323  -0.00032739353  
 1027  3.6131328  7.2140307  -0.0003326691  
 1028  3.7164263  7.4206291  -0.00033781963  
 1029  3.8227203  7.6333274  -0.0003428442  
 1030  3.9322149  7.8524258  -0.00034774183  
 1031  4.0450099  8.0779241  -0.0003525116  
 1032  4.1611055  8.3101225  -0.00035715253  
 1033  4.2807016  8.5493208  -0.00036166369  
 1034  4.4038981  8.7956191  -0.00036604413  
 1035  4.5306951  9.0492174  -0.00037029289  
 1036  4.6612925  9.3104156  -0.00037440902  
 1037  4.7957903  9.5794139  -0.00037839158  
 1038  4.9342886  9.8564121  -0.00038223961  
 1039  5.0768872  10.14221  -0.00038595217  
 1040  5.2238863  10.435209  -0.0003895283  
 1041  5.3751856  10.738207  -0.00039296705  
 1042  5.5310854  11.050205  -0.00039626748  
 1043  5.6916854  11.371203  -0.00039942863  
 1044  5.8570858  11.702201  -0.00040244955  
 1045  6.0273865  12.0432  -0.0004053293  
 1046  6.2028874  12.394198  -0.00040806692  
 1047  6.3836887  12.755196  -0.00041066146  
 1048  6.5699901  13.128194  -0.00041311198  
 1049  6.7617918  13.511192  -0.00041541752  
 1050  6.9594938  13.90719  -0.00041757713  
 1051  7.1631959  14.314188  -0.00041959024  
 1052  7.3729983  14.734187  -0.00042145775  
 1053  7.5892008  15.166185  -0.00042318094  
 1054  7.8119035  15.612183  -0.0004247611  
 1055  8.0414063  16.071181  -0.0004261995  
 1056  8.2779093  16.543179  -0.00042749743  
 1057  8.5215124  17.031177  -0.00042865615  
 1058  8.7726156  17.533175  -0.00042967697  
 1059  9.031419  18.050173  -0.00043056114  
 1060  9.2980225  18.584172  -0.00043130996  
 1061  9.572826  19.13317  -0.00043192471  
 1062  9.8559296  19.700168  -0.00043240666  
 1063  10.148233  20.283166  -0.0004327571  
 1064  10.448237  20.885164  -0.0004329773  
 1065  10.758241  21.505162  -0.00043306854  
 1066  11.078245  22.14416  -0.00043303211  
 1067  11.407248  22.802158  -0.00043286929  
 1068  11.746252  23.481157  -0.00043258135  
 1069  12.096256  24.181155  -0.00043216958  
 1070  12.45726  24.902153  -0.00043163525  
 1071  12.829264  25.645151  -0.00043097965  
 1072  13.212267  26.412149  -0.00043020406  
 1073  13.607271  27.202147  -0.00042930975  
 1074  14.014275  28.016146  -0.00042829801  
 1075  14.434278  28.856144  -0.00042717012  
 1076  14.866282  29.721142  -0.00042592735  
 1077  15.313285  30.61414  -0.00042457099  
 1078  15.773288  31.534138  -0.00042310232  
 1079  16.247291  32.482137  -0.00042152262  
 1080  16.736294  33.460135  -0.00041983316  
 1081  17.240297  34.468133  -0.00041803524  
 1082  17.7603  35.508131  -0.00041613011  
 1083  18.296302  36.58013  -0.00041411908  
 1084  18.849304  37.686128  -0.00041200342  
 1085  19.419307  38.826126  -0.0004097844  
 1086  20.007308  40.001125  -0.00040746332  
 1087  20.61331  41.214123  -0.00040504144  
 1088  21.238312  42.464121  -0.00040252005  
 1089  21.882313  43.75312  -0.00039990043  
 1090  22.547314  45.083118  -0.00039718403  
 1091  23.233314  46.454117  -0.00039437293  
 1092  23.940315  47.869115  -0.00039146941  
 1093  24.670315  49.328114  -0.00038847572  
 1094  25.422315  50.833112  -0.00038539412  
 1095  26.198315  52.385111  -0.00038222687  
 1096  26.999314  53.986109  -0.00037897625  
 1097  27.824313  55.637108  -0.00037564449  
 1098  28.676312  57.340106  -0.00037223388  
 1099  29.55531  59.098105  -0.00036874666  
 1100  30.461308  60.911103  -0.0003651851  
 1101  31.396306  62.781102  -0.00036155146  
 1102  32.361304  64.710101  -0.000357848  
 1103  33.356301  66.700099  -0.00035407699  
 1104  34.383298  68.754098  -0.00035024068  
 1105  35.442295  70.873097  -0.00034634133  
 1106  36.535292  73.059095  -0.0003423812  
 1107  37.663288  75.314094  -0.00033836257  
 1108  38.826283  77.642093  -0.00033428767  
 1109  40.027279  80.043092  -0.00033015879  
 1110  41.266274  82.521091  -0.00032597818  
 1111  42.545269  85.078089  -0.00032174809  
 1112  43.864264  87.717088  -0.0003174708  
 1113  45.225258  90.440087  -0.00031314855  
 1114  46.630252  93.250086  -0.00030878362  
 1115  48.080245  96.150085  -0.00030437827  
 1116  49.577238  99.143084  -0.00029993475  
 1117  51.121231  102.23008  -0.00029545532  
 1118  52.715224  105.42008  -0.00029094225  
 1119  54.360216  108.71008  -0.0002863978  
 1120  56.059207  112.11008  -0.00028182422  
 1121  57.811199  115.61008  -0.00027722379  
 1122  59.62019  119.23008  -0.00027259875  
 1123  61.488181  122.96008  -0.00026795138  
 1124  63.416171  126.82008  -0.00026328393  
 1125  65.406161  130.80008  -0.00025859866  
 1126  67.460151  134.91007  -0.00025389784  
 1127  69.58114  139.15007  -0.00024918372  
 1128  71.770129  143.53007  -0.00024445857  
 1129  74.030117  148.05007  -0.00023972456  
 1130  76.364105  152.72007  -0.00023498357  
 1131  78.773093  157.54007  -0.00023023739  
 1132  81.26108  162.51007  -0.00022548781  
 1133  83.829067  167.65007  -0.00022073661  
 1134  86.481054  172.95007  -0.00021598558  
 1135  89.21904  178.43007  -0.00021123652  
 1136  92.047026  184.08007  -0.00020649122  
 1137  94.967011  189.92007  -0.00020175145  
 1138  97.981996  195.95007  -0.00019701903  
 1139  101.09598  202.18007  -0.00019229572  
 1140  104.30597  208.61007  -0.00018758333  
 1141  107.63595  215.25007  -0.00018288363  
 1142  111.05593  222.11007  -0.00017819843  
 1143  114.60592  229.19007  -0.00017352951  
 1144  118.2559  236.51006  -0.00016887867  
 1145  122.03588  244.07006  -0.00016424768  
 1146  125.94587  251.87006  -0.00015963834  
 1147  129.97585  259.93006  -0.00015505244  
 1148  134.13583  268.26006  -0.00015049177  
 1149  138.43581  276.86006  -0.00014595812  
 1150  142.87579  285.75006  -0.00014145328  
 1151  147.46577  294.92006  -0.00013697903  
 1152  152.20575  304.41006  -0.00013253718  
 1153  157.10574  314.20006  -0.00012812949  
 1154  162.16572  324.32006  -0.00012375778  
 1155  167.3857  334.77006  -0.00011942382  
 1156  172.78568  345.57006  -0.00011512941  
 1157  178.36565  356.73006  -0.00011087633  
 1158  184.13563  368.26006  -0.00010666638  
 1159  190.08561  380.17006  -0.00010250134  
 1160  196.24559  392.48006  -9.8383009e-05  
 1161  202.60557  405.20006  -9.4313169e-05  
 1162  209.17555  418.34006  -9.0293612e-05  
 1163  215.96553  431.92006  -8.6326127e-05  
 1164  222.9755  445.95006  -8.2412505e-05  
 1165  230.22548  460.45006  -7.8554535e-05  
 1166  237.72546  475.44006  -7.4754007e-05  
 1167  245.46543  490.92006  -7.1012709e-05  
 1168  253.46541  506.93006  -6.7332213e-05  
 1169  261.73539  523.47006  -6.3713218e-05  
 1170  270.28536  540.56006  -6.0156203e-05  
 1171  279.11534  558.23006  -5.6661647e-05  
 1172  288.24532  576.49006  -5.323003e-05  
 1173  297.68529  595.37006  -4.9861832e-05  
 1174  307.44527  614.88006  -4.6557533e-05  
 1175  317.52524  635.05006  -4.3317611e-05  
 1176  327.95522  655.90006  -4.0142546e-05  
 1177  338.72519  677.45007  -3.7032819e-05  
 1178  349.86517  699.73007  -3.3988909e-05  
 1179  361.38514  722.76007  -3.1011295e-05  
 1180  373.28512  746.57007  -2.8100457e-05  
 1181  385.59509  771.18007  -2.5256874e-05  
 1182  398.31507  796.63007  -2.2481027e-05  
 1183  411.47504  822.94007  -1.9773394e-05  
 1184  425.07501  850.14007  -1.7134456e-05  
 1185  439.13499  878.27007  -1.4564692e-05  
 1186  453.67496  907.35007  -1.2064582e-05  
 1187  468.71493  937.42007  -9.6346049e-06  
 1188  484.25491  968.51007  -7.2752407e-06  
 1189  500.33488  1000.7001  -4.986969e-06  
 1190  516.95486  1033.9001  -2.7702695e-06  
 1191  534.14483  1068.3001  -6.2562165e-07  
 1192  551.9248  1103.8001  1.4464948e-06  
 1193  570.30478  1140.6001  3.4456004e-06  
 1194  589.32475  1178.6001  5.3712153e-06  
 1195  608.98472  1218.0001  7.2228601e-06  
 1196  629.3247  1258.6001  9.0000551e-06  
 1197  650.35467  1300.7001  1.0702321e-05  
 1198  672.11464  1344.2001  1.2329177e-05  
 1199  694.61461  1389.2001  1.3880145e-05  
 1200  717.89459  1435.8001  1.5354745e-05  
 1201  741.97456  1483.9001  1.6752497e-05  
 1202  766.87453  1533.8001  1.8072921e-05  
 1203  792.63451  1585.3001  1.9315538e-05  
 1204  819.28448  1638.6001  2.0479869e-05  
 1205  846.85445  1693.7001  2.1565433e-05  
 1206  875.38443  1750.8001  2.2571751e-05  
 1207  904.8844  1809.8001  2.3498551e-05  
 1208  935.41437  1870.8001  2.4346389e-05  
 1209  966.99435  1934.0001  2.5116027e-05  
 1210  999.67432  1999.4001  2.5808229e-05  
 1211  1033.5043  2067.0001  2.6423758e-05  
 1212  1068.5043  2137.0001  2.6963377e-05  
 1213  1104.7042  2209.3001  2.742785e-05  
 1214  1142.1042  2284.3001  2.7817938e-05  
 1215  1180.9042  2361.8001  2.8134407e-05  
 1216  1221.0042  2442.0001  2.8378018e-05  
 1217  1262.5041  2525.0001  2.8549534e-05  
 1218  1305.4041  2610.9001  2.864972e-05  
 1219  1349.9041  2699.8001  2.8679338e-05  
 1220  1395.9041  2791.8001  2.8639151e-05  
 1221  1443.504  2887.0001  2.8529922e-05  
 1222  1492.804  2985.6001  2.8352415e-05  
 1223  1543.804  3087.6001  2.8107392e-05  
 1224  1596.604  3193.1001  2.7795617e-05  
 1225  1651.2039  3302.4001  2.7417853e-05  
 1226  1707.7039  3415.5001  2.6974863e-05  
 1227  1766.3039  3532.6001  2.646741e-05  
 1228  1826.9039  3653.7001  2.5896257e-05  
 1229  1889.6038  3779.2001  2.5262168e-05  
 1230  1954.5038  3909.1001  2.4565905e-05  
 1231  2021.7038  4043.5001  2.3808232e-05  
 1232  2091.3038  4182.7001  2.2989912e-05  
 1233  2163.3037  4326.7001  2.2111707e-05  
 1234  2237.9037  4475.9001  2.1174382e-05  
 1235  2315.1037  4630.3001  2.0178699e-05  
 1236  2395.1037  4790.2001  1.9125421e-05  
 1237  2477.9036  4955.8001  1.8015311e-05  
 1238  2563.6036  5127.2001  1.6849134e-05  
 1239  2652.3036  5304.7001  1.5627651e-05  
 1240  2744.2036  5488.5001  1.4351625e-05  
 1241  2839.4036  5678.8001  1.3021821e-05  
 1242  2937.9035  5875.8001  1.1639001e-05  
 1243  3039.9035  6079.9001  1.0203928e-05  
 1244  3145.6035  6291.2001  8.7173655e-06  
 1245  3255.0035  6510.1001  7.1800766e-06  
 1246  3368.3034  6736.8001  5.5929108e-06  
 1247  3485.7034  6971.5001  3.9570639e-06  
 1248  3607.3034  7214.6001  2.2738183e-06  
 1249  3733.2034  7466.4001  5.4445613e-07  
 1250  3863.6034  7727.2001  -1.2297403e-06  
 1251  3998.6033  7997.3001  -3.0474887e-06  
 1252  4138.5033  8277.1001  -4.9075068e-06  
 1253  4283.4033  8567.0001  -6.8085123e-06  
 1254  4433.6033  8867.2001  -8.749223e-06  
 1255  4589.0033  9178.2001  -1.0728357e-05  
 1256  4750.1033  9500.3001  -1.2744631e-05  
 1257  4917.0032  9834.1001  -1.4796763e-05  
 1258  5089.9032  10180  -1.6883472e-05  
 1259  5268.9032  10538  -1.9003474e-05  
 1260  5454.5032  10909  -2.1155488e-05  
 1261  5646.7032  11294  -2.3338231e-05  
 1262  5845.9031  11692  -2.5550421e-05  
 1263  6052.2031  12105  -2.7790776e-05  
 1264  6266.1031  12532  -3.0058013e-05  
 1265  6487.6031  12975  -3.235085e-05  
 1266  6717.2031  13434  -3.4668005e-05  
 1267  6955.0031  13910  -3.7008196e-05  
 1268  7201.5031  14403  -3.937014e-05  
 1269  7457.003  14914  -4.1752555e-05  
 1270  7721.703  15443  -4.4154159e-05  
 1271  7996.003  15992  -4.657367e-05  
 1272  8280.303  16561  -4.9009804e-05  
 1273  8575.003  17150  -5.1461281e-05  
 1274  8880.303  17761  -5.3926817e-05  
 1275  9196.8029  18394  -5.6405131e-05  
 1276  9524.9029  19050  -5.889494e-05  
 1277  9864.9029  19730  -6.1394961e-05  
 1278  10217.003  20435  -6.3903914e-05  
 1279  10583.003  21165  -6.6420514e-05  
 1280  10961.003  21923  -6.8943481e-05  
 1281  11354.003  22708  -7.1471531e-05  
 1282  11761.003  23522  -7.4003383e-05  
 1283  12183.003  24365  -7.6537754e-05  
 1284  12620.003  25240  -7.9073362e-05  
 1285  13073.003  26147  -8.1608967e-05  
 1286  13543.003  27087  -8.4143499e-05  
 1287  14031.003  28062  -8.6675931e-05  
 1288  14536.003  29072  -8.9205233e-05  
 1289  15060.003  30120  -9.1730379e-05  
 1290  15603.003  31206  -9.4250341e-05  
 1291  16166.003  32333  -9.6764091e-05  
 1292  16750.003  33501  -9.9270602e-05  
 1293  17356.003  34712  -0.00010176884  
 1294  17984.003  35968  -0.00010425779  
 1295  18635.003  37270  -0.00010673642  
 1296  19310.003  38621  -0.00010920369  
 1297  20010.003  40021  -0.00011165859  
 1298  20737.003  41474  -0.00011410008  
 1299  21490.003  42980  -0.00011652713  
 1300  22271.003  44543  -0.00011893873  
 1301  23081.003  46163  -0.00012133383  
 1302  23922.003  47844  -0.00012371142  
 1303  24793.003  49587  -0.00012607046  
 1304  25698.003  51395  -0.00012840993  
 1305  26635.003  53271  -0.0001307288  
 1306  27608.003  55217  -0.00013302604  
 1307  28617.003  57235  -0.00013530062  
 1308  29664.003  59329  -0.00013755152  
 1309  30750.003  61501  -0.00013977771  
 1310  31877.003  63754  -0.00014197816  
 1311  33045.003  66091  -0.00014415184  
 1312  34258.003  68516  -0.00014629773  
 1313  35516.003  71033  -0.00014841479  
 1314  36821.003  73643  -0.000150502  
 1315  38175.003  76352  -0.00015255834  
 1316  39581.003  79162  -0.00015458277  
 1317  41039.003  82078  -0.00015657426  
 1318  42551.003  85104  -0.0001585318  
 1319  44121.003  88243  -0.00016045434  
 1320  45750.003  91501  -0.00016234087  
 1321  47441.003  94882  -0.00016419036  
 1322  49195.003  98391  -0.00016600177  
 1323  51016.003  102030  -0.00016777408  
 1324  52905.003  105810  -0.00016950641  
 1325  54866.003  109730  -0.0001711985  
 1326  56901.003  113800  -0.00017285022  
 1327  59013.003  118030  -0.00017446146  
 1328  61206.003  122410  -0.00017603209  
 1329  63481.003  126960  -0.000177562  
 1330  65843.003  131690  -0.00017905107  
 1331  68295.003  136590  -0.00018049919  
 1332  70840.003  141680  -0.00018190622  
 1333  73481.003  146960  -0.00018327206  
 1334  76224.003  152450  -0.00018459658  
 1335  79070.003  158140  -0.00018587966  
 1336  82026.003  164050  -0.0001871212  
 1337  85094.003  170190  -0.00018832106  
 1338  88280.003  176560  -0.00018947913  
 1339  91587.003  183180  -0.00019059529  
 1340  95021.003  190040  -0.00019166942  
 1341  98586.003  197170  -0.00019270141  
 1342  102290  204580  -0.00019369113  
 1343  106130  212260  -0.00019463846  
 1344  110120  220250  -0.00019554329  
 1345  114270  228530  -0.0001964055  
 1346  118570  237140  -0.00019722497  
 1347  123040  246080  -0.00019800158  
 1348  127680  255360  -0.00019873521  
 1349  132500  265000  -0.00019942574  
 1350  137500  275010  -0.00020007306  
