# Fiducial parameters, omega_b = 0.022383, omega_cdm = 0.12011, n_s = 0.96605, A_s = 2.1005e-09, 100*theta_s = 1.0417, tau_reio = 0.0543, m_ncdm = 0.02, H0 = 0, z_reio = 0, Omega_Lambda = 0
    2  1063.2217  0.032395236  2.746982  
    3  503.79077  0.020816937  1.5423279  
    4  286.3807  0.010837082  0.8652201  
    5  182.97533  0.0048409916  0.49115125  
    6  126.81239  0.0019435973  0.28249454  
    7  93.222337  0.00079370997  0.1663165  
    8  71.65991  0.00040196261  0.10211064  
    9  57.022488  0.00026093827  0.067085813  
   10  46.615156  0.00018504662  0.048263508  
   11  38.967105  0.00013183426  0.038193129  
   12  33.16205  9.9026865e-05  0.03264599  
   13  28.64933  8.2241423e-05  0.029325472  
   14  25.066298  7.4745476e-05  0.027051892  
   15  22.175626  7.087511e-05  0.025260796  
   16  19.800023  6.9306212e-05  0.023722887  
   17  17.827435  6.9603369e-05  0.022363312  
   18  16.164211  7.2433927e-05  0.021173035  
   19  14.750098  7.6638301e-05  0.020147191  
   20  13.536648  8.2296912e-05  0.019274431  
   21  12.487802  8.8289175e-05  0.018524644  
   22  11.572832  9.4649831e-05  0.017861493  
   23  10.769942  0.00010101717  0.017242518  
   24  10.060702  0.0001078149  0.016629387  
   25  9.431222  0.00011436196  0.016006428  
   26  8.8693077  0.00012102406  0.015365969  
   27  8.3650159  0.00012773264  0.014709701  
   28  7.9096811  0.00013455436  0.014042784  
   29  7.4974987  0.00014140364  0.013374901  
   30  7.1233794  0.00014856864  0.012716866  
   31  6.782493  0.00015583626  0.012076972  
   32  6.4710463  0.00016318749  0.011453424  
   33  6.1855049  0.00017060199  0.010841909  
   34  5.922581  0.00017806123  0.010238482  
   35  5.6799708  0.0001855538  0.0096406971  
   36  5.4556169  0.0001930701  0.0090464788  
   37  5.2475751  0.00020060114  0.0084543666  
   38  5.054355  0.00020814031  0.0078653563  
   39  4.8745796  0.00021568157  0.0072810574  
   40  4.7068722  0.00022321893  0.0067030798  
   41  4.5499582  0.00023074587  0.0061328113  
   42  4.4029744  0.00023825394  0.0055707528  
   43  4.2651599  0.00024573421  0.0050171833  
   44  4.1357538  0.00025317774  0.0044723818  
   45  4.0140318  0.00026057673  0.0039364868  
   46  3.8994147  0.00026792795  0.0034090748  
   47  3.7913599  0.00027522934  0.0028895815  
   48  3.6893246  0.0002824788  0.002377443  
   49  3.5927661  0.00028967426  0.001872095  
   50  3.5011887  0.00029681261  0.0013730625  
   51  3.4142846  0.00030388663  0.00088022667  
   52  3.331793  0.00031088806  0.00039355758  
   53  3.2534533  0.00031780864  -8.6974576e-05  
   54  3.1790045  0.00032464013  -0.00056139962  
   55  3.1081944  0.00033137533  -0.0010297065  
   56  3.0408037  0.00033801134  -0.0014917208  
   57  2.9766217  0.00034454632  -0.0019472272  
   58  2.9154376  0.00035097843  -0.0023960102  
   59  2.8570404  0.00035730582  -0.0028378547  
   60  2.8012195  0.00036352665  -0.0032725452  
   61  2.7477811  0.00036963816  -0.0036998913  
   62  2.6966007  0.00037563385  -0.0041198019  
   63  2.6475706  0.00038150632  -0.004532211  
   64  2.6005835  0.00038724815  -0.0049370524  
   65  2.5555319  0.00039285192  -0.0053342599  
   66  2.5123081  0.00039831022  -0.0057237673  
   67  2.4708049  0.00040361564  -0.0061055087  
   68  2.4309209  0.00040876208  -0.0064794322  
   69  2.39258  0.0004137487  -0.0068455439  
   70  2.3557124  0.00041857601  -0.0072038643  
   71  2.3202482  0.00042324447  -0.007554414  
   72  2.2861175  0.00042775459  -0.0078972135  
   73  2.2532505  0.00043210684  -0.0082322833  
   74  2.2215773  0.00043630172  -0.008559644  
   75  2.191028  0.00044033971  -0.008879316  
   76  2.1615379  0.00044422083  -0.0091913141  
   77  2.1330622  0.00044794318  -0.0094956299  
   78  2.1055612  0.00045150441  -0.0097922491  
   79  2.0789953  0.00045490215  -0.010081158  
   80  2.0533246  0.00045813405  -0.010362341  
   81  2.0285096  0.00046119773  -0.010635785  
   82  2.0045106  0.00046409085  -0.010901476  
   83  1.9812877  0.00046681104  -0.0111594  
   84  1.9588034  0.00046935628  -0.011409546  
   85  1.9370277  0.0004717259  -0.011651928  
   86  1.9159325  0.0004739196  -0.01188656  
   87  1.8954898  0.00047593705  -0.01211346  
   88  1.8756716  0.00047777793  -0.012332644  
   89  1.8564499  0.00047944193  -0.012544128  
   90  1.8377968  0.00048092872  -0.012747929  
   91  1.8196841  0.00048223799  -0.012944063  
   92  1.802084  0.00048336942  -0.013132547  
   93  1.7849702  0.00048432292  -0.013313401  
   94  1.7683244  0.00048509927  -0.013486662  
   95  1.75213  0.00048569952  -0.013652373  
   96  1.7363707  0.00048612468  -0.013810573  
   97  1.7210297  0.00048637578  -0.013961305  
   98  1.7060907  0.00048645384  -0.014104609  
   99  1.6915371  0.00048635989  -0.014240528  
  100  1.6773524  0.00048609495  -0.014369102  
  101  1.6635202  0.00048566004  -0.014490373  
  102  1.6500238  0.0004850562  -0.014604382  
  103  1.6368468  0.00048428443  -0.014711171  
  104  1.6239738  0.00048334604  -0.014810783  
  105  1.6113933  0.00048224336  -0.014903272  
  106  1.5990952  0.00048097897  -0.014988694  
  107  1.587069  0.00047955548  -0.015067106  
  108  1.5753047  0.00047797548  -0.015138564  
  109  1.5637917  0.00047624156  -0.015203124  
  110  1.55252  0.00047435631  -0.015260843  
  111  1.5414791  0.00047232235  -0.015311776  
  112  1.5306588  0.00047014225  -0.015355981  
  113  1.5200488  0.00046781861  -0.015393513  
  114  1.5096388  0.00046535403  -0.01542443  
  115  1.4994186  0.00046275111  -0.015448786  
  116  1.4893785  0.0004600125  -0.015466642  
  117  1.4795115  0.00045714109  -0.01547807  
  118  1.4698114  0.00045413985  -0.015483146  
  119  1.4602718  0.00045101173  -0.015481945  
  120  1.4508866  0.00044775969  -0.015474543  
  121  1.4416492  0.00044438668  -0.015461016  
  122  1.4325536  0.00044089568  -0.015441439  
  123  1.4235933  0.00043728963  -0.015415888  
  124  1.4147621  0.00043357149  -0.015384439  
  125  1.4060536  0.00042974422  -0.015347168  
  126  1.3974617  0.00042581079  -0.015304149  
  127  1.3889799  0.00042177414  -0.015255459  
  128  1.380602  0.00041763723  -0.015201173  
  129  1.3723221  0.00041340324  -0.015141369  
  130  1.3641361  0.00040907618  -0.015076132  
  131  1.3560404  0.00040466026  -0.01500555  
  132  1.3480311  0.00040015973  -0.014929711  
  133  1.3401047  0.00039557879  -0.014848701  
  134  1.3322575  0.00039092169  -0.014762608  
  135  1.3244857  0.00038619263  -0.01467152  
  136  1.3167857  0.00038139584  -0.014575524  
  137  1.3091538  0.00037653555  -0.014474707  
  138  1.3015864  0.00037161599  -0.014369157  
  139  1.2940796  0.00036664137  -0.014258961  
  140  1.2866299  0.00036161592  -0.014144207  
  141  1.2792335  0.00035654387  -0.014024982  
  142  1.2718868  0.00035142944  -0.013901374  
  143  1.2645861  0.00034627686  -0.01377347  
  144  1.257328  0.0003410903  -0.013641358  
  145  1.2501103  0.00033587376  -0.013505132  
  146  1.2429312  0.00033063122  -0.013364888  
  147  1.2357888  0.00032536662  -0.013220719  
  148  1.2286811  0.00032008392  -0.013072721  
  149  1.2216065  0.00031478709  -0.012920989  
  150  1.2145629  0.00030948007  -0.012765616  
  151  1.2075486  0.00030416683  -0.012606699  
  152  1.2005615  0.00029885133  -0.012444331  
  153  1.1936  0.00029353753  -0.012278607  
  154  1.1866621  0.00028822937  -0.012109623  
  155  1.179746  0.00028293083  -0.011937473  
  156  1.1728497  0.00027764586  -0.011762252  
  157  1.1659714  0.00027237842  -0.011584054  
  158  1.1591093  0.00026713247  -0.011402975  
  159  1.1522614  0.00026191196  -0.011219109  
  160  1.145426  0.00025672086  -0.011032551  
  161  1.1386013  0.00025156308  -0.010843396  
  162  1.1317865  0.00024644238  -0.010651737  
  163  1.1249808  0.00024136245  -0.010457666  
  164  1.1181838  0.00023632701  -0.010261277  
  165  1.1113946  0.00023133976  -0.010062664  
  166  1.1046126  0.00022640442  -0.0098619187  
  167  1.0978371  0.00022152468  -0.0096591348  
  168  1.0910675  0.00021670427  -0.0094544053  
  169  1.0843032  0.00021194688  -0.0092478233  
  170  1.0775434  0.00020725622  -0.0090394819  
  171  1.0707874  0.00020263601  -0.0088294741  
  172  1.0640347  0.00019808995  -0.0086178931  
  173  1.0572846  0.00019362175  -0.0084048319  
  174  1.0505363  0.00018923511  -0.0081903836  
  175  1.0437892  0.00018493374  -0.0079746414  
  176  1.0370427  0.00018072136  -0.0077576983  
  177  1.0302961  0.00017660167  -0.0075396474  
  178  1.0235486  0.00017257838  -0.0073205817  
  179  1.0167998  0.0001686552  -0.0071005945  
  180  1.010049  0.00016483559  -0.0068797767  
  181  1.0032961  0.00016112206  -0.0066582117  
  182  0.99654131  0.00015751689  -0.0064359808  
  183  0.98978468  0.00015402233  -0.0062131654  
  184  0.98302631  0.00015064066  -0.0059898467  
  185  0.97626628  0.00014737414  -0.005766106  
  186  0.96950469  0.00014422504  -0.0055420248  
  187  0.96274163  0.00014119564  -0.0053176842  
  188  0.95597719  0.00013828819  -0.0050931657  
  189  0.94921146  0.00013550496  -0.0048685505  
  190  0.94244453  0.00013284823  -0.0046439199  
  191  0.93567649  0.00013032025  -0.0044193554  
  192  0.92890743  0.00012792331  -0.0041949382  
  193  0.92213746  0.00012565966  -0.0039707496  
  194  0.91536664  0.00012353158  -0.0037468709  
  195  0.90859509  0.00012154133  -0.0035233835  
  196  0.90182289  0.00011969118  -0.0033003687  
  197  0.89505012  0.0001179834  -0.0030779078  
  198  0.88827689  0.00011642026  -0.0028560821  
  199  0.88150328  0.00011500402  -0.002634973  
  200  0.87472939  0.00011373696  -0.0024146617  
  201  0.86795537  0.00011262105  -0.002195226  
  202  0.86118165  0.00011165707  -0.0019767294  
  203  0.85440873  0.00011084552  -0.0017592315  
  204  0.8476371  0.00011018691  -0.0015427922  
  205  0.84086726  0.00010968171  -0.0013274714  
  206  0.83409971  0.00010933044  -0.0011133288  
  207  0.82733493  0.00010913358  -0.00090042416  
  208  0.82057343  0.00010909163  -0.0006888174  
  209  0.81381571  0.00010920508  -0.00047856828  
  210  0.80706225  0.00010947443  -0.00026973661  
  211  0.80031355  0.00010990018  -6.2382192e-05  
  212  0.79357011  0.00011048282  0.00014343516  
  213  0.78683243  0.00011122285  0.00034765564  
  214  0.78010099  0.00011212076  0.00055021945  
  215  0.7733763  0.00011317706  0.00075106677  
  216  0.76665886  0.00011439222  0.0009501378  
  217  0.75994915  0.00011576676  0.0011473727  
  218  0.75324767  0.00011730116  0.0013427118  
  219  0.74655492  0.00011899593  0.0015360951  
  220  0.7398714  0.00012085155  0.0017274629  
  221  0.73319759  0.00012286853  0.0019167554  
  222  0.72653401  0.00012504737  0.0021039127  
  223  0.71988113  0.00012738855  0.0022888751  
  224  0.71323948  0.00012989223  0.0024715877  
  225  0.70660963  0.00013255721  0.0026520153  
  226  0.6999922  0.00013538194  0.0028301278  
  227  0.69338777  0.00013836487  0.0030058948  
  228  0.68679695  0.00014150444  0.0031792863  
  229  0.68022034  0.00014479913  0.0033502719  
  230  0.67365853  0.00014824737  0.0035188216  
  231  0.66711214  0.00015184762  0.0036849049  
  232  0.66058176  0.00015559833  0.0038484918  
  233  0.65406798  0.00015949795  0.0040095521  
  234  0.64757142  0.00016354494  0.0041680554  
  235  0.64109267  0.00016773775  0.0043239717  
  236  0.63463233  0.00017207483  0.0044772706  
  237  0.628191  0.00017655463  0.004627922  
  238  0.62176928  0.00018117561  0.0047758956  
  239  0.61536778  0.00018593622  0.0049211613  
  240  0.60898708  0.00019083492  0.0050636888  
  241  0.6026278  0.00019587015  0.0052034479  
  242  0.59629054  0.00020104036  0.0053404085  
  243  0.58997588  0.00020634403  0.0054745402  
  244  0.58368444  0.00021177958  0.0056058129  
  245  0.57741682  0.00021734549  0.0057341963  
  246  0.57117361  0.0002230402  0.0058596603  
  247  0.56495541  0.00022886216  0.0059821745  
  248  0.55876283  0.00023480983  0.006101709  
  249  0.55259646  0.00024088167  0.0062182333  
  250  0.54645689  0.00024707586  0.0063317227  
  251  0.54034461  0.00025338952  0.0064421743  
  252  0.5342601  0.0002598195  0.0065495905  
  253  0.52820383  0.00026636266  0.0066539738  
  254  0.52217629  0.00027301584  0.0067553266  
  255  0.51617794  0.0002797759  0.0068536515  
  256  0.51020926  0.00028663968  0.0069489509  
  257  0.50427073  0.00029360405  0.0070412272  
  258  0.49836283  0.00030066586  0.0071304829  
  259  0.49248603  0.00030782195  0.0072167205  
  260  0.48664081  0.00031506918  0.0072999425  
  261  0.48082764  0.00032240441  0.0073801514  
  262  0.475047  0.00032982448  0.0074573495  
  263  0.46929937  0.00033732625  0.0075315394  
  264  0.46358522  0.00034490657  0.0076027235  
  265  0.45790503  0.00035256229  0.0076709043  
  266  0.45225928  0.00036029028  0.0077360843  
  267  0.44664843  0.00036808738  0.0077982659  
  268  0.44107298  0.00037595044  0.0078574516  
  269  0.43553338  0.00038387632  0.0079136439  
  270  0.43003013  0.00039186188  0.0079668453  
  271  0.4245637  0.00039990397  0.0080170581  
  272  0.41913455  0.00040799944  0.0080642849  
  273  0.41374318  0.00041614514  0.0081085282  
  274  0.40839005  0.00042433794  0.0081497903  
  275  0.40307564  0.00043257468  0.0081880739  
  276  0.39780042  0.00044085222  0.0082233812  
  277  0.39256489  0.00044916742  0.0082557149  
  278  0.3873695  0.00045751713  0.0082850774  
  279  0.38221468  0.00046589814  0.0083114758  
  280  0.37710068  0.00047430701  0.0083349355  
  281  0.37202767  0.00048274021  0.0083554869  
  282  0.36699583  0.00049119423  0.0083731601  
  283  0.36200534  0.00049966557  0.0083879852  
  284  0.3570564  0.00050815069  0.0083999924  
  285  0.35214918  0.0005166461  0.0084092119  
  286  0.34728385  0.00052514828  0.0084156739  
  287  0.34246062  0.00053365372  0.0084194086  
  288  0.33767966  0.00054215889  0.0084204461  
  289  0.33294114  0.00055066029  0.0084188166  
  290  0.32824526  0.00055915441  0.0084145503  
  291  0.3235922  0.00056763773  0.0084076773  
  292  0.31898213  0.00057610675  0.0083982279  
  293  0.31441525  0.00058455794  0.0083862322  
  294  0.30989173  0.00059298779  0.0083717203  
  295  0.30541175  0.0006013928  0.0083547226  
  296  0.30097551  0.00060976946  0.0083352691  
  297  0.29658317  0.00061811425  0.0083133899  
  298  0.29223494  0.00062642365  0.0082891154  
  299  0.28793097  0.00063469417  0.0082624757  
  300  0.28367147  0.00064292228  0.0082335008  
  301  0.27945661  0.00065110448  0.0082022211  
  302  0.27528657  0.00065923726  0.0081686667  
  303  0.27116154  0.00066731711  0.0081328678  
  304  0.2670817  0.00067534052  0.0080948545  
  305  0.26304723  0.00068330397  0.008054657  
  306  0.25905831  0.00069120396  0.0080123055  
  307  0.25511513  0.00069903698  0.0079678302  
  308  0.25121787  0.00070679952  0.0079212612  
  309  0.24736671  0.00071448807  0.0078726288  
  310  0.24356184  0.00072209913  0.0078219631  
  311  0.23980343  0.00072962918  0.0077692942  
  312  0.23609162  0.00073707495  0.0077146545  
  313  0.2324263  0.00074443409  0.0076580846  
  314  0.22880732  0.00075170449  0.0075996273  
  315  0.22523451  0.00075888402  0.0075393254  
  316  0.22170773  0.00076597059  0.0074772216  
  317  0.21822682  0.00077296207  0.0074133588  
  318  0.21479161  0.00077985634  0.0073477797  
  319  0.21140196  0.00078665131  0.007280527  
  320  0.2080577  0.00079334484  0.0072116436  
  321  0.20475869  0.00079993483  0.0071411722  
  322  0.20150476  0.00080641916  0.0070691557  
  323  0.19829575  0.00081279573  0.0069956367  
  324  0.19513151  0.00081906242  0.0069206581  
  325  0.19201189  0.00082521712  0.0068442626  
  326  0.18893673  0.00083125771  0.006766493  
  327  0.18590586  0.00083718209  0.0066873921  
  328  0.18291914  0.00084298814  0.0066070026  
  329  0.17997641  0.00084867376  0.0065253674  
  330  0.1770775  0.00085423683  0.0064425292  
  331  0.17422227  0.00085967524  0.0063585307  
  332  0.17141056  0.00086498689  0.0062734149  
  333  0.1686422  0.00087016967  0.0061872243  
  334  0.16591705  0.00087522146  0.0061000019  
  335  0.16323495  0.00088014015  0.0060117903  
  336  0.16059574  0.00088492365  0.0059226324  
  337  0.15799926  0.00088956984  0.005832571  
  338  0.15544536  0.00089407661  0.0057416487  
  339  0.15293388  0.00089844187  0.0056499085  
  340  0.15046466  0.00090266349  0.005557393  
  341  0.14803755  0.00090673938  0.005464145  
  342  0.1456524  0.00091066743  0.0053702073  
  343  0.14330903  0.00091444553  0.0052756228  
  344  0.14100731  0.00091807158  0.0051804341  
  345  0.13874706  0.00092154348  0.005084684  
  346  0.13652814  0.00092485912  0.0049884154  
  347  0.13435039  0.0009280164  0.0048916709  
  348  0.13221364  0.00093101321  0.0047944934  
  349  0.13011772  0.00093384788  0.0046969242  
  350  0.12806226  0.00093652048  0.0045989988  
  351  0.12604689  0.00093903149  0.0045007514  
  352  0.12407122  0.00094138139  0.004402216  
  353  0.12213487  0.00094357067  0.0043034267  
  354  0.12023745  0.00094559983  0.0042044177  
  355  0.11837858  0.00094746935  0.004105223  
  356  0.11655787  0.00094917972  0.0040058767  
  357  0.11477494  0.00095073144  0.0039064129  
  358  0.11302941  0.000952125  0.0038068658  
  359  0.11132089  0.00095336088  0.0037072694  
  360  0.10964899  0.00095443959  0.0036076578  
  361  0.10801333  0.0009553616  0.0035080651  
  362  0.10641353  0.00095612743  0.0034085255  
  363  0.1048492  0.00095673755  0.003309073  
  364  0.10331997  0.00095719248  0.0032097417  
  365  0.10182543  0.00095749269  0.0031105657  
  366  0.10036521  0.00095763869  0.0030115791  
  367  0.098938934  0.00095763097  0.002912816  
  368  0.097546204  0.00095747004  0.0028143106  
  369  0.09618664  0.00095715639  0.0027160968  
  370  0.094859858  0.00095669051  0.0026182089  
  371  0.093565473  0.00095607292  0.0025206809  
  372  0.092303101  0.0009553041  0.0024235468  
  373  0.091072358  0.00095438456  0.0023268409  
  374  0.089872859  0.0009533148  0.0022305972  
  375  0.088704219  0.00095209533  0.0021348497  
  376  0.087566055  0.00095072664  0.0020396327  
  377  0.086457981  0.00094920924  0.0019449802  
  378  0.085379615  0.00094754363  0.0018509262  
  379  0.084330569  0.00094573033  0.001757505  
  380  0.083310463  0.00094376983  0.0016647505  
  381  0.082318909  0.00094166264  0.001572697  
  382  0.081355523  0.00093940927  0.0014813784  
  383  0.080419922  0.00093701023  0.0013908289  
  384  0.079511722  0.00093446603  0.0013010826  
  385  0.078630537  0.00093177718  0.0012121736  
  386  0.077775983  0.00092894419  0.0011241359  
  387  0.076947676  0.00092596757  0.0010370038  
  388  0.076145227  0.00092284819  0.00095080748  
  389  0.075368231  0.00091958832  0.00086556242  
  390  0.074616278  0.00091619058  0.00078128026  
  391  0.07388896  0.0009126576  0.00069797269  
  392  0.073185865  0.00090899201  0.00061565135  
  393  0.072506585  0.00090519643  0.00053432793  
  394  0.071850711  0.00090127349  0.00045401408  
  395  0.071217831  0.00089722583  0.00037472148  
  396  0.070607538  0.00089305606  0.00029646178  
  397  0.070019422  0.00088876684  0.00021924665  
  398  0.069453073  0.00088436077  0.00014308777  
  399  0.068908081  0.00087984051  6.7996789e-05  
  400  0.068384037  0.00087520869  -6.0146203e-06  
  401  0.067880532  0.00087046794  -7.8934792e-05  
  402  0.067397155  0.0008656209  -0.00015075206  
  403  0.066933498  0.0008606702  -0.00022145476  
  404  0.066489151  0.0008556185  -0.00029103122  
  405  0.066063704  0.00085046843  -0.00035946979  
  406  0.065656748  0.00084522262  -0.00042675878  
  407  0.065267873  0.00083988374  -0.00049288655  
  408  0.06489667  0.00083445441  -0.00055784141  
  409  0.064542729  0.00082893729  -0.00062161171  
  410  0.064205641  0.00082333502  -0.00068418578  
  411  0.063884995  0.00081765026  -0.00074555195  
  412  0.063580383  0.00081188565  -0.00080569856  
  413  0.063291397  0.00080604385  -0.00086461394  
  414  0.063017623  0.00080012751  -0.00092228642  
  415  0.062758656  0.00079413928  -0.00097870435  
  416  0.062514083  0.00078808182  -0.001033856  
  417  0.062283497  0.00078195778  -0.0010877298  
  418  0.062066487  0.00077576984  -0.0011403141  
  419  0.061862644  0.00076952064  -0.0011915971  
  420  0.061671559  0.00076321285  -0.0012415672  
  421  0.061492821  0.00075684914  -0.0012902128  
  422  0.061326022  0.00075043217  -0.0013375222  
  423  0.061170752  0.0007439646  -0.0013834836  
  424  0.061026601  0.00073744912  -0.0014280856  
  425  0.060893161  0.00073088838  -0.0014713162  
  426  0.06077002  0.00072428506  -0.001513164  
  427  0.060656791  0.00071764189  -0.0015536209  
  428  0.060553174  0.00071096179  -0.0015926929  
  429  0.060458881  0.00070424773  -0.0016303899  
  430  0.060373637  0.00069750271  -0.0016667216  
  431  0.060297157  0.00069072969  -0.0017016978  
  432  0.06022916  0.00068393167  -0.0017353283  
  433  0.060169366  0.00067711162  -0.0017676227  
  434  0.060117491  0.00067027254  -0.0017985909  
  435  0.060073255  0.00066341741  -0.0018282427  
  436  0.060036376  0.00065654922  -0.0018565877  
  437  0.060006573  0.00064967098  -0.0018836357  
  438  0.059983566  0.00064278567  -0.0019093966  
  439  0.059967069  0.00063589629  -0.00193388  
  440  0.059956805  0.00062900585  -0.0019570957  
  441  0.059952489  0.00062211734  -0.0019790536  
  442  0.059953843  0.00061523378  -0.0019997632  
  443  0.059960583  0.00060835817  -0.0020192344  
  444  0.059972428  0.00060149351  -0.002037477  
  445  0.059989098  0.00059464283  -0.0020545007  
  446  0.060010309  0.00058780914  -0.0020703153  
  447  0.060035782  0.00058099545  -0.0020849305  
  448  0.060065233  0.0005742048  -0.0020983561  
  449  0.060098382  0.00056744019  -0.0021106019  
  450  0.060134948  0.00056070466  -0.0021216775  
  451  0.060174648  0.00055400124  -0.0021315929  
  452  0.060217203  0.00054733295  -0.0021403576  
  453  0.060262329  0.00054070284  -0.0021479816  
  454  0.060309744  0.00053411394  -0.0021544745  
  455  0.06035917  0.0005275693  -0.0021598461  
  456  0.060410322  0.00052107195  -0.0021641061  
  457  0.060462921  0.00051462495  -0.0021672644  
  458  0.060516683  0.00050823134  -0.0021693307  
  459  0.06057133  0.00050189418  -0.0021703147  
  460  0.060626578  0.00049561653  -0.0021702262  
  461  0.060682145  0.00048940144  -0.0021690749  
  462  0.060737751  0.00048325199  -0.0021668707  
  463  0.060793115  0.00047717124  -0.0021636233  
  464  0.060847955  0.00047116225  -0.0021593424  
  465  0.060901988  0.00046522812  -0.0021540378  
  466  0.060954965  0.00045937168  -0.002147721  
  467  0.061006753  0.00045359489  -0.0021404101  
  468  0.061057253  0.00044789948  -0.0021321253  
  469  0.061106362  0.00044228716  -0.0021228863  
  470  0.06115398  0.00043675969  -0.0021127132  
  471  0.061200007  0.0004313188  -0.002101626  
  472  0.061244341  0.00042596623  -0.0020896445  
  473  0.061286881  0.00042070372  -0.0020767887  
  474  0.061327527  0.00041553304  -0.0020630786  
  475  0.061366178  0.00041045593  -0.0020485342  
  476  0.061402732  0.00040547416  -0.0020331753  
  477  0.061437088  0.00040058949  -0.002017022  
  478  0.061469146  0.00039580369  -0.0020000942  
  479  0.061498806  0.00039111854  -0.0019824118  
  480  0.061525965  0.00038653581  -0.0019639948  
  481  0.061550524  0.0003820573  -0.0019448632  
  482  0.061572381  0.00037768479  -0.0019250368  
  483  0.061591434  0.00037342007  -0.0019045358  
  484  0.061607585  0.00036926495  -0.0018833799  
  485  0.061620731  0.00036522123  -0.0018615892  
  486  0.061630772  0.00036129073  -0.0018391836  
  487  0.061637606  0.00035747526  -0.0018161831  
  488  0.061641135  0.00035377664  -0.0017926076  
  489  0.061641254  0.00035019671  -0.0017684771  
  490  0.061637865  0.00034673729  -0.0017438115  
  491  0.061630866  0.00034340023  -0.0017186308  
  492  0.061620157  0.00034018737  -0.0016929549  
  493  0.061605636  0.00033710058  -0.0016668039  
  494  0.061587204  0.0003341417  -0.0016401975  
  495  0.061564758  0.00033131261  -0.0016131559  
  496  0.061538198  0.00032861517  -0.0015856989  
  497  0.061507424  0.00032605127  -0.0015578465  
  498  0.061472334  0.00032362279  -0.0015296186  
  499  0.061432828  0.00032133164  -0.0015010353  
  500  0.061388805  0.0003191797  -0.0014721164  
  501  0.061340164  0.00031716889  -0.0014428819  
  502  0.061286804  0.00031530112  -0.0014133518  
  503  0.061228624  0.00031357832  -0.001383546  
  504  0.061165524  0.00031200242  -0.0013534845  
  505  0.061097426  0.00031057503  -0.0013231866  
  506  0.061024346  0.00030929639  -0.0012926698  
  507  0.060946323  0.00030816644  -0.0012619507  
  508  0.060863396  0.00030718511  -0.0012310462  
  509  0.060775602  0.00030635236  -0.0011999731  
  510  0.060682983  0.00030566813  -0.001168748  
  511  0.060585577  0.00030513239  -0.0011373878  
  512  0.060483422  0.00030474511  -0.0011059093  
  513  0.060376558  0.00030450628  -0.0010743293  
  514  0.060265025  0.00030441588  -0.0010426644  
  515  0.06014886  0.00030447391  -0.0010109315  
  516  0.060028102  0.0003046804  -0.00097914743  
  517  0.059902791  0.00030503535  -0.00094732887  
  518  0.059772967  0.0003055388  -0.00091549264  
  519  0.059638667  0.0003061908  -0.00088365551  
  520  0.059499932  0.0003069914  -0.00085183426  
  521  0.059356799  0.00030794065  -0.00082004566  
  522  0.059209309  0.00030903865  -0.00078830649  
  523  0.0590575  0.00031028547  -0.00075663353  
  524  0.058901412  0.00031168121  -0.00072504355  
  525  0.058741082  0.00031322598  -0.00069355334  
  526  0.058576551  0.00031491991  -0.00066217966  
  527  0.058407858  0.00031676313  -0.0006309393  
  528  0.058235043  0.00031875578  -0.00059984903  
  529  0.058058142  0.00032089804  -0.00056892563  
  530  0.057877197  0.00032319007  -0.00053818587  
  531  0.057692246  0.00032563206  -0.00050764654  
  532  0.057503328  0.00032822421  -0.0004773244  
  533  0.057310483  0.00033096674  -0.00044723625  
  534  0.057113749  0.00033385988  -0.00041739884  
  535  0.056913167  0.00033690387  -0.00038782897  
  536  0.056708775  0.00034009896  -0.0003585434  
  537  0.056500612  0.00034344544  -0.00032955892  
  538  0.056288718  0.00034694359  -0.0003008923  
  539  0.056073129  0.00035059372  -0.00027256031  
  540  0.055853895  0.00035439615  -0.00024457974  
  541  0.055631038  0.00035835122  -0.00021696737  
  542  0.055404607  0.00036245928  -0.00018973996  
  543  0.05517465  0.00036672071  -0.00016291429  
  544  0.054941197  0.00037113566  -0.00013650528  
  545  0.05470434  0.00037570337  -0.00011052031  
  546  0.054464184  0.00038042286  -8.4964908e-05  
  547  0.054220811  0.00038529319  -5.9844604e-05  
  548  0.053974316  0.00039031341  -3.5164919e-05  
  549  0.053724802  0.0003954826  -1.0931379e-05  
  550  0.053472352  0.00040079986  1.2850493e-05  
  551  0.05321706  0.00040626433  3.6175172e-05  
  552  0.052959028  0.00041187513  5.9037134e-05  
  553  0.052698352  0.00041763144  8.1430854e-05  
  554  0.052435113  0.00042353244  0.00010335081  
  555  0.052169416  0.00042957733  0.00012479147  
  556  0.051901354  0.00043576535  0.00014574732  
  557  0.05163102  0.00044209575  0.00016621283  
  558  0.051358508  0.0004485678  0.00018618248  
  559  0.051083911  0.00045518081  0.00020565074  
  560  0.050807323  0.0004619341  0.00022461209  
  561  0.050528848  0.00046882702  0.000243061  
  562  0.050248568  0.00047585894  0.00026099195  
  563  0.049966577  0.00048302927  0.00027839942  
  564  0.049682978  0.00049033743  0.00029527788  
  565  0.049397856  0.00049778288  0.0003116218  
  566  0.049111313  0.00050536509  0.00032742566  
  567  0.048823443  0.00051308359  0.00034268395  
  568  0.04853433  0.00052093791  0.00035739112  
  569  0.048244086  0.00052892761  0.00037154167  
  570  0.047952796  0.0005370523  0.00038513005  
  571  0.047660552  0.0005453116  0.00039815076  
  572  0.047367449  0.00055370519  0.00041059827  
  573  0.047073589  0.00056223274  0.00042246704  
  574  0.046779056  0.000570894  0.00043375157  
  575  0.046483944  0.00057968871  0.00044444631  
  576  0.046188366  0.00058861667  0.00045454576  
  577  0.045892396  0.0005976777  0.00046404438  
  578  0.045596136  0.00060687168  0.00047293664  
  579  0.045299691  0.00061619851  0.00048121704  
  580  0.045003133  0.00062565811  0.00048888003  
  581  0.044706577  0.00063525048  0.0004959201  
  582  0.044410116  0.00064497561  0.00050233172  
  583  0.044113819  0.00065483356  0.00050811124  
  584  0.043817791  0.00066482437  0.00051326248  
  585  0.043522095  0.00067494808  0.00051779111  
  586  0.043226791  0.00068520482  0.00052170283  
  587  0.042931972  0.00069559474  0.00052500332  
  588  0.042637697  0.00070611802  0.00052769826  
  589  0.04234404  0.00071677491  0.00052979335  
  590  0.04205108  0.0007275657  0.00053129427  
  591  0.041758891  0.00073849072  0.00053220671  
  592  0.041467542  0.00074955035  0.00053253635  
  593  0.041177096  0.00076074501  0.00053228887  
  594  0.040887644  0.0007720752  0.00053146997  
  595  0.040599257  0.00078354145  0.00053008532  
  596  0.040311997  0.00079514433  0.00052814062  
  597  0.040025936  0.00080688448  0.00052564155  
  598  0.039741164  0.00081876261  0.0005225938  
  599  0.039457743  0.00083077946  0.00051900305  
  600  0.039175745  0.00084293582  0.00051487499  
  601  0.038895251  0.00085523258  0.00051021531  
  602  0.038616322  0.00086767065  0.00050502968  
  603  0.038339051  0.00088025102  0.0004993238  
  604  0.038063487  0.00089297474  0.00049310336  
  605  0.037789724  0.00090584291  0.00048637403  
  606  0.037517821  0.00091885672  0.00047914151  
  607  0.037247871  0.00093201741  0.00047141147  
  608  0.036979926  0.00094532628  0.00046318961  
  609  0.036714065  0.00095878473  0.00045448162  
  610  0.036450372  0.0009723942  0.00044529317  
  611  0.036188917  0.00098615621  0.00043562996  
  612  0.035929762  0.0010000724  0.00042549766  
  613  0.035672998  0.0010141444  0.00041490198  
  614  0.035418687  0.0010283739  0.00040384858  
  615  0.03516691  0.0010427629  0.00039234316  
  616  0.034917738  0.0010573132  0.00038039141  
  617  0.034671254  0.0010720268  0.000367999  
  618  0.034427518  0.0010869058  0.00035517163  
  619  0.034186601  0.0011019524  0.00034191498  
  620  0.033948596  0.0011171688  0.00032823474  
  621  0.033713574  0.0011325574  0.00031413659  
  622  0.033481586  0.0011481207  0.00029962708  
  623  0.033252666  0.0011638623  0.0002847162  
  624  0.033026837  0.0011797858  0.0002694148  
  625  0.032804104  0.0011958951  0.00025373373  
  626  0.032584499  0.001212194  0.00023768384  
  627  0.032368026  0.0012286866  0.00022127598  
  628  0.032154709  0.001245377  0.000204521  
  629  0.031944551  0.0012622694  0.00018742974  
  630  0.031737597  0.0012793681  0.00017001307  
  631  0.031533839  0.0012966777  0.00015228183  
  632  0.031333311  0.0013142026  0.00013424687  
  633  0.031136017  0.0013319476  0.00011591903  
  634  0.030941981  0.0013499174  9.7309182e-05  
  635  0.030751226  0.0013681171  7.8428161e-05  
  636  0.030563765  0.0013865516  5.9286819e-05  
  637  0.030379613  0.0014052261  3.9896009e-05  
  638  0.030198793  0.0014241461  2.0266579e-05  
  639  0.030021318  0.0014433168  4.093791e-07  
  640  0.029847213  0.001462744  -1.966474e-05  
  641  0.02967649  0.0014824333  -3.9944927e-05  
  642  0.029509174  0.0015023906  -6.0420334e-05  
  643  0.029345277  0.001522622  -8.108011e-05  
  644  0.029184814  0.0015431337  -0.0001019134  
  645  0.029027819  0.0015639319  -0.00012290937  
  646  0.028874304  0.0015850232  -0.00014405715  
  647  0.028724283  0.0016064143  -0.0001653459  
  648  0.028577781  0.0016281119  -0.00018676477  
  649  0.02843481  0.0016501231  -0.00020830291  
  650  0.028295395  0.001672455  -0.00022994946  
  651  0.028159558  0.001695115  -0.00025169359  
  652  0.028027314  0.0017181107  -0.00027352443  
  653  0.027898676  0.0017414496  -0.00029543114  
  654  0.027773688  0.0017651398  -0.00031740287  
  655  0.027652343  0.0017891893  -0.00033942876  
  656  0.027534675  0.0018136064  -0.00036149797  
  657  0.027420707  0.0018383997  -0.00038359965  
  658  0.027310454  0.0018635779  -0.00040572295  
  659  0.027203938  0.0018891498  -0.00042785702  
  660  0.027101184  0.0019151247  -0.000449991  
  661  0.027002196  0.0019415121  -0.00047211442  
  662  0.026906957  0.0019683228  -0.00049421826  
  663  0.026815441  0.0019955681  -0.00051629389  
  664  0.026727622  0.0020232595  -0.00053833266  
  665  0.026643463  0.0020514087  -0.00056032593  
  666  0.026562948  0.0020800276  -0.00058226505  
  667  0.026486042  0.0021091286  -0.00060414139  
  668  0.026412728  0.002138724  -0.0006259463  
  669  0.026342929  0.0021688268  -0.00064767114  
  670  0.026276781  0.00219945  -0.00066930727  
  671  0.026214006  0.0022306068  -0.00069084605  
  672  0.026154769  0.0022623109  -0.00071227883  
  673  0.026098934  0.0022945763  -0.00073359698  
  674  0.026046564  0.0023274171  -0.00075479184  
  675  0.025997623  0.0023608479  -0.00077585478  
  676  0.025951975  0.0023948835  -0.00079677716  
  677  0.025909784  0.0024295391  -0.00081755034  
  678  0.025870815  0.0024648302  -0.00083816566  
  679  0.025835229  0.0025007727  -0.0008586145  
  680  0.025802893  0.0025373827  -0.0008788882  
  681  0.025773769  0.0025746769  -0.00089897813  
  682  0.025747921  0.002612672  -0.00091887564  
  683  0.025725214  0.0026513855  -0.0009385721  
  684  0.025705711  0.002690835  -0.00095805885  
  685  0.025689376  0.0027310385  -0.00097732726  
  686  0.025676273  0.0027720145  -0.00099636869  
  687  0.025666165  0.0028137819  -0.0010151745  
  688  0.025659217  0.00285636  -0.001033736  
  689  0.025655293  0.0028997686  -0.0010520446  
  690  0.025654356  0.0029440278  -0.0010700917  
  691  0.025656571  0.0029891581  -0.0010878686  
  692  0.0256617  0.0030351808  -0.0011053666  
  693  0.025669909  0.0030821174  -0.0011225772  
  694  0.02568106  0.0031299899  -0.0011394916  
  695  0.025695119  0.0031788208  -0.0011561013  
  696  0.025712148  0.0032286332  -0.0011723976  
  697  0.025732011  0.0032794508  -0.0011883718  
  698  0.025754873  0.0033312975  -0.0012040153  
  699  0.025780497  0.003384198  -0.0012193195  
  700  0.025809045  0.0034381778  -0.0012342768  
  701  0.025840466  0.0034932632  -0.0012488841  
  702  0.025874607  0.0035494817  -0.0012631393  
  703  0.025911515  0.003606861  -0.0012770403  
  704  0.025951237  0.0036654296  -0.001290585  
  705  0.025993521  0.0037252167  -0.0013037715  
  706  0.026038613  0.0037862519  -0.0013165975  
  707  0.02608626  0.0038485658  -0.0013290611  
  708  0.026136509  0.0039121894  -0.0013411601  
  709  0.026189307  0.0039771544  -0.0013528926  
  710  0.026244702  0.0040434935  -0.0013642564  
  711  0.02630264  0.0041112398  -0.0013752495  
  712  0.026363068  0.0041804273  -0.0013858698  
  713  0.026425934  0.0042510908  -0.0013961152  
  714  0.026491184  0.0043232658  -0.0014059837  
  715  0.026558965  0.0043969887  -0.0014154731  
  716  0.026629024  0.0044722965  -0.0014245815  
  717  0.026701509  0.0045492273  -0.0014333068  
  718  0.026776366  0.0046278199  -0.0014416469  
  719  0.026853542  0.0047081142  -0.0014495996  
  720  0.026932985  0.0047901507  -0.0014571631  
  721  0.027014741  0.0048739711  -0.0014643351  
  722  0.027098657  0.0049596179  -0.0014711136  
  723  0.027184881  0.0050471346  -0.0014774966  
  724  0.027273359  0.0051365657  -0.0014834819  
  725  0.027363938  0.0052279569  -0.0014890676  
  726  0.027456766  0.0053213546  -0.0014942514  
  727  0.027551789  0.0054168065  -0.0014990315  
  728  0.027648955  0.0055143615  -0.0015034057  
  729  0.02774821  0.0056140694  -0.0015073719  
  730  0.027849601  0.0057159814  -0.001510928  
  731  0.027953175  0.0058201496  -0.0015140721  
  732  0.028058781  0.0059266275  -0.001516802  
  733  0.028166563  0.0060354699  -0.0015191156  
  734  0.02827637  0.0061467327  -0.001521011  
  735  0.028388248  0.0062604733  -0.0015224859  
  736  0.028502245  0.0063767504  -0.0015235385  
  737  0.028618207  0.0064956239  -0.0015241665  
  738  0.028736282  0.0066171553  -0.0015243679  
  739  0.028856519  0.0067414076  -0.0015241417  
  740  0.028978678  0.006868445  -0.0015234912  
  741  0.029103023  0.0069983334  -0.0015224205  
  742  0.029229517  0.0071311402  -0.0015209342  
  743  0.029358023  0.0072669345  -0.0015190363  
  744  0.029488704  0.0074057869  -0.0015167312  
  745  0.029621623  0.0075477697  -0.0015140233  
  746  0.029756643  0.007692957  -0.0015109167  
  747  0.029893927  0.0078414247  -0.0015074158  
  748  0.030033438  0.0079932504  -0.0015035249  
  749  0.030175241  0.0081485135  -0.0014992483  
  750  0.030319296  0.0083072956  -0.0014945902  
  751  0.030465769  0.0084696799  -0.001489555  
  752  0.030614521  0.0086357518  -0.0014841469  
  753  0.030765716  0.0088055988  -0.0014783703  
  754  0.030919317  0.0089793103  -0.0014722294  
  755  0.031075387  0.009156978  -0.0014657285  
  756  0.03123399  0.009338696  -0.001458872  
  757  0.031395188  0.0095245602  -0.001451664  
  758  0.031558944  0.0097146693  -0.001444109  
  759  0.031725322  0.0099091241  -0.0014362112  
  760  0.031894384  0.010108028  -0.0014279748  
  761  0.032066294  0.010311487  -0.0014194042  
  762  0.032240915  0.010519609  -0.0014105037  
  763  0.03241841  0.010732506  -0.0014012776  
  764  0.032598841  0.01095029  -0.0013917301  
  765  0.032782273  0.01117308  -0.0013818655  
  766  0.032968769  0.011400994  -0.0013716882  
  767  0.03315829  0.011634155  -0.0013612025  
  768  0.033351001  0.011872687  -0.0013504125  
  769  0.033546965  0.01211672  -0.0013393227  
  770  0.033746244  0.012366385  -0.0013279373  
  771  0.033948902  0.012621817  -0.0013162606  
  772  0.034155102  0.012883154  -0.0013042969  
  773  0.034364806  0.013150537  -0.0012920505  
  774  0.034578179  0.013424112  -0.0012795256  
  775  0.034795383  0.013704028  -0.0012667267  
  776  0.035016282  0.013990436  -0.0012536578  
  777  0.035240837  0.014283493  -0.0012403235  
  778  0.035470318  0.014583359  -0.0012267284  
  779  0.035703315  0.014890196  -0.001212879  
  780  0.03594082  0.015204174  -0.0011987823  
  781  0.036182829  0.015525462  -0.0011844455  
  782  0.036428336  0.015854237  -0.0011698754  
  783  0.036680336  0.016190678  -0.0011550791  
  784  0.036935823  0.016534971  -0.0011400635  
  785  0.03719679  0.016887305  -0.0011248358  
  786  0.037463234  0.017247875  -0.0011094029  
  787  0.037735147  0.017616878  -0.0010937717  
  788  0.038012525  0.01799452  -0.0010779494  
  789  0.038295362  0.018381009  -0.0010619429  
  790  0.038584652  0.018776559  -0.0010457592  
  791  0.03887939  0.019181392  -0.0010294053  
  792  0.03918057  0.019595732  -0.0010128882  
  793  0.039489186  0.02001981  -0.00099621502  
  794  0.039803233  0.020453865  -0.00097939265  
  795  0.040124705  0.020898137  -0.00096242813  
  796  0.040453597  0.021352878  -0.00094532846  
  797  0.040789903  0.021818343  -0.00092810065  
  798  0.041132618  0.022294793  -0.0009107517  
  799  0.041484735  0.022782499  -0.00089328862  
  800  0.04184425  0.023281735  -0.00087571842  
  801  0.042212156  0.023792783  -0.0008580481  
  802  0.042588448  0.024315936  -0.00084028467  
  803  0.042973121  0.024851489  -0.00082243513  
  804  0.043367168  0.025399747  -0.00080450649  
  805  0.043770585  0.025961025  -0.00078650576  
  806  0.044184365  0.026535642  -0.00076843993  
  807  0.044607504  0.027123928  -0.00075031602  
  808  0.045040995  0.027726221  -0.00073214103  
  809  0.045484832  0.028342866  -0.00071392197  
  810  0.045939011  0.02897422  -0.00069566585  
  811  0.046405526  0.029620646  -0.00067737966  
  812  0.04688337  0.03028252  -0.00065907041  
  813  0.047372539  0.030960223  -0.00064074512  
  814  0.047874027  0.031654151  -0.00062241078  
  815  0.048387828  0.032364706  -0.00060407441  
  816  0.048914937  0.033092303  -0.000585743  
  817  0.049456352  0.033837366  -0.00056742331  
  818  0.050010089  0.034600332  -0.00054912103  
  819  0.05057817  0.035381646  -0.00053084159  
  820  0.051161614  0.036181766  -0.00051259046  
  821  0.051760442  0.037001163  -0.00049437305  
  822  0.052373674  0.037840319  -0.00047619481  
  823  0.053003332  0.038699729  -0.00045806118  
  824  0.053649435  0.0395799  -0.0004399776  
  825  0.054313004  0.040481355  -0.00042194951  
  826  0.05499406  0.041404629  -0.00040398235  
  827  0.055693623  0.042350269  -0.00038608155  
  828  0.056410714  0.04331884  -0.00036825256  
  829  0.057148352  0.044310921  -0.00035050082  
  830  0.057904559  0.045327104  -0.00033283176  
  831  0.058681356  0.046367999  -0.00031525082  
  832  0.059479761  0.047434232  -0.00029776345  
  833  0.060298797  0.048526444  -0.00028037508  
  834  0.061141484  0.049645294  -0.00026309116  
  835  0.062005841  0.050791458  -0.00024591711  
  836  0.06289389  0.051965631  -0.00022885839  
  837  0.063806652  0.053168525  -0.00021192043  
  838  0.064745146  0.054400871  -0.00019510866  
  839  0.065708393  0.055663422  -0.00017842854  
  840  0.066698413  0.056956947  -0.0001618855  
  841  0.067715228  0.058282238  -0.00014548497  
  842  0.068760858  0.059640108  -0.0001292324  
  843  0.069834322  0.061031391  -0.00011313323  
  844  0.070938643  0.062456944  -9.7192894e-05  
  845  0.072072839  0.063917646  -8.1416833e-05  
  846  0.073238932  0.0654144  -6.5810488e-05  
  847  0.074437942  0.066948133  -5.0379296e-05  
  848  0.07566889  0.068519797  -3.5128698e-05  
  849  0.076935796  0.07013037  -2.0064133e-05  
  850  0.078236681  0.071780855  -5.1910404e-06  
  851  0.079574565  0.073472284  9.4851408e-06  
  852  0.080949468  0.075205714  2.3958971e-05  
  853  0.082363412  0.076982232  3.8225011e-05  
  854  0.083816416  0.078802955  5.2277821e-05  
  855  0.085309502  0.08066903  6.6111962e-05  
  856  0.086845691  0.082581633  7.9722673e-05  
  857  0.088424011  0.084541972  9.3107906e-05  
  858  0.090047491  0.08655129  0.00010626629  
  859  0.09171616  0.088610861  0.00011919647  
  860  0.093432049  0.090721995  0.00013189705  
  861  0.095195185  0.092886035  0.00014436669  
  862  0.097009599  0.095104365  0.000156604  
  863  0.098874319  0.097378403  0.00016860762  
  864  0.10079138  0.099709606  0.00018037618  
  865  0.1027628  0.10209947  0.00019190831  
  866  0.10479061  0.10454954  0.00020320264  
  867  0.10687485  0.10706139  0.00021425781  
  868  0.10901855  0.10963664  0.00022507243  
  869  0.11122272  0.11227696  0.00023564516  
  870  0.11348841  0.11498407  0.00024597461  
  871  0.11581963  0.11775973  0.00025605941  
  872  0.11821643  0.12060573  0.00026589821  
  873  0.12068383  0.12352395  0.00027548962  
  874  0.12321785  0.12651629  0.00028483228  
  875  0.12582154  0.12958471  0.00029392483  
  876  0.12850491  0.13273123  0.00030276588  
  877  0.131258  0.13595791  0.00031135408  
  878  0.13409083  0.13926689  0.00031968805  
  879  0.13701344  0.14266035  0.00032776643  
  880  0.14000585  0.14614054  0.00033558784  
  881  0.1430881  0.14970977  0.00034315092  
  882  0.1462602  0.15337041  0.0003504543  
  883  0.14952221  0.1571249  0.0003574966  
  884  0.15287413  0.16097574  0.00036427647  
  885  0.156326  0.16492551  0.00037079253  
  886  0.15987785  0.16897686  0.00037704341  
  887  0.16351972  0.17313251  0.00038302774  
  888  0.16728162  0.17739525  0.00038874416  
  889  0.17113358  0.18176795  0.00039419129  
  890  0.17510565  0.18625358  0.00039936776  
  891  0.17918784  0.19085516  0.00040427222  
  892  0.18339019  0.19557583  0.00040890328  
  893  0.18771272  0.20041878  0.00041325958  
  894  0.19215547  0.20538731  0.00041733975  
  895  0.19672846  0.21048481  0.00042114307  
  896  0.20142171  0.21571478  0.00042467137  
  897  0.20626525  0.22108078  0.00042792714  
  898  0.21123909  0.22658651  0.00043091287  
  899  0.21635326  0.23223575  0.00043363103  
  900  0.22161778  0.2380324  0.00043608412  
  901  0.22703267  0.24398044  0.00043827462  
  902  0.23259795  0.25008401  0.00044020501  
  903  0.23832363  0.25634734  0.00044187778  
  904  0.24421975  0.26277476  0.00044329541  
  905  0.25027632  0.26937076  0.00044446039  
  906  0.25651336  0.27613993  0.0004453752  
  907  0.2629309  0.283087  0.00044604232  
  908  0.26952895  0.29021684  0.00044646425  
  909  0.27631754  0.29753445  0.00044664346  
  910  0.28329668  0.30504497  0.00044658244  
  911  0.2904864  0.31275369  0.00044628368  
  912  0.29787671  0.32066604  0.00044574965  
  913  0.30547765  0.32878763  0.00044498285  
  914  0.31329923  0.33712419  0.00044398576  
  915  0.32135146  0.34568166  0.00044276086  
  916  0.32962438  0.35446612  0.00044131063  
  917  0.338148  0.36348381  0.00043963757  
  918  0.34691234  0.37274119  0.00043774416  
  919  0.35592743  0.38224487  0.00043563287  
  920  0.36521328  0.39200166  0.0004333062  
  921  0.37475992  0.40201857  0.00043076663  
  922  0.38457736  0.4123028  0.00042801665  
  923  0.39468563  0.42286177  0.00042505874  
  924  0.40508475  0.4337031  0.00042189538  
  925  0.41579473  0.44483464  0.00041852905  
  926  0.42680561  0.45626445  0.00041496225  
  927  0.4381374  0.46800084  0.00041119746  
  928  0.44980012  0.48005236  0.00040723716  
  929  0.46179379  0.49242778  0.00040308384  
  930  0.47414844  0.50513616  0.00039873998  
  931  0.48685408  0.51818679  0.00039420806  
  932  0.49993073  0.53158924  0.00038949058  
  933  0.51338842  0.54535336  0.00038459001  
  934  0.52724716  0.55948929  0.00037950912  
  935  0.54149697  0.57400746  0.00037425178  
  936  0.55616784  0.58891859  0.00036882216  
  937  0.57126977  0.60423372  0.00036322441  
  938  0.58681279  0.61996422  0.00035746269  
  939  0.60280687  0.63612179  0.00035154116  
  940  0.61927204  0.65271844  0.00034546396  
  941  0.6362183  0.66976658  0.00033923526  
  942  0.65366564  0.68727894  0.00033285922  
  943  0.67162408  0.70526863  0.00032633999  
  944  0.69010361  0.72374917  0.00031968174  
  945  0.70913425  0.74273444  0.00031288861  
  946  0.72871599  0.76223875  0.00030596476  
  947  0.74887884  0.78227681  0.00029891435  
  948  0.76963281  0.80286377  0.00029174155  
  949  0.79099789  0.82401524  0.00028445049  
  950  0.8129941  0.84574726  0.00027704535  
  951  0.83564143  0.86807637  0.00026953028  
  952  0.85895989  0.89101956  0.00026190944  
  953  0.88296949  0.91459436  0.00025418697  
  954  0.90768023  0.9388188  0.00024636705  
  955  0.9331221  0.96371142  0.00023845383  
  956  0.95932513  0.98929135  0.00023045146  
  957  0.9863093  1.0155782  0.0002223641  
  958  1.0140646  1.0425924  0.00021419591  
  959  1.0426911  1.0703546  0.00020595104  
  960  1.0721188  1.0988863  0.00019763366  
  961  1.1024476  1.1282097  0.00018924792  
  962  1.1336776  1.1583476  0.00018079797  
  963  1.1659087  1.1893233  0.00017228797  
  964  1.1990411  1.2211609  0.00016372209  
  965  1.2330746  1.2538855  0.00015510448  
  966  1.2682093  1.2875224  0.00014643928  
  967  1.3044452  1.3220982  0.00013773067  
  968  1.3416823  1.3576399  0.0001289828  
  969  1.3800206  1.3941755  0.00012019983  
  970  1.4195602  1.4317337  0.00011138591  
  971  1.4603009  1.4703443  0.00010254519  
  972  1.5022428  1.5100378  9.3681846e-05  
  973  1.5454859  1.5508455  8.4799878e-05  
  974  1.5899303  1.5927999  7.5902724e-05  
  975  1.6357758  1.6359344  6.6993674e-05  
  976  1.6830226  1.6802834  5.8076016e-05  
  977  1.7316705  1.7258821  4.9153041e-05  
  978  1.7818195  1.7727672  4.0228038e-05  
  979  1.8334697  1.8209761  3.1304297e-05  
  980  1.8866211  1.8705475  2.2385109e-05  
  981  1.9414736  1.9215214  1.3473762e-05  
  982  1.9979272  1.9739387  4.5735466e-06  
  983  2.056082  2.0278417  -4.3122477e-06  
  984  2.1160378  2.0832741  -1.3180331e-05  
  985  2.1777947  2.1402808  -2.2027414e-05  
  986  2.2414528  2.1989079  -3.0850206e-05  
  987  2.3070118  2.2592033  -3.9645418e-05  
  988  2.374572  2.3212159  -4.840976e-05  
  989  2.4442332  2.3849964  -5.7139943e-05  
  990  2.5159954  2.4505968  -6.5832676e-05  
  991  2.5899587  2.518071  -7.448467e-05  
  992  2.666223  2.5874743  -8.3092635e-05  
  993  2.7446883  2.6588638  -9.1653282e-05  
  994  2.8256546  2.7322981  -0.00010016332  
  995  2.9091219  2.8078379  -0.00010861946  
  996  2.9950902  2.8855456  -0.00011701841  
  997  3.0837594  2.9654856  -0.00012535689  
  998  3.1751296  3.0477241  -0.00013363159  
  999  3.2693008  3.1323294  -0.00014183924  
 1000  3.3663729  3.2193721  -0.00014997655  
 1001  3.4664459  3.3089246  -0.00015804021  
 1002  3.5696198  3.4010619  -0.00016602695  
 1003  3.6758947  3.4958609  -0.00017393348  
 1004  3.7855704  3.5934012  -0.0001817565  
 1005  3.898547  3.6937648  -0.00018949272  
 1006  4.0151245  3.797036  -0.00019713886  
 1007  4.1352029  3.9033019  -0.00020469162  
 1008  4.2590821  4.0126523  -0.00021214772  
 1009  4.3867622  4.1251796  -0.00021950386  
 1010  4.5184431  4.2409793  -0.00022675676  
 1011  4.6542249  4.3601496  -0.00023390312  
 1012  4.7942074  4.482792  -0.00024094005  
 1013  4.9385908  4.6090108  -0.00024786621  
 1014  5.0874749  4.7389139  -0.00025468064  
 1015  5.2409598  4.8726124  -0.0002613824  
 1016  5.3993454  5.0102207  -0.00026797054  
 1017  5.5626318  5.1518569  -0.0002744441  
 1018  5.730919  5.297643  -0.00028080213  
 1019  5.9046068  5.4477043  -0.00028704369  
 1020  6.0836953  5.6021703  -0.00029316783  
 1021  6.2684845  5.7611746  -0.00029917359  
 1022  6.4589743  5.9248549  -0.00030506003  
 1023  6.6554648  6.0933531  -0.00031082619  
 1024  6.8582559  6.2668156  -0.00031647113  
 1025  7.0673476  6.4453935  -0.0003219939  
 1026  7.2830399  6.6292424  -0.00032739353  
 1027  7.5055328  6.818523  -0.0003326691  
 1028  7.7350263  7.0134008  -0.00033781963  
 1029  7.9718203  7.2140468  -0.0003428442  
 1030  8.2161149  7.4206371  -0.00034774183  
 1031  8.4682099  7.6333536  -0.0003525116  
 1032  8.7282055  7.8523836  -0.00035715253  
 1033  8.9965016  8.0779205  -0.00036166369  
 1034  9.2732981  8.3101638  -0.00036604413  
 1035  9.5588951  8.5493193  -0.00037029289  
 1036  9.8535925  8.7955993  -0.00037440902  
 1037  10.15819  9.0492226  -0.00037839158  
 1038  10.471189  9.3104152  -0.00038223961  
 1039  10.795187  9.5794101  -0.00038595217  
 1040  11.129186  9.8564477  -0.0003895283  
 1041  11.474186  10.141776  -0.00039296705  
 1042  11.830185  10.435651  -0.00039626748  
 1043  12.197185  10.738337  -0.00039942863  
 1044  12.576186  11.050106  -0.00040244955  
 1045  12.968186  11.371239  -0.0004053293  
 1046  13.371187  11.702027  -0.00040806692  
 1047  13.788189  12.042768  -0.00041066146  
 1048  14.21819  12.393772  -0.00041311198  
 1049  14.662192  12.755357  -0.00041541752  
 1050  15.121194  13.127851  -0.00041757713  
 1051  15.594196  13.511595  -0.00041959024  
 1052  16.082198  13.906939  -0.00042145775  
 1053  16.587201  14.314244  -0.00042318094  
 1054  17.107203  14.733882  -0.0004247611  
 1055  17.645206  15.16624  -0.0004261995  
 1056  18.199209  15.611714  -0.00042749743  
 1057  18.772212  16.070715  -0.00042865615  
 1058  19.364216  16.543665  -0.00042967697  
 1059  19.974219  17.031002  -0.00043056114  
 1060  20.605222  17.533176  -0.00043130996  
 1061  21.256226  18.050654  -0.00043192471  
 1062  21.92823  18.583915  -0.00043240666  
 1063  22.622233  19.133456  -0.0004327571  
 1064  23.339237  19.699789  -0.0004329773  
 1065  24.080241  20.283442  -0.00043306854  
 1066  24.844245  20.884961  -0.00043303211  
 1067  25.634248  21.504909  -0.00043286929  
 1068  26.449252  22.143868  -0.00043258135  
 1069  27.291256  22.802439  -0.00043216958  
 1070  28.16126  23.481241  -0.00043163525  
 1071  29.060264  24.180915  -0.00043097965  
 1072  29.987267  24.902121  -0.00043020406  
 1073  30.946271  25.645542  -0.00042930975  
 1074  31.936275  26.411883  -0.00042829801  
 1075  32.959278  27.201871  -0.00042717012  
 1076  34.015282  28.016257  -0.00042592735  
 1077  35.107285  28.855818  -0.00042457099  
 1078  36.234288  29.721355  -0.00042310232  
 1079  37.399291  30.613694  -0.00042152262  
 1080  38.602294  31.533692  -0.00041983316  
 1081  39.846297  32.482229  -0.00041803524  
 1082  41.1303  33.460217  -0.00041613011  
 1083  42.457302  34.468598  -0.00041411908  
 1084  43.829304  35.508344  -0.00041200342  
 1085  45.246307  36.580459  -0.0004097844  
 1086  46.710308  37.68598  -0.00040746332  
 1087  48.22331  38.825978  -0.00040504144  
 1088  49.786312  40.00156  -0.00040252005  
 1089  51.402313  41.213869  -0.00039990043  
 1090  53.071314  42.464085  -0.00039718403  
 1091  54.796314  43.753429  -0.00039437293  
 1092  56.580315  45.083159  -0.00039146941  
 1093  58.423315  46.454578  -0.00038847572  
 1094  60.327315  47.86903  -0.00038539412  
 1095  62.296315  49.327905  -0.00038222687  
 1096  64.331314  50.832637  -0.00037897625  
 1097  66.434313  52.38471  -0.00037564449  
 1098  68.608312  53.985655  -0.00037223388  
 1099  70.85531  55.637055  -0.00036874666  
 1100  73.178308  57.340547  -0.0003651851  
 1101  75.579306  59.097819  -0.00036155146  
 1102  78.062304  60.910618  -0.000357848  
 1103  80.628301  62.780748  -0.00035407699  
 1104  83.281298  64.710075  -0.00035024068  
 1105  86.024295  66.700524  -0.00034634133  
 1106  88.860292  68.754086  -0.0003423812  
 1107  91.792288  70.872821  -0.00033836257  
 1108  94.824283  73.058853  -0.00033428767  
 1109  97.959279  75.314381  -0.00033015879  
 1110  101.19627  77.641677  -0.00032597818  
 1111  104.55627  80.043086  -0.00032174809  
 1112  108.01626  82.521037  -0.0003174708  
 1113  111.60626  85.078036  -0.00031314855  
 1114  115.30625  87.716677  -0.00030878362  
 1115  119.13625  90.439637  -0.00030437827  
 1116  123.10624  93.249686  -0.00029993475  
 1117  127.20623  96.149688  -0.00029545532  
 1118  131.44622  99.1426  -0.00029094225  
 1119  135.82622  102.23148  -0.0002863978  
 1120  140.36621  105.4195  -0.00028182422  
 1121  145.0562  108.70992  -0.00027722379  
 1122  149.90619  112.10612  -0.00027259875  
 1123  154.92618  115.61159  -0.00026795138  
 1124  160.11617  119.22996  -0.00026328393  
 1125  165.48616  122.96495  -0.00025859866  
 1126  171.04615  126.82042  -0.00025389784  
 1127  176.79614  130.80037  -0.00024918372  
 1128  182.74613  134.90893  -0.00024445857  
 1129  188.89612  139.15037  -0.00023972456  
 1130  195.25611  143.52909  -0.00023498357  
 1131  201.84609  148.04967  -0.00023023739  
 1132  208.65608  152.71682  -0.00022548781  
 1133  215.70607  157.53543  -0.00022073661  
 1134  223.00605  162.51054  -0.00021598558  
 1135  230.54604  167.64738  -0.00021123652  
 1136  238.35603  172.95134  -0.00020649122  
 1137  246.44601  178.428  -0.00020175145  
 1138  254.806  184.08314  -0.00019701903  
 1139  263.46598  189.92274  -0.00019229572  
 1140  272.41597  195.95296  -0.00018758333  
 1141  281.68595  202.1802  -0.00018288363  
 1142  291.28593  208.61107  -0.00017819843  
 1143  301.21592  215.25241  -0.00017352951  
 1144  311.4859  222.11127  -0.00016887867  
 1145  322.12588  229.19499  -0.00016424768  
 1146  333.13587  236.51112  -0.00015963834  
 1147  344.53585  244.06749  -0.00015505244  
 1148  356.33583  251.8722  -0.00015049177  
 1149  368.54581  259.93362  -0.00014595812  
 1150  381.18579  268.26043  -0.00014145328  
 1151  394.27577  276.86159  -0.00013697903  
 1152  407.82575  285.74637  -0.00013253718  
 1153  421.84574  294.92438  -0.00012812949  
 1154  436.37572  304.40554  -0.00012375778  
 1155  451.4057  314.20012  -0.00011942382  
 1156  466.97568  324.31877  -0.00011512941  
 1157  483.08565  334.77248  -0.00011087633  
 1158  499.77563  345.57263  -0.00010666638  
 1159  517.05561  356.731  -0.00010250134  
 1160  534.95559  368.25979  -9.8383009e-05  
 1161  553.48557  380.17161  -9.4313169e-05  
 1162  572.66555  392.4795  -9.0293612e-05  
 1163  592.53553  405.197  -8.6326127e-05  
 1164  613.1155  418.33806  -8.2412505e-05  
 1165  634.42548  431.91717  -7.8554535e-05  
 1166  656.49546  445.94931  -7.4754007e-05  
 1167  679.35543  460.44996  -7.1012709e-05  
 1168  703.02541  475.43519  -6.7332213e-05  
 1169  727.55539  490.92158  -6.3713218e-05  
 1170  752.94536  506.92634  -6.0156203e-05  
 1171  779.25534  523.46726  -5.6661647e-05  
 1172  806.50532  540.56276  -5.323003e-05  
 1173  834.73529  558.23189  -4.9861832e-05  
 1174  863.97527  576.4944  -4.6557533e-05  
 1175  894.27524  595.37072  -4.3317611e-05  
 1176  925.65522  614.882  -4.0142546e-05  
 1177  958.16519  635.05014  -3.7032819e-05  
 1178  991.84517  655.89781  -3.3988909e-05  
 1179  1026.7051  677.44849  -3.1011295e-05  
 1180  1062.9051  699.72646  -2.8100457e-05  
 1181  1100.4051  722.75691  -2.5256874e-05  
 1182  1139.2051  746.56587  -2.2481027e-05  
 1183  1179.405  771.18033  -1.9773394e-05  
 1184  1221.105  796.62821  -1.7134456e-05  
 1185  1264.205  822.93844  -1.4564692e-05  
 1186  1309.005  850.14096  -1.2064582e-05  
 1187  1355.4049  878.2668  -9.6346049e-06  
 1188  1403.4049  907.34807  -7.2752407e-06  
 1189  1453.2049  937.41803  -4.986969e-06  
 1190  1504.8049  968.51112  -2.7702695e-06  
 1191  1558.3048  1000.663  -6.2562165e-07  
 1192  1613.8048  1033.9107  1.4464948e-06  
 1193  1671.2048  1068.2923  3.4456004e-06  
 1194  1730.8047  1103.8477  5.3712153e-06  
 1195  1792.5047  1140.6177  7.2228601e-06  
 1196  1856.5047  1178.6449  9.0000551e-06  
 1197  1922.9047  1217.9734  1.0702321e-05  
 1198  1991.6046  1258.6487  1.2329177e-05  
 1199  2062.9046  1300.7182  1.3880145e-05  
 1200  2136.8046  1344.2307  1.5354745e-05  
 1201  2213.4046  1389.237  1.6752497e-05  
 1202  2292.8045  1435.7895  1.8072921e-05  
 1203  2375.2045  1483.9428  1.9315538e-05  
 1204  2460.5045  1533.7532  2.0479869e-05  
 1205  2549.0045  1585.2791  2.1565433e-05  
 1206  2640.8044  1638.5809  2.2571751e-05  
 1207  2736.0044  1693.7215  2.3498551e-05  
 1208  2834.6044  1750.7657  2.4346389e-05  
 1209  2937.0043  1809.7808  2.5116027e-05  
 1210  3043.0043  1870.8366  2.5808229e-05  
 1211  3153.1043  1934.0054  2.6423758e-05  
 1212  3267.2043  1999.3619  2.6963377e-05  
 1213  3385.5042  2066.9839  2.742785e-05  
 1214  3508.2042  2136.9516  2.7817938e-05  
 1215  3635.5042  2209.3485  2.8134407e-05  
 1216  3767.5042  2284.2607  2.8378018e-05  
 1217  3904.4041  2361.7779  2.8549534e-05  
 1218  4046.4041  2441.9928  2.864972e-05  
 1219  4193.6041  2525.0014  2.8679338e-05  
 1220  4346.4041  2610.9033  2.8639151e-05  
 1221  4504.904  2699.8019  2.8529922e-05  
 1222  4669.204  2791.804  2.8352415e-05  
 1223  4839.804  2887.0206  2.8107392e-05  
 1224  5016.704  2985.5666  2.7795617e-05  
 1225  5200.2039  3087.5613  2.7417853e-05  
 1226  5390.6039  3193.128  2.6974863e-05  
 1227  5588.1039  3302.3949  2.646741e-05  
 1228  5793.0039  3415.4946  2.5896257e-05  
 1229  6005.6038  3532.5648  2.5262168e-05  
 1230  6226.2038  3653.748  2.4565905e-05  
 1231  6455.1038  3779.1922  2.3808232e-05  
 1232  6692.6038  3909.0507  2.2989912e-05  
 1233  6939.1037  4043.4823  2.2111707e-05  
 1234  7194.8037  4182.6519  2.1174382e-05  
 1235  7460.2037  4326.7303  2.0178699e-05  
 1236  7735.6037  4475.8947  1.9125421e-05  
 1237  8021.4036  4630.3287  1.8015311e-05  
 1238  8318.0036  4790.2227  1.6849134e-05  
 1239  8625.8036  4955.7744  1.5627651e-05  
 1240  8945.3036  5127.1884  1.4351625e-05  
 1241  9276.8036  5304.677  1.3021821e-05  
 1242  9621.0035  5488.4606  1.1639001e-05  
 1243  9978.2035  5678.7675  1.0203928e-05  
 1244  10349.003  5875.8344  8.7173655e-06  
 1245  10734.003  6079.907  7.1800766e-06  
 1246  11133.003  6291.2401  5.5929108e-06  
 1247  11548.003  6510.0977  3.9570639e-06  
 1248  11979.003  6736.7539  2.2738183e-06  
 1249  12425.003  6971.4929  5.4445613e-07  
 1250  12889.003  7214.6094  -1.2297403e-06  
 1251  13371.003  7466.4091  -3.0474887e-06  
 1252  13871.003  7727.2093  -4.9075068e-06  
 1253  14390.003  7997.3388  -6.8085123e-06  
 1254  14930.003  8277.1389  -8.749223e-06  
 1255  15489.003  8566.9636  -1.0728357e-05  
 1256  16071.003  8867.1801  -1.2744631e-05  
 1257  16674.003  9178.1693  -1.4796763e-05  
 1258  17301.003  9500.3264  -1.6883472e-05  
 1259  17952.003  9834.0615  -1.9003474e-05  
 1260  18627.003  10179.8  -2.1155488e-05  
 1261  19329.003  10537.983  -2.3338231e-05  
 1262  20058.003  10909.069  -2.5550421e-05  
 1263  20815.003  11293.532  -2.7790776e-05  
 1264  21601.003  11691.866  -3.0058013e-05  
 1265  22417.003  12104.581  -3.235085e-05  
 1266  23265.003  12532.21  -3.4668005e-05  
 1267  24146.003  12975.303  -3.7008196e-05  
 1268  25061.003  13434.43  -3.937014e-05  
 1269  26011.003  13910.186  -4.1752555e-05  
 1270  26999.003  14403.185  -4.4154159e-05  
 1271  28024.003  14914.066  -4.657367e-05  
 1272  29089.003  15443.493  -4.9009804e-05  
 1273  30196.003  15992.153  -5.1461281e-05  
 1274  31345.003  16560.76  -5.3926817e-05  
 1275  32540.003  17150.055  -5.6405131e-05  
 1276  33780.003  17760.807  -5.889494e-05  
 1277  35070.003  18393.814  -6.1394961e-05  
 1278  36409.003  19049.906  -6.3903914e-05  
 1279  37801.003  19729.942  -6.6420514e-05  
 1280  39247.003  20434.814  -6.8943481e-05  
 1281  40749.003  21165.451  -7.1471531e-05  
 1282  42311.003  21922.813  -7.4003383e-05  
 1283  43933.003  22707.899  -7.6537754e-05  
 1284  45619.003  23521.747  -7.9073362e-05  
 1285  47371.003  24365.431  -8.1608967e-05  
 1286  49192.003  25240.071  -8.4143499e-05  
 1287  51084.003  26146.826  -8.6675931e-05  
 1288  53051.003  27086.899  -8.9205233e-05  
 1289  55095.003  28061.543  -9.1730379e-05  
 1290  57219.003  29072.055  -9.4250341e-05  
 1291  59427.003  30119.783  -9.6764091e-05  
 1292  61722.003  31206.128  -9.9270602e-05  
 1293  64108.003  32332.542  -0.00010176884  
 1294  66587.003  33500.536  -0.00010425779  
 1295  69165.003  34711.675  -0.00010673642  
 1296  71844.003  35967.589  -0.00010920369  
 1297  74630.003  37269.968  -0.00011165859  
 1298  77526.003  38620.565  -0.00011410008  
 1299  80536.003  40021.206  -0.00011652713  
 1300  83666.003  41473.782  -0.00011893873  
 1301  86920.003  42980.26  -0.00012133383  
 1302  90304.003  44542.682  -0.00012371142  
 1303  93821.003  46163.17  -0.00012607046  
 1304  97479.003  47843.926  -0.00012840993  
 1305  101280  49587.238  -0.0001307288  
 1306  105240  51395.484  -0.00013302604  
 1307  109350  53271.133  -0.00013530062  
 1308  113630  55216.749  -0.00013755152  
 1309  118070  57234.996  -0.00013977771  
 1310  122700  59328.643  -0.00014197816  
 1311  127510  61500.565  -0.00014415184  
 1312  132510  63753.747  -0.00014629773  
 1313  137710  66091.295  -0.00014841479  
 1314  143120  68516.431  -0.000150502  
 1315  148750  71032.505  -0.00015255834  
 1316  154600  73642.998  -0.00015458277  
 1317  160690  76351.526  -0.00015657426  
 1318  167020  79161.845  -0.0001585318  
 1319  173610  82077.86  -0.00016045434  
 1320  180470  85103.627  -0.00016234087  
 1321  187590  88243.361  -0.00016419036  
 1322  195010  91501.443  -0.00016600177  
 1323  202730  94882.424  -0.00016777408  
 1324  210750  98391.035  -0.00016950641  
 1325  219100  102032.19  -0.0001711985  
 1326  227790  105811  -0.00017285022  
 1327  236830  109732.78  -0.00017446146  
 1328  246240  113803.04  -0.00017603209  
 1329  256030  118027.51  -0.000177562  
 1330  266210  122412.17  -0.00017905107  
 1331  276810  126963.2  -0.00018049919  
 1332  287840  131687.04  -0.00018190622  
 1333  299310  136590.39  -0.00018327206  
 1334  311250  141680.21  -0.00018459658  
 1335  323680  146963.73  -0.00018587966  
 1336  336620  152448.47  -0.0001871212  
 1337  350080  158142.25  -0.00018832106  
 1338  364090  164053.19  -0.00018947913  
 1339  378670  170189.74  -0.00019059529  
 1340  393850  176560.68  -0.00019166942  
 1341  409650  183175.14  -0.00019270141  
 1342  426090  190042.62  -0.00019369113  
 1343  443210  197172.98  -0.00019463846  
 1344  461030  204576.5  -0.00019554329  
 1345  479580  212263.83  -0.0001964055  
 1346  498890  220246.08  -0.00019722497  
 1347  518990  228534.79  -0.00019800158  
 1348  539920  237141.94  -0.00019873521  
 1349  561710  246080.01  -0.00019942574  
 1350  584400  255361.98  -0.00020007306  
