# ell  TT    EE    TE
2.000000000000000000e+00 1.067663309767063765e+03 3.331784314193421415e-02 2.812808574182582344e+00
3.000000000000000000e+00 5.052470490464932595e+02 2.231051503515844164e-02 1.612987402862425146e+00
4.000000000000000000e+00 2.867528631346586963e+02 1.247849124329905406e-02 9.277307806567214321e-01
5.000000000000000000e+00 1.828687016862510006e+02 6.219277721680266380e-03 5.424772664451495974e-01
6.000000000000000000e+00 1.264709985606792344e+02 2.856473719014469923e-03 3.227236038857390077e-01
7.000000000000000000e+00 9.279444929944290266e+01 1.269155258171122827e-03 1.966923247724073343e-01
8.000000000000000000e+00 7.119261943107649415e+01 5.904235376836948447e-04 1.242618264453054511e-01
9.000000000000000000e+00 5.654223122771453092e+01 3.164825340996165674e-04 8.269885035103514970e-02
1.000000000000000000e+01 4.615001642783988700e+01 2.033008998644739596e-04 5.889380331499884103e-02
1.100000000000000000e+01 3.851803549311436115e+01 1.482729549368728690e-04 4.520640559404970338e-02
1.200000000000000000e+01 3.274528326229925312e+01 1.161881910943801807e-04 3.716289658636903748e-02
1.300000000000000000e+01 2.826503562891356935e+01 9.511512580205608238e-05 3.220489982624836350e-02
1.400000000000000000e+01 2.470732207206595277e+01 8.184829804334192531e-05 2.892350518805424792e-02
1.500000000000000000e+01 2.184123789689903461e+01 7.420147963563145381e-05 2.657534430635282580e-02
1.600000000000000000e+01 1.949719448269953048e+01 7.109531852833891441e-05 2.475339287034893435e-02
1.700000000000000000e+01 1.754607067875372195e+01 7.074645699548236678e-05 2.325264599084701789e-02
1.800000000000000000e+01 1.590475078343445681e+01 7.280361255824482425e-05 2.198185021445608900e-02
1.900000000000000000e+01 1.451259512723666667e+01 7.608078093626621861e-05 2.088110587025531623e-02
2.000000000000000000e+01 1.331688292151628517e+01 8.083811808448755577e-05 1.989851571013048423e-02
2.100000000000000000e+01 1.228327910491227115e+01 8.605411547404129876e-05 1.900214189313264787e-02
2.200000000000000000e+01 1.138339840430438343e+01 9.182560223705363842e-05 1.816753895250796877e-02
2.300000000000000000e+01 1.059426897211099750e+01 9.778342263352094886e-05 1.738027151104365106e-02
2.400000000000000000e+01 9.896113024424057159e+00 1.043368421929062329e-04 1.662960261032788226e-02
2.500000000000000000e+01 9.276515606561575922e+00 1.108324963941498910e-04 1.590957887758918249e-02
2.600000000000000000e+01 8.724855128143701677e+00 1.176459345315518645e-04 1.521519369008276709e-02
2.700000000000000000e+01 8.230320626935297312e+00 1.246060912099910634e-04 1.454044383954058300e-02
2.800000000000000000e+01 7.783113882683077023e+00 1.316686615281760563e-04 1.387999850498840802e-02
2.900000000000000000e+01 7.377677015074247002e+00 1.387209940741912083e-04 1.323221300017281971e-02
3.000000000000000000e+01 7.009512228788707056e+00 1.460266489176930999e-04 1.259636417253609010e-02
3.100000000000000000e+01 6.674263515165789862e+00 1.533713451826908812e-04 1.197142664283051827e-02
3.200000000000000000e+01 6.368142012241389871e+00 1.607553004282060501e-04 1.135516612509967008e-02
3.300000000000000000e+01 6.087500644712473985e+00 1.681838724957270058e-04 1.074504610671185231e-02
3.400000000000000000e+01 5.828994446078352709e+00 1.756587161073328604e-04 1.013918380675391320e-02
3.500000000000000000e+01 5.590486885026714425e+00 1.831666734793675039e-04 9.538311371251073992e-03
3.600000000000000000e+01 5.370143539032623536e+00 1.906908837088988151e-04 8.943814677948507680e-03
3.700000000000000000e+01 5.166175003382551090e+00 1.982164500350630900e-04 8.356802669670765002e-03
3.800000000000000000e+01 4.976971944553108429e+00 2.057363322394971817e-04 7.777276549571045423e-03
3.900000000000000000e+01 4.800970046820024706e+00 2.132454542463373039e-04 7.204960585875036690e-03
4.000000000000000000e+01 4.636604994460893359e+00 2.207387399888848108e-04 6.639579046815490340e-03
4.100000000000000000e+01 4.482476765415656317e+00 2.282116823498898624e-04 6.080870814536358873e-03
4.200000000000000000e+01 4.337842512271352646e+00 2.356620499831432833e-04 5.528633226828855857e-03
4.300000000000000000e+01 4.202123681270657052e+00 2.430881804917852827e-04 4.982678235392413828e-03
4.400000000000000000e+01 4.074741718663194234e+00 2.504884114886363959e-04 4.442817791934226476e-03
4.500000000000000000e+01 3.955112986186912316e+00 2.578597135515362025e-04 3.908962226696799554e-03
4.600000000000000000e+01 3.842633507531356241e+00 2.651935890928880705e-04 3.381415384075327560e-03
4.700000000000000000e+01 3.736694221872463029e+00 2.724801734898137356e-04 2.860579487007865705e-03
4.800000000000000000e+01 3.636686068389860083e+00 2.797096021297286743e-04 2.346856758434296732e-03
4.900000000000000000e+01 3.541999986260937039e+00 2.868720104091485599e-04 1.840649421289517569e-03
5.000000000000000000e+01 3.452091640515004389e+00 2.939586807529534452e-04 1.342236924597959733e-03
5.100000000000000000e+01 3.366675599567430677e+00 3.009654836701501981e-04 8.514076217311466977e-04
5.200000000000000000e+01 3.285531157687897164e+00 3.078894366981568495e-04 3.678270921470468157e-04
5.300000000000000000e+01 3.208437609146211233e+00 3.147275573840845227e-04 -1.088390846956441944e-04
5.400000000000000000e+01 3.135174248207799774e+00 3.214768632848364217e-04 -5.789253293390003979e-04
5.500000000000000000e+01 3.065520758232739507e+00 3.281341119879166608e-04 -1.042665414345268077e-03
5.600000000000000000e+01 2.999258378950869108e+00 3.346950211720040166e-04 -1.499890520360357268e-03
5.700000000000000000e+01 2.936168739180288423e+00 3.411550485469506890e-04 -1.950331180052386221e-03
5.800000000000000000e+01 2.876033467740120919e+00 3.475096518317446364e-04 -2.393717926086143602e-03
5.900000000000000000e+01 2.818634193452248748e+00 3.537542887564543636e-04 -2.829781291129489403e-03
6.000000000000000000e+01 2.763752545135041760e+00 3.598844170608503585e-04 -3.258251807850116432e-03
6.100000000000000000e+01 2.711189865893362860e+00 3.658956390847361195e-04 -3.678924174730166183e-03
6.200000000000000000e+01 2.660826355980281388e+00 3.717841355335286310e-04 -4.091849753526731297e-03
6.300000000000000000e+01 2.612561929930569349e+00 3.775462317128757002e-04 -4.497144071810500049e-03
6.400000000000000000e+01 2.566296502281226299e+00 3.831782529384340557e-04 -4.894922657157024445e-03
6.500000000000000000e+01 2.521929987570119103e+00 3.886765245370211487e-04 -5.285301037135604549e-03
6.600000000000000000e+01 2.479362300331686697e+00 3.940373718460216611e-04 -5.668394739322298037e-03
6.700000000000000000e+01 2.438493355103640958e+00 3.992571202134283801e-04 -6.044319291287116210e-03
6.800000000000000000e+01 2.399228031151519946e+00 4.043323943309859729e-04 -6.413154019193477440e-03
6.900000000000000000e+01 2.361491066661514981e+00 4.092610162311570540e-04 -6.774833443562427310e-03
7.000000000000000000e+01 2.325212164547048044e+00 4.140411072900673220e-04 -7.129255883503631507e-03
7.100000000000000000e+01 2.290321027721966107e+00 4.186707888949337550e-04 -7.476319658129997048e-03
7.200000000000000000e+01 2.256747359102102113e+00 4.231481824441111236e-04 -7.815923086551504473e-03
7.300000000000000000e+01 2.224420861600532540e+00 4.274714093477153523e-04 -8.147964487877820336e-03
7.400000000000000000e+01 2.193271238131151879e+00 4.316385910271041868e-04 -8.472342181223009583e-03
7.500000000000000000e+01 2.163228191610059081e+00 4.356478489152998705e-04 -8.788954485689051341e-03
7.600000000000000000e+01 2.134226490859793213e+00 4.394973043407927578e-04 -9.097721272991758992e-03
7.700000000000000000e+01 2.106221168339058814e+00 4.431850781800613487e-04 -9.398648625210651378e-03
7.800000000000000000e+01 2.079172322417186969e+00 4.467092912054252741e-04 -9.691764177008897405e-03
7.900000000000000000e+01 2.053040051461530346e+00 4.500680642011401465e-04 -9.977095563072007484e-03
8.000000000000000000e+01 2.027784453841464440e+00 4.532595179634113839e-04 -1.025467041807162812e-02
8.100000000000000000e+01 2.003365627924786896e+00 4.562817733011319547e-04 -1.052451637667670831e-02
8.200000000000000000e+01 1.979743672079429029e+00 4.591329510346990801e-04 -1.078666107356312902e-02
8.300000000000000000e+01 1.956878684674256741e+00 4.618111719978051184e-04 -1.104113214341523146e-02
8.400000000000000000e+01 1.934733039143568201e+00 4.643148684961095700e-04 -1.128795484883107249e-02
8.500000000000000000e+01 1.913278209183136180e+00 4.666437186883897088e-04 -1.152714496415810710e-02
8.600000000000000000e+01 1.892487943555444252e+00 4.687977122062967229e-04 -1.175871589168777862e-02
8.700000000000000000e+01 1.872335991021487844e+00 4.707768386943319812e-04 -1.198268103370384551e-02
8.800000000000000000e+01 1.852796100344132890e+00 4.725810878098902937e-04 -1.219905379247743574e-02
8.900000000000000000e+01 1.833842020285200380e+00 4.742104492235978022e-04 -1.240784757030360952e-02
9.000000000000000000e+01 1.815447499606920090e+00 4.756649126194306470e-04 -1.260907576945900430e-02
9.100000000000000000e+01 1.797586287070411126e+00 4.769444676947676588e-04 -1.280275179222630823e-02
9.200000000000000000e+01 1.780232131438175491e+00 4.780491041602411722e-04 -1.298888904089376753e-02
9.300000000000000000e+01 1.763360354172851308e+00 4.789789784232278210e-04 -1.316750469208324489e-02
9.400000000000000000e+01 1.746952567539681755e+00 4.797349136365064003e-04 -1.333863101976724003e-02
9.500000000000000000e+01 1.730991956503092233e+00 4.803178996493244002e-04 -1.350230407226020099e-02
9.600000000000000000e+01 1.715461706029352218e+00 4.807289263250278961e-04 -1.365855989788129950e-02
9.700000000000000000e+01 1.700345001083235053e+00 4.809689835416984093e-04 -1.380743454494438860e-02
9.800000000000000000e+01 1.685625026630367618e+00 4.810390611909403898e-04 -1.394896406176357462e-02
9.900000000000000000e+01 1.671284967636476271e+00 4.809401491798608063e-04 -1.408318449665815070e-02
1.000000000000000000e+02 1.657308009066258414e+00 4.806732374286812456e-04 -1.421013189793846401e-02
1.010000000000000000e+02 1.643677335886005286e+00 4.802393158746789872e-04 -1.432984231391606043e-02
1.020000000000000000e+02 1.630376133061042232e+00 4.796393744679355213e-04 -1.444235179291713904e-02
1.030000000000000000e+02 1.617387585556070206e+00 4.788744031745162432e-04 -1.454769638325087086e-02
1.040000000000000000e+02 1.604696037679007148e+00 4.779456132668999011e-04 -1.464591605516983412e-02
1.050000000000000000e+02 1.592290471102318916e+00 4.768551011931941109e-04 -1.473706646668367613e-02
1.060000000000000000e+02 1.580161026841949701e+00 4.756051847082505774e-04 -1.482120719773707442e-02
1.070000000000000000e+02 1.568297845912820510e+00 4.741981815818626126e-04 -1.489839782827529283e-02
1.080000000000000000e+02 1.556691069329091182e+00 4.726364096006107729e-04 -1.496869793825041442e-02
1.090000000000000000e+02 1.545330838106341975e+00 4.709221865671275528e-04 -1.503216710760741856e-02
1.100000000000000000e+02 1.534207293259319593e+00 4.690578303000153657e-04 -1.508886491628707270e-02
1.110000000000000000e+02 1.523310575803672018e+00 4.670456586342629311e-04 -1.513885094423976507e-02
1.120000000000000000e+02 1.512630826753816216e+00 4.648879894214600554e-04 -1.518218477141206231e-02
1.130000000000000000e+02 1.502158187124647437e+00 4.625871405307356837e-04 -1.521892597774916582e-02
1.140000000000000000e+02 1.491882797932011062e+00 4.601454298472836013e-04 -1.524913414320067800e-02
1.150000000000000000e+02 1.481794800190318950e+00 4.575651752741376524e-04 -1.527286884770827531e-02
1.160000000000000000e+02 1.471884926239244606e+00 4.548488511433130491e-04 -1.529019193156429778e-02
1.170000000000000000e+02 1.462146273718637701e+00 4.519995574479724059e-04 -1.530117427644842390e-02
1.180000000000000000e+02 1.452572531591504346e+00 4.490205506112472504e-04 -1.530588902438414535e-02
1.190000000000000000e+02 1.443157388822015497e+00 4.459150870742804190e-04 -1.530440931738712151e-02
1.200000000000000000e+02 1.433894534374196894e+00 4.426864232964393734e-04 -1.529680829748233592e-02
1.210000000000000000e+02 1.424777657211697912e+00 4.393378157546603668e-04 -1.528315910669750428e-02
1.220000000000000000e+02 1.415800446297890369e+00 4.358725209458655641e-04 -1.526353488704458757e-02
1.230000000000000000e+02 1.406956590597493006e+00 4.322937953846868681e-04 -1.523800878055519940e-02
1.240000000000000000e+02 1.398239779073821021e+00 4.286048956051588467e-04 -1.520665392924632972e-02
1.250000000000000000e+02 1.389643700691038708e+00 4.248090781606698898e-04 -1.516954347513970076e-02
1.260000000000000000e+02 1.381162044412993284e+00 4.209095996243377227e-04 -1.512675056026183996e-02
1.270000000000000000e+02 1.372788499203303703e+00 4.169097165883195281e-04 -1.507834832662973031e-02
1.280000000000000000e+02 1.364516754026008583e+00 4.128126856651760353e-04 -1.502440991626894512e-02
1.290000000000000000e+02 1.356340952151039891e+00 4.086218757107771844e-04 -1.496501081551897955e-02
1.300000000000000000e+02 1.348257054070599814e+00 4.043411044935027281e-04 -1.490023588798742617e-02
1.310000000000000000e+02 1.340261474583399393e+00 3.999743020249367335e-04 -1.483017234160961643e-02
1.320000000000000000e+02 1.332350628487507072e+00 3.955253983377354419e-04 -1.475490738430636044e-02
1.330000000000000000e+02 1.324520930581403855e+00 3.909983234864063215e-04 -1.467452822401334699e-02
1.340000000000000000e+02 1.316768795663653790e+00 3.863970075457280064e-04 -1.458912206865373498e-02
1.350000000000000000e+02 1.309090638532095285e+00 3.817253806130855047e-04 -1.449877612615891979e-02
1.360000000000000000e+02 1.301482873985606803e+00 3.769873728072809372e-04 -1.440357760445492262e-02
1.370000000000000000e+02 1.293941916822511473e+00 3.721869142699409409e-04 -1.430361371147464804e-02
1.380000000000000000e+02 1.286464181841065590e+00 3.673279351642398031e-04 -1.419897165514231833e-02
1.390000000000000000e+02 1.279046083839904480e+00 3.624143656764410894e-04 -1.408973864339041308e-02
1.400000000000000000e+02 1.271684037617269114e+00 3.574501360166325694e-04 -1.397600188414444347e-02
1.410000000000000000e+02 1.264374457971695564e+00 3.524391764169836874e-04 -1.385784858533464434e-02
1.420000000000000000e+02 1.257113759701730116e+00 3.473854171338059803e-04 -1.373536595488832404e-02
1.430000000000000000e+02 1.249898357605662591e+00 3.422927884474998429e-04 -1.360864120073411801e-02
1.440000000000000000e+02 1.242724956450599105e+00 3.371652463690509214e-04 -1.347776260213730259e-02
1.450000000000000000e+02 1.235591420876320123e+00 3.320068497599731406e-04 -1.334282272368979110e-02
1.460000000000000000e+02 1.228495905491733264e+00 3.268216832134864165e-04 -1.320391520132371994e-02
1.470000000000000000e+02 1.221436564905101108e+00 3.216138313474370706e-04 -1.306113367096662335e-02
1.480000000000000000e+02 1.214411553725063930e+00 3.163873788056032095e-04 -1.291457176854885966e-02
1.490000000000000000e+02 1.207419026560124564e+00 3.111464102568503478e-04 -1.276432312999998403e-02
1.500000000000000000e+02 1.200457138018784953e+00 3.058950103968434181e-04 -1.261048139125164197e-02
1.510000000000000000e+02 1.193524042709882327e+00 3.006372639468739890e-04 -1.245314018823001981e-02
1.520000000000000000e+02 1.186617895241689924e+00 2.953772556555859900e-04 -1.229239315686496588e-02
1.530000000000000000e+02 1.179736850223071620e+00 2.901190702981227155e-04 -1.212833393308849345e-02
1.540000000000000000e+02 1.172879062262395022e+00 2.848667926772215434e-04 -1.196105615282948113e-02
1.550000000000000000e+02 1.166042685968458281e+00 2.796245076232910763e-04 -1.179065345201458885e-02
1.560000000000000000e+02 1.159225875949822182e+00 2.743962999951653670e-04 -1.161721946657670070e-02
1.570000000000000000e+02 1.152426786815322179e+00 2.691862546792388872e-04 -1.144084783244206024e-02
1.580000000000000000e+02 1.145643573173425356e+00 2.639984565919558561e-04 -1.126163218554435651e-02
1.590000000000000000e+02 1.138874389632922313e+00 2.588369906778818243e-04 -1.107966616181025980e-02
1.600000000000000000e+02 1.132117390802478640e+00 2.537059419115284941e-04 -1.089504339716956989e-02
1.610000000000000000e+02 1.125370929452846891e+00 2.486093070953721397e-04 -1.070785726356705998e-02
1.620000000000000000e+02 1.118634151003198740e+00 2.435507302533359208e-04 -1.051820007700672924e-02
1.630000000000000000e+02 1.111906399034753079e+00 2.385337672385698512e-04 -1.032616388950915835e-02
1.640000000000000000e+02 1.105187017128770099e+00 2.335619739348408926e-04 -1.013184075309508936e-02
1.650000000000000000e+02 1.098475348866518431e+00 2.286389062576488153e-04 -9.935322719780433076e-03
1.660000000000000000e+02 1.091770737829241389e+00 2.237681201545443845e-04 -9.736701841588493722e-03
1.670000000000000000e+02 1.085072527598126335e+00 2.189531716049610379e-04 -9.536070170536335711e-03
1.680000000000000000e+02 1.078380061754445229e+00 2.141976166217021400e-04 -9.333519758645174649e-03
1.690000000000000000e+02 1.071692683879676755e+00 2.095050112501176121e-04 -9.129142657933736818e-03
1.700000000000000000e+02 1.065009737554985181e+00 2.048789115697227539e-04 -8.923030920421758105e-03
1.710000000000000000e+02 1.058330566361842973e+00 2.003228736935875405e-04 -8.715276598128469596e-03
1.720000000000000000e+02 1.051654513881669750e+00 1.958404537699746613e-04 -8.505971743074314945e-03
1.730000000000000000e+02 1.044980923695650432e+00 1.914352079812792521e-04 -8.295208407277911145e-03
1.740000000000000000e+02 1.038309139385335200e+00 1.871106925460729953e-04 -8.083078642759325416e-03
1.750000000000000000e+02 1.031638504531980916e+00 1.828704637184404801e-04 -7.869674501538621511e-03
1.760000000000000000e+02 1.024968362717142423e+00 1.787180777890655728e-04 -7.655088035634469330e-03
1.770000000000000000e+02 1.018298057522329048e+00 1.746570910849869836e-04 -7.439411297067301254e-03
1.780000000000000000e+02 1.011626932528834732e+00 1.706910599714143864e-04 -7.222736337856411684e-03
1.790000000000000000e+02 1.004954331318302474e+00 1.668235408509464383e-04 -7.005155210021582479e-03
1.800000000000000000e+02 9.982797225268227326e-01 1.630578794574146428e-04 -6.786758020887161298e-03
1.810000000000000000e+02 9.916030750096888058e-01 1.593965787360537530e-04 -6.567627099005604423e-03
1.820000000000000000e+02 9.849244826765248817e-01 1.558419309639431569e-04 -6.347842828232471563e-03
1.830000000000000000e+02 9.782440394374127823e-01 1.523962284587079071e-04 -6.127485592426628810e-03
1.840000000000000000e+02 9.715618392019899074e-01 1.490617635780576639e-04 -5.906635775443169235e-03
1.850000000000000000e+02 9.648779758803690543e-01 1.458408287208919313e-04 -5.685373761138995223e-03
1.860000000000000000e+02 9.581925433822566784e-01 1.427357163274890327e-04 -5.463779933372687504e-03
1.870000000000000000e+02 9.515056356177175045e-01 1.397487188805073997e-04 -5.241934675999057255e-03
1.880000000000000000e+02 9.448173464967095647e-01 1.368821289051795891e-04 -5.019918372875865550e-03
1.890000000000000000e+02 9.381277699291702410e-01 1.341382389701912192e-04 -4.797811407861037394e-03
1.900000000000000000e+02 9.314369998250942029e-01 1.315193416880263420e-04 -4.575694164810031883e-03
1.910000000000000000e+02 9.247451300946084585e-01 1.290277297157276860e-04 -4.353647027581024689e-03
1.920000000000000000e+02 9.180522546476638235e-01 1.266656957551264798e-04 -4.131750380029684810e-03
1.930000000000000000e+02 9.113584673943689873e-01 1.244355325543636693e-04 -3.910084606014251236e-03
1.940000000000000000e+02 9.046638622448118783e-01 1.223395329073727800e-04 -3.688730089390432863e-03
1.950000000000000000e+02 8.979685331091336042e-01 1.203799896554003346e-04 -3.467767214015149858e-03
1.960000000000000000e+02 8.912725738973580336e-01 1.185591956871771569e-04 -3.247276363746441716e-03
1.970000000000000000e+02 8.845760785198305554e-01 1.168794439399506002e-04 -3.027337922439780546e-03
1.980000000000000000e+02 8.778791408866808421e-01 1.153430273996443312e-04 -2.808032273952900532e-03
1.990000000000000000e+02 8.711818549080222462e-01 1.139522391019021324e-04 -2.589439802143299937e-03
2.000000000000000000e+02 8.644843144941400936e-01 1.127093721329714185e-04 -2.371640890867057153e-03
2.010000000000000000e+02 8.577866796876657540e-01 1.116164165364752167e-04 -2.154712375556758468e-03
2.020000000000000000e+02 8.510893750605046382e-01 1.106741500354355503e-04 -1.938716897950155255e-03
2.030000000000000000e+02 8.443928913170587469e-01 1.098830473116482021e-04 -1.723713551360518638e-03
2.040000000000000000e+02 8.376977191613990126e-01 1.092435831005287829e-04 -1.509761429098958278e-03
2.050000000000000000e+02 8.310043492979795055e-01 1.087562321912807425e-04 -1.296919624479068609e-03
2.060000000000000000e+02 8.243132724311085235e-01 1.084214694277192822e-04 -1.085247230814853680e-03
2.070000000000000000e+02 8.176249792652050541e-01 1.082397697091402341e-04 -8.748033414180094846e-04
2.080000000000000000e+02 8.109399605047232784e-01 1.082116079912547789e-04 -6.656470496018024883e-04
2.090000000000000000e+02 8.042587068539719386e-01 1.083374592867799435e-04 -4.578374486790951262e-04
2.100000000000000000e+02 7.975817090175747470e-01 1.086177986660080913e-04 -2.514336319626916667e-04
2.110000000000000000e+02 7.909094576999703419e-01 1.090531012582518521e-04 -4.649469276556232871e-05
2.120000000000000000e+02 7.842424436056596448e-01 1.096438422520239371e-04 1.569202755994630188e-04
2.130000000000000000e+02 7.775811574391345848e-01 1.103904968963490913e-04 3.587521798195741581e-04
2.140000000000000000e+02 7.709260899051134652e-01 1.112935405014534832e-04 5.589419265817650645e-04
2.150000000000000000e+02 7.642777317082628530e-01 1.123534484395926020e-04 7.574304225732331501e-04
2.160000000000000000e+02 7.576365735530324885e-01 1.135706961456845805e-04 9.541585744810604681e-04
2.170000000000000000e+02 7.510031061441914124e-01 1.149457591191376584e-04 1.149067288992108166e-03
2.180000000000000000e+02 7.443778201865508537e-01 1.164791129233593237e-04 1.342097472794287222e-03
2.190000000000000000e+02 7.377612063848018042e-01 1.181712331879718929e-04 1.533190032573688785e-03
2.200000000000000000e+02 7.311537554436464692e-01 1.200225956089149009e-04 1.722285875018593222e-03
2.210000000000000000e+02 7.245559580680204226e-01 1.220336759499659514e-04 1.909325906815363813e-03
2.220000000000000000e+02 7.179683049626408575e-01 1.242049500432472703e-04 2.094251034651255922e-03
2.230000000000000000e+02 7.113912868325144023e-01 1.265368937903479224e-04 2.277002165212404713e-03
2.240000000000000000e+02 7.048254115383191243e-01 1.290296472522426210e-04 2.457525091485032124e-03
2.250000000000000000e+02 6.982712555635979257e-01 1.316820069157891395e-04 2.635785151637667131e-03
2.260000000000000000e+02 6.917294125479338529e-01 1.344924334290617377e-04 2.811752570139610698e-03
2.270000000000000000e+02 6.852004761307692871e-01 1.374593875136222241e-04 2.985397571457488412e-03
2.280000000000000000e+02 6.786850399516135557e-01 1.405813299660623958e-04 3.156690380059858341e-03
2.290000000000000000e+02 6.721836976501499583e-01 1.438567216585269763e-04 3.325601220413593705e-03
2.300000000000000000e+02 6.656970428659005901e-01 1.472840235400473745e-04 3.492100316987493697e-03
2.310000000000000000e+02 6.592256692385138894e-01 1.508616966376153149e-04 3.656157894247855610e-03
2.320000000000000000e+02 6.527701704077838452e-01 1.545882020575590978e-04 3.817744176663783514e-03
2.330000000000000000e+02 6.463311400133207041e-01 1.584620009862454837e-04 3.976829388701946799e-03
2.340000000000000000e+02 6.399091716949205644e-01 1.624815546915453458e-04 4.133383754830096020e-03
2.350000000000000000e+02 6.335048590924958756e-01 1.666453245241610579e-04 4.287377499516191633e-03
2.360000000000000000e+02 6.271187958457550282e-01 1.709517719184450136e-04 4.438780847227574364e-03
2.370000000000000000e+02 6.207515755947319303e-01 1.753993583938764174e-04 4.587564022432665672e-03
2.380000000000000000e+02 6.144037919792163516e-01 1.799865455563724379e-04 4.733697249598474953e-03
2.390000000000000000e+02 6.080760386393557759e-01 1.847117950993189858e-04 4.877150753193114016e-03
2.400000000000000000e+02 6.017689092150959596e-01 1.895735688051077873e-04 5.017894757684153439e-03
2.410000000000000000e+02 5.954829973465299853e-01 1.945703285463865236e-04 5.155899487538660730e-03
2.420000000000000000e+02 5.892188966736747746e-01 1.997005362871277182e-04 5.291135167224823160e-03
2.430000000000000000e+02 5.829772008368885317e-01 2.049626540841715844e-04 5.423572021211132445e-03
2.440000000000000000e+02 5.767585034762502394e-01 2.103551440889668469e-04 5.553180273964038530e-03
2.450000000000000000e+02 5.705633982320592601e-01 2.158764685484154981e-04 5.679930149951926445e-03
2.460000000000000000e+02 5.643924787446902291e-01 2.215250898062928319e-04 5.803791873641975588e-03
2.470000000000000000e+02 5.582463386543815576e-01 2.272994703053331234e-04 5.924735669501750464e-03
2.480000000000000000e+02 5.521255716015646131e-01 2.331980725877956366e-04 6.042731761999951823e-03
2.490000000000000000e+02 5.460307712267986613e-01 2.392193592976581010e-04 6.157750375603386964e-03
2.500000000000000000e+02 5.399625104659609987e-01 2.453615301520810192e-04 6.269767113359918549e-03
2.510000000000000000e+02 5.339212794371331894e-01 2.516217328531714808e-04 6.378779092634056028e-03
2.520000000000000000e+02 5.279075475538164142e-01 2.579968521793005154e-04 6.484788809371890700e-03
2.530000000000000000e+02 5.219217842296606236e-01 2.644837730166557676e-04 6.587798759518288284e-03
2.540000000000000000e+02 5.159644588781404639e-01 2.710793803603384110e-04 6.687811439017980926e-03
2.550000000000000000e+02 5.100360409131042827e-01 2.777805593168567052e-04 6.784829343815912406e-03
2.560000000000000000e+02 5.041369997482347820e-01 2.845841951049276003e-04 6.878854969857567739e-03
2.570000000000000000e+02 4.982678047973777002e-01 2.914871730578750468e-04 6.969890813087869022e-03
2.580000000000000000e+02 4.924289254743680622e-01 2.984863786246568429e-04 7.057939369450140672e-03
2.590000000000000000e+02 4.866208311932097019e-01 3.055786973724272551e-04 7.143003134891330076e-03
2.600000000000000000e+02 4.808439913677660105e-01 3.127610149874950193e-04 7.225084605358771464e-03
2.610000000000000000e+02 4.750988754122150159e-01 3.200302172779118191e-04 7.304186276794338156e-03
2.620000000000000000e+02 4.693859527405365162e-01 3.273831901745054220e-04 7.380310645142426629e-03
2.630000000000000000e+02 4.637056927669620521e-01 3.348168197335278976e-04 7.453460206356891070e-03
2.640000000000000000e+02 4.580585649057392628e-01 3.423279921378648283e-04 7.523637456367651688e-03
2.650000000000000000e+02 4.524450385711706879e-01 3.499135936994767155e-04 7.590844891128250421e-03
2.660000000000000000e+02 4.468655831776505716e-01 3.575705108611745234e-04 7.655085006582418479e-03
2.670000000000000000e+02 4.413206681395054343e-01 3.652956301985975352e-04 7.716360298677792801e-03
2.680000000000000000e+02 4.358107628712941661e-01 3.730858384220888595e-04 7.774673263359606866e-03
2.690000000000000000e+02 4.303363367876458789e-01 3.809380223791050159e-04 7.830026396564646052e-03
2.700000000000000000e+02 4.248978593031036977e-01 3.888490690560878643e-04 7.882422194247383843e-03
2.710000000000000000e+02 4.194957998323566861e-01 3.968158655805806420e-04 7.931863152354298382e-03
2.720000000000000000e+02 4.141306277902725430e-01 4.048352992233032353e-04 7.978351766818173041e-03
2.730000000000000000e+02 4.088028125916791655e-01 4.129042574012866079e-04 8.021890533596332321e-03
2.740000000000000000e+02 4.035128236514658462e-01 4.210196276782913029e-04 8.062481948626675290e-03
2.750000000000000000e+02 3.982611303846801398e-01 4.291782977680811371e-04 8.100128507859426230e-03
2.760000000000000000e+02 3.930482022063758740e-01 4.373771555373693579e-04 8.134832707238644212e-03
2.770000000000000000e+02 3.878745085316504526e-01 4.456130890080118212e-04 8.166597042702746986e-03
2.780000000000000000e+02 3.827405187758608496e-01 4.538829863577091214e-04 8.195424010203044771e-03
2.790000000000000000e+02 3.776466541916568276e-01 4.621836751977233780e-04 8.221320673088469352e-03
2.800000000000000000e+02 3.725931433814799187e-01 4.705117403942570345e-04 8.244312364323696379e-03
2.810000000000000000e+02 3.675801667853920152e-01 4.788637062548180279e-04 8.264428984273472500e-03
2.820000000000000000e+02 3.626079048434823759e-01 4.872360972491444962e-04 8.281700433307762413e-03
2.830000000000000000e+02 3.576765379958039004e-01 4.956254380206999779e-04 8.296156611788486901e-03
2.840000000000000000e+02 3.527862466827140775e-01 5.040282533822277493e-04 8.307827420097196880e-03
2.850000000000000000e+02 3.479372113444583747e-01 5.124410683233079303e-04 8.316742758592860635e-03
2.860000000000000000e+02 3.431296124215094112e-01 5.208604080105028221e-04 8.322932527639652356e-03
2.870000000000000000e+02 3.383636303542721380e-01 5.292827977914388738e-04 8.326426627616652712e-03
2.880000000000000000e+02 3.336394455834731931e-01 5.377047631958293021e-04 8.327254958882273142e-03
2.890000000000000000e+02 3.289572385497543938e-01 5.461228299401617477e-04 8.325447421806979678e-03
2.900000000000000000e+02 3.243171896938933374e-01 5.545335239311178490e-04 8.321033916765972413e-03
2.910000000000000000e+02 3.197194794567923548e-01 5.629333712652065651e-04 8.314044344115657445e-03
2.920000000000000000e+02 3.151642882794166156e-01 5.713188982350671848e-04 8.304508604231108232e-03
2.930000000000000000e+02 3.106517966028405908e-01 5.796866313337053047e-04 8.292456597476989891e-03
2.940000000000000000e+02 3.061821848682401148e-01 5.880330972514822164e-04 8.277918224228068833e-03
2.950000000000000000e+02 3.017556335168855575e-01 5.963548228844815866e-04 8.260923384846163495e-03
2.960000000000000000e+02 2.973723229901860110e-01 6.046483353367621038e-04 8.241501979700473560e-03
2.970000000000000000e+02 2.930324337296826842e-01 6.129101619254533366e-04 8.219683909155466386e-03
2.980000000000000000e+02 2.887361461768817583e-01 6.211368301783617074e-04 8.195499073585422664e-03
2.990000000000000000e+02 2.844836407735646944e-01 6.293248678412745453e-04 8.168977373357214078e-03
3.000000000000000000e+02 2.802750979614655469e-01 6.374708028850726692e-04 8.140148708834393787e-03
3.010000000000000000e+02 2.761106981825769968e-01 6.455711635013909773e-04 8.109042980391441974e-03
3.020000000000000000e+02 2.719906218789852614e-01 6.536224781092905183e-04 8.075690088391707100e-03
3.030000000000000000e+02 2.679150494927630133e-01 6.616212753639740679e-04 8.040119933206774094e-03
3.040000000000000000e+02 2.638841614661673884e-01 6.695640841529071786e-04 8.002362415199824885e-03
3.050000000000000000e+02 2.598981382417316355e-01 6.774474336030156555e-04 7.962447434739663640e-03
3.060000000000000000e+02 2.559571602618558872e-01 6.852678530858534066e-04 7.920404892199283883e-03
3.070000000000000000e+02 2.520614079692033993e-01 6.930218722182731293e-04 7.876264687939678322e-03
3.080000000000000000e+02 2.482110618065916929e-01 7.007060208681069888e-04 7.830056722338432293e-03
3.090000000000000000e+02 2.444063022168388999e-01 7.083168291603221750e-04 7.781810895753844479e-03
3.100000000000000000e+02 2.406473096430519487e-01 7.158508274772166016e-04 7.731557108558228392e-03
3.110000000000000000e+02 2.369342645283751825e-01 7.233045464640474329e-04 7.679325261121817611e-03
3.120000000000000000e+02 2.332672912384351205e-01 7.306747469764080872e-04 7.625147316471301943e-03
3.130000000000000000e+02 2.296462898287858490e-01 7.379591099125104624e-04 7.569063488272719138e-03
3.140000000000000000e+02 2.260711042774896096e-01 7.451555463906435082e-04 7.511116052862802650e-03
3.150000000000000000e+02 2.225415785627233856e-01 7.522619678072518194e-04 7.451347286574707199e-03
3.160000000000000000e+02 2.190575566627622206e-01 7.592762858451731871e-04 7.389799465730800994e-03
3.170000000000000000e+02 2.156188825561508315e-01 7.661964124785389761e-04 7.326514866668159230e-03
3.180000000000000000e+02 2.122254002214997159e-01 7.730202599729635348e-04 7.261535765721670484e-03
3.190000000000000000e+02 2.088769536375631175e-01 7.797457408936285484e-04 7.194904439216928682e-03
3.200000000000000000e+02 2.055733867832693906e-01 7.863707681132753443e-04 7.126663163486116233e-03
3.210000000000000000e+02 2.023145436377047079e-01 7.928932548088052671e-04 7.056854214860700837e-03
3.220000000000000000e+02 1.991002681800981833e-01 7.993111144758943990e-04 6.985519869668907131e-03
3.230000000000000000e+02 1.959304043898513481e-01 8.056222609250670132e-04 6.912702404251115824e-03
3.240000000000000000e+02 1.928047962464787823e-01 8.118246082943264205e-04 6.838444094925936849e-03
3.250000000000000000e+02 1.897232877297710396e-01 8.179160710494395728e-04 6.762787218036824845e-03
3.260000000000000000e+02 1.866857228196016905e-01 8.238945639920102490e-04 6.685774049905041268e-03
3.270000000000000000e+02 1.836919454960021514e-01 8.297580022640915764e-04 6.607446866871368417e-03
3.280000000000000000e+02 1.807417997392344045e-01 8.355043013554786999e-04 6.527847945254125657e-03
3.290000000000000000e+02 1.778351295296463352e-01 8.411313771037820736e-04 6.447019561398990677e-03
3.300000000000000000e+02 1.749717788479165093e-01 8.466371457080706280e-04 6.365003991628733274e-03
3.310000000000000000e+02 1.721515916747812514e-01 8.520195237286512426e-04 6.281843512271215527e-03
3.320000000000000000e+02 1.693744119911510249e-01 8.572764280959860924e-04 6.197580399669501763e-03
3.330000000000000000e+02 1.666400837781815414e-01 8.624057761172008963e-04 6.112256930141245215e-03
3.340000000000000000e+02 1.639484510172581067e-01 8.674054854784103144e-04 6.025915380027121494e-03
3.350000000000000000e+02 1.612993576898988923e-01 8.722734742575078467e-04 5.938598025658763102e-03
3.360000000000000000e+02 1.586926477777846067e-01 8.770076609224097515e-04 5.850347143360794255e-03
3.370000000000000000e+02 1.561281652628285777e-01 8.816059643461965790e-04 5.761205009465096387e-03
3.380000000000000000e+02 1.536057541272034255e-01 8.860663038051038191e-04 5.671213900308278918e-03
3.390000000000000000e+02 1.511252583532468052e-01 8.903865989952276143e-04 5.580416092217073756e-03
3.400000000000000000e+02 1.486865219234894120e-01 8.945647700299517308e-04 5.488853861526474427e-03
3.410000000000000000e+02 1.462893888206837634e-01 8.985987374532291433e-04 5.396569484565193024e-03
3.420000000000000000e+02 1.439337030278312335e-01 9.024864222400349068e-04 5.303605237661544389e-03
3.430000000000000000e+02 1.416193085280906816e-01 9.062257458144326507e-04 5.210003397153070356e-03
3.440000000000000000e+02 1.393460493049249738e-01 9.098146300474231965e-04 5.115806239368292201e-03
3.450000000000000000e+02 1.371137693419703929e-01 9.132509972658334977e-04 5.021056040636489269e-03
3.460000000000000000e+02 1.349223126231427761e-01 9.165327702633516496e-04 4.925795077289333961e-03
3.470000000000000000e+02 1.327715231325095613e-01 9.196578723081771283e-04 4.830065625658631380e-03
3.480000000000000000e+02 1.306612448544720584e-01 9.226242271479106506e-04 4.733909962077964724e-03
3.490000000000000000e+02 1.285912845082320122e-01 9.254301859477743033e-04 4.637368937026602363e-03
3.500000000000000000e+02 1.265612997517419069e-01 9.280758080827766852e-04 4.540477697579676543e-03
3.510000000000000000e+02 1.245709109777484586e-01 9.305615803612778038e-04 4.443269964972541668e-03
3.520000000000000000e+02 1.226197385793074690e-01 9.328879901065444688e-04 4.345779460434000957e-03
3.530000000000000000e+02 1.207074029497371137e-01 9.350555251650472573e-04 4.248039905190304118e-03
3.540000000000000000e+02 1.188335244826165399e-01 9.370646739144093424e-04 4.150085020469017512e-03
3.550000000000000000e+02 1.169977235717353792e-01 9.389159252725902275e-04 4.051948527502767690e-03
3.560000000000000000e+02 1.151996206112812504e-01 9.406097687069578080e-04 3.953664147518155640e-03
3.570000000000000000e+02 1.134388359956040732e-01 9.421466942455840234e-04 3.855265601746969608e-03
3.580000000000000000e+02 1.117149901193659756e-01 9.435271924839567191e-04 3.756786611418855455e-03
3.590000000000000000e+02 1.100277033775994562e-01 9.447517545962584931e-04 3.658260897757842009e-03
3.600000000000000000e+02 1.083765961655282634e-01 9.458208723437337012e-04 3.559722181996950036e-03
3.610000000000000000e+02 1.067612888787009134e-01 9.467350380873220143e-04 3.461204185364441521e-03
3.620000000000000000e+02 1.051814019129887201e-01 9.474947447957526381e-04 3.362740629090078120e-03
3.630000000000000000e+02 1.036365556646165337e-01 9.481004860547276140e-04 3.264365234401972633e-03
3.640000000000000000e+02 1.021263705300129304e-01 9.485527560810978710e-04 3.166111722529526759e-03
3.650000000000000000e+02 1.006504669060198642e-01 9.488520497313375664e-04 3.068013814702072375e-03
3.660000000000000000e+02 9.920846518974617279e-02 9.489988625134231472e-04 2.970105232148606555e-03
3.670000000000000000e+02 9.779998577870438470e-02 9.489936905949573854e-04 2.872419696098223087e-03
3.680000000000000000e+02 9.642464907063323654e-02 9.488370308200379374e-04 2.774990927780185326e-03
3.690000000000000000e+02 9.508207546373109720e-02 9.485293807147086040e-04 2.677852648423312536e-03
3.700000000000000000e+02 9.377188535648596501e-02 9.480712385061970887e-04 2.581038579256751415e-03
3.710000000000000000e+02 9.249369914773407364e-02 9.474631031250252888e-04 2.484582441509702432e-03
3.720000000000000000e+02 9.124713723669700127e-02 9.467054742262054476e-04 2.388517956411156593e-03
3.730000000000000000e+02 9.003182002293806663e-02 9.457988521980568867e-04 2.292878845190645699e-03
3.740000000000000000e+02 8.884736790639659321e-02 9.447437381737239194e-04 2.197698829076636436e-03
3.750000000000000000e+02 8.769340128741755225e-02 9.435406340469950108e-04 2.103011629298621142e-03
3.760000000000000000e+02 8.656954056671344044e-02 9.421900424811491086e-04 2.008850967085515360e-03
3.770000000000000000e+02 8.547540614539717030e-02 9.406924669271159211e-04 1.915250563666729246e-03
3.780000000000000000e+02 8.441061842494397560e-02 9.390484116356453276e-04 1.822244140271251636e-03
3.790000000000000000e+02 8.337479780732262591e-02 9.372583816674750264e-04 1.729865418127730058e-03
3.800000000000000000e+02 8.236756469479562803e-02 9.353228829131706758e-04 1.638148118465844200e-03
3.810000000000000000e+02 8.138853949017656186e-02 9.332424221039321366e-04 1.547125962514422654e-03
3.820000000000000000e+02 8.043734259657248087e-02 9.310175068261431408e-04 1.456832671502816812e-03
3.830000000000000000e+02 7.951359441766783775e-02 9.286486455408207935e-04 1.367301966660001413e-03
3.840000000000000000e+02 7.861691535743663140e-02 9.261363475911795103e-04 1.278567569214973752e-03
3.850000000000000000e+02 7.774692582046145717e-02 9.234811232233800437e-04 1.190663200396820890e-03
3.860000000000000000e+02 7.690324621167358987e-02 9.206834836037873808e-04 1.103622581434787970e-03
3.870000000000000000e+02 7.608549693648312962e-02 9.177439408297015247e-04 1.017479433557721144e-03
3.880000000000000000e+02 7.529329415996877106e-02 9.146633552866760769e-04 9.322637711822365746e-04
3.890000000000000000e+02 7.452623708436166561e-02 9.114439776766344826e-04 8.479907814734558968e-04
3.900000000000000000e+02 7.378392067155559175e-02 9.080884070220522760e-04 7.646719447831042604e-04
3.910000000000000000e+02 7.306593988386458904e-02 9.045992433487408607e-04 6.823187414636365912e-04
3.920000000000000000e+02 7.237188968418449553e-02 9.009790876973793007e-04 6.009426518671840724e-04
3.930000000000000000e+02 7.170136503595368749e-02 8.972305421482668726e-04 5.205551563460433361e-04
3.940000000000000000e+02 7.105396090304171020e-02 8.933562098379520169e-04 4.411677352522491800e-04
3.950000000000000000e+02 7.042927224995607083e-02 8.893586949719939393e-04 3.627918689380552476e-04
3.960000000000000000e+02 6.982689404166808611e-02 8.852406028534017760e-04 2.854390377557190317e-04
3.970000000000000000e+02 6.924642124376319263e-02 8.810045398941758173e-04 2.091207220574092286e-04
3.980000000000000000e+02 6.868744882238317362e-02 8.766531136391561606e-04 1.338484021952940470e-04
3.990000000000000000e+02 6.814957174422713038e-02 8.721889327865837375e-04 5.963355852156758071e-05
4.000000000000000000e+02 6.763238497655946202e-02 8.676146072037100058e-04 -1.351232861158276959e-05
4.010000000000000000e+02 6.713548348732395477e-02 8.629327479544650304e-04 -8.557777885194975561e-05
4.020000000000000000e+02 6.665846224494872962e-02 8.581459673153174093e-04 -1.565513118473384245e-04
4.030000000000000000e+02 6.620091621860607622e-02 8.532568787989954244e-04 -2.264214472455683858e-04
4.040000000000000000e+02 6.576244037801541598e-02 8.482680971769073668e-04 -2.951767046944477274e-04
4.050000000000000000e+02 6.534262969359404261e-02 8.431822385012722717e-04 -3.628056038418324999e-04
4.060000000000000000e+02 6.494107913631241846e-02 8.380019201279820555e-04 -4.292966643352333269e-04
4.070000000000000000e+02 6.455738367793320553e-02 8.327297607391585593e-04 -4.946384058230341840e-04
4.080000000000000000e+02 6.419113829078343381e-02 8.273683803694443671e-04 -5.588193479526566004e-04
4.090000000000000000e+02 6.384193794796085009e-02 8.219204004277060396e-04 -6.218280103718096903e-04
4.100000000000000000e+02 6.350937762322425573e-02 8.163884437203305835e-04 -6.836529127285971086e-04
4.110000000000000000e+02 6.319305229102790966e-02 8.107751344827503637e-04 -7.442825746705174174e-04
4.120000000000000000e+02 6.289255692658587971e-02 8.050830983993554528e-04 -8.037055158456879326e-04
4.130000000000000000e+02 6.260748650584410657e-02 7.993149626292882096e-04 -8.619102559015777258e-04
4.140000000000000000e+02 6.233743600546637342e-02 7.934733558389279280e-04 -9.188853144864918970e-04
4.150000000000000000e+02 6.208200040294357264e-02 7.875609082223901727e-04 -9.746192112477695220e-04
4.160000000000000000e+02 6.184077467649665844e-02 7.815802515342955975e-04 -1.029100465833263046e-03
4.170000000000000000e+02 6.161335380513867366e-02 7.755340191137141161e-04 -1.082317597890899291e-03
4.180000000000000000e+02 6.139933276873137113e-02 7.694248459172166972e-04 -1.134259127068787008e-03
4.190000000000000000e+02 6.119830654794140845e-02 7.632553685458120423e-04 -1.184913573014261369e-03
4.200000000000000000e+02 6.100987012422666445e-02 7.570282252720077296e-04 -1.234269455375064124e-03
4.210000000000000000e+02 6.083361847994291083e-02 7.507460560790002197e-04 -1.282315293799705502e-03
4.220000000000000000e+02 6.066914659830668910e-02 7.444115026812160411e-04 -1.329039607935200620e-03
4.230000000000000000e+02 6.051604946345397890e-02 7.380272085627575997e-04 -1.374430917429811426e-03
4.240000000000000000e+02 6.037392206036916453e-02 7.315958190082167464e-04 -1.418477741931053939e-03
4.250000000000000000e+02 6.024235937492646714e-02 7.251199811355861675e-04 -1.461168601087107924e-03
4.260000000000000000e+02 6.012095639404899799e-02 7.186023439286030878e-04 -1.502492014545368402e-03
4.270000000000000000e+02 6.000932927504561143e-02 7.120456072290272777e-04 -1.542440023706477493e-03
4.280000000000000000e+02 5.990717885467135989e-02 7.054526686466555891e-04 -1.581018756981002410e-03
4.290000000000000000e+02 5.981422714013034242e-02 6.988264767229763553e-04 -1.618237864531572433e-03
4.300000000000000000e+02 5.973019613968235525e-02 6.921699820037782811e-04 -1.654106996521524826e-03
4.310000000000000000e+02 5.965480786264825558e-02 6.854861370798215770e-04 -1.688635803113595771e-03
4.320000000000000000e+02 5.958778431931703590e-02 6.787778966242396812e-04 -1.721833934471140963e-03
4.330000000000000000e+02 5.952884752107248656e-02 6.720482174301859032e-04 -1.753711040757089572e-03
4.340000000000000000e+02 5.947771948040524864e-02 6.653000584514901384e-04 -1.784276772134406330e-03
4.350000000000000000e+02 5.943412221083927555e-02 6.585363808400623246e-04 -1.813540778766053584e-03
4.360000000000000000e+02 5.939777772704228631e-02 6.517601479880395007e-04 -1.841512710814948795e-03
4.370000000000000000e+02 5.936840804488210249e-02 6.449743255694435646e-04 -1.868202218444417516e-03
4.380000000000000000e+02 5.934573518133320208e-02 6.381818815820877473e-04 -1.893618951817415807e-03
4.390000000000000000e+02 5.932948115453853810e-02 6.313857863889719936e-04 -1.917772561096739046e-03
4.400000000000000000e+02 5.931936798388921100e-02 6.245890127684243856e-04 -1.940672696445711271e-03
4.410000000000000000e+02 5.931511768998390388e-02 6.177945359500443961e-04 -1.962329008027177083e-03
4.420000000000000000e+02 5.931645229466844110e-02 6.110053336670544580e-04 -1.982751146004186650e-03
4.430000000000000000e+02 5.932309382108880147e-02 6.042243862012471912e-04 -2.001948760539480274e-03
4.440000000000000000e+02 5.933476429361039806e-02 5.974546764286091730e-04 -2.019931501796637212e-03
4.450000000000000000e+02 5.935118573804106651e-02 5.906991898704624282e-04 -2.036709019938375866e-03
4.460000000000000000e+02 5.937208018145558736e-02 5.839609147416623125e-04 -2.052290965127702600e-03
4.470000000000000000e+02 5.939716965230033147e-02 5.772428419999832460e-04 -2.066686987527634623e-03
4.480000000000000000e+02 5.942617618045724359e-02 5.705479654014953151e-04 -2.079906737301166590e-03
4.490000000000000000e+02 5.945882179720862748e-02 5.638792815462356387e-04 -2.091959864611459691e-03
4.500000000000000000e+02 5.949482853529548115e-02 5.572397899403507167e-04 -2.102856019621574934e-03
4.510000000000000000e+02 5.953391842889216301e-02 5.506324930415458594e-04 -2.112604852494207302e-03
4.520000000000000000e+02 5.957581351377801149e-02 5.440603963221467233e-04 -2.121216013392570026e-03
4.530000000000000000e+02 5.962023582717343451e-02 5.375265083218626599e-04 -2.128699152479893251e-03
4.540000000000000000e+02 5.966690740791415898e-02 5.310338407056157829e-04 -2.135063919918933541e-03
4.550000000000000000e+02 5.971555029637713036e-02 5.245854083268990326e-04 -2.140319965872848618e-03
4.560000000000000000e+02 5.976588653463905942e-02 5.181842292821081490e-04 -2.144476940504483516e-03
4.570000000000000000e+02 5.981763816635518594e-02 5.118333249744866148e-04 -2.147544493977005930e-03
4.580000000000000000e+02 5.987052723691525802e-02 5.055357201781318557e-04 -2.149532276453422659e-03
4.590000000000000000e+02 5.992427579339538318e-02 4.992944430999132679e-04 -2.150449938096765656e-03
4.600000000000000000e+02 5.997860588464704046e-02 4.931125254466110037e-04 -2.150307129069842227e-03
4.610000000000000000e+02 6.003323956127301630e-02 4.869930024897093572e-04 -2.149113499536072901e-03
4.620000000000000000e+02 6.008789887571891475e-02 4.809389131327693038e-04 -2.146878699658138785e-03
4.630000000000000000e+02 6.014230588229112912e-02 4.749532999831021789e-04 -2.143612379599265684e-03
4.640000000000000000e+02 6.019618263711717931e-02 4.690392094205874047e-04 -2.139324189522312947e-03
4.650000000000000000e+02 6.024925119834494830e-02 4.631996916690285515e-04 -2.134023779590388855e-03
4.660000000000000000e+02 6.030126338184733925e-02 4.574375769727670807e-04 -2.127722482573453713e-03
4.670000000000000000e+02 6.035209002873397760e-02 4.517548039763855864e-04 -2.120438361668234954e-03
4.680000000000000000e+02 6.040163173802714364e-02 4.461530914921903656e-04 -2.112191162678487676e-03
4.690000000000000000e+02 6.044978911082257711e-02 4.406341624829042706e-04 -2.103000631408327367e-03
4.700000000000000000e+02 6.049646275027251857e-02 4.351997441382923727e-04 -2.092886513661122716e-03
4.710000000000000000e+02 6.054155326176293567e-02 4.298515679557959749e-04 -2.081868555240727267e-03
4.720000000000000000e+02 6.058496125283753531e-02 4.245913698270132935e-04 -2.069966501951008009e-03
4.730000000000000000e+02 6.062658733323067484e-02 4.194208901157507391e-04 -2.057200099595798103e-03
4.740000000000000000e+02 6.066633211503885681e-02 4.143418737522438795e-04 -2.043589093978856550e-03
4.750000000000000000e+02 6.070409621265710626e-02 4.093560703166693052e-04 -2.029153230903617960e-03
4.760000000000000000e+02 6.073978024280482502e-02 4.044652341271230819e-04 -2.013912256174389508e-03
4.770000000000000000e+02 6.077328482468803694e-02 3.996711243355396828e-04 -1.997885915594447073e-03
4.780000000000000000e+02 6.080451057991009822e-02 3.949755050205054955e-04 -1.981093954967644202e-03
4.790000000000000000e+02 6.083335813265162290e-02 3.903801452793192409e-04 -1.963556120098154494e-03
4.800000000000000000e+02 6.085972810960358498e-02 3.858868193290623306e-04 -1.945292156789208944e-03
4.810000000000000000e+02 6.088352114007035409e-02 3.814973066050247994e-04 -1.926321810844884228e-03
4.820000000000000000e+02 6.090463785604335184e-02 3.772133918619781368e-04 -1.906664828069041260e-03
4.830000000000000000e+02 6.092297889220821272e-02 3.730368652754184654e-04 -1.886340954265086460e-03
4.840000000000000000e+02 6.093844488598191417e-02 3.689695225530231206e-04 -1.865369935237132714e-03
4.850000000000000000e+02 6.095093647765727901e-02 3.650131650353026676e-04 -1.843771516788755361e-03
4.860000000000000000e+02 6.096035431038343555e-02 3.611695998110509226e-04 -1.821565444723748746e-03
4.870000000000000000e+02 6.096659903021604127e-02 3.574406398289981532e-04 -1.798771464845885749e-03
4.880000000000000000e+02 6.096957128621841027e-02 3.538281040092770358e-04 -1.775409322958874632e-03
4.890000000000000000e+02 6.096917173049151706e-02 3.503338173620447276e-04 -1.751498764866709669e-03
4.900000000000000000e+02 6.096530101824160219e-02 3.469596111095729759e-04 -1.727059536372849103e-03
4.910000000000000000e+02 6.095785980784856201e-02 3.437073227984766498e-04 -1.702111383281342287e-03
4.920000000000000000e+02 6.094674876090062920e-02 3.405787964585647539e-04 -1.676674051395624912e-03
4.930000000000000000e+02 6.093186854229943467e-02 3.375758826503123290e-04 -1.650767286519829596e-03
4.940000000000000000e+02 6.091311982028359273e-02 3.347004387092993071e-04 -1.624410834457588274e-03
4.950000000000000000e+02 6.089040326653331892e-02 3.319543287612582074e-04 -1.597624441012571042e-03
4.960000000000000000e+02 6.086361955621354125e-02 3.293394239519321530e-04 -1.570427851988825518e-03
4.970000000000000000e+02 6.083266936804795216e-02 3.268576025265582195e-04 -1.542840813189596356e-03
4.980000000000000000e+02 6.079745338438259650e-02 3.245107499910542545e-04 -1.514883070419178589e-03
4.990000000000000000e+02 6.075787229125910460e-02 3.223007592609320945e-04 -1.486574369480990346e-03
5.000000000000000000e+02 6.071382677852239784e-02 3.202295307817275977e-04 -1.457934456179037176e-03
