# ell  TT    EE    TE
2.000000000000000000e+00 1.069640612651438005e+03 3.589980979359367469e-02 2.880267795664977815e+00
3.000000000000000000e+00 5.061604527249047010e+02 2.443768124069005052e-02 1.655814210605942582e+00
4.000000000000000000e+00 2.872584834754116514e+02 1.352672814565283876e-02 9.475891608194321192e-01
5.000000000000000000e+00 1.832054732862156641e+02 6.441983096042148277e-03 5.478746206932444407e-01
6.000000000000000000e+00 1.267426921886311675e+02 2.725454353438515852e-03 3.201875780713491770e-01
7.000000000000000000e+00 9.304077519256740914e+01 1.115048947219004398e-03 1.904677171048145545e-01
8.000000000000000000e+00 7.142964419509281981e+01 5.287592691962426190e-04 1.169421124924961836e-01
9.000000000000000000e+00 5.677569387912961218e+01 3.283253783312965464e-04 7.579029838818140963e-02
1.000000000000000000e+01 4.637767169963349545e+01 2.362227348471312950e-04 5.315328794455938255e-02
1.100000000000000000e+01 3.873832953896038589e+01 1.710451672926713740e-04 4.085743426858654687e-02
1.200000000000000000e+01 3.295569136778937036e+01 1.250323830929297390e-04 3.412659725658086923e-02
1.300000000000000000e+01 2.846328605958415636e+01 9.823016564231540186e-05 3.023527833978131157e-02
1.400000000000000000e+01 2.489275619253891847e+01 8.574701324865769542e-05 2.770448245150275435e-02
1.500000000000000000e+01 2.201366691157024746e+01 7.986715697655631912e-05 2.580206119794142827e-02
1.600000000000000000e+01 1.965619559092127488e+01 7.659489724928644414e-05 2.418963312217012676e-02
1.700000000000000000e+01 1.769282357646575221e+01 7.454197357844162368e-05 2.273057714977221033e-02
1.800000000000000000e+01 1.604014425804002286e+01 7.501958330050047870e-05 2.141383498824753207e-02
1.900000000000000000e+01 1.463735353522476679e+01 7.744342790249690697e-05 2.025283342454529609e-02
2.000000000000000000e+01 1.343176547185018244e+01 8.220634680444653469e-05 1.925486026461296560e-02
2.100000000000000000e+01 1.238904927725653238e+01 8.785023094396971182e-05 1.840221555634062589e-02
2.200000000000000000e+01 1.148079903221827003e+01 9.400137071126310224e-05 1.766823936468491993e-02
2.300000000000000000e+01 1.068395315753410735e+01 1.002536027893315151e-04 1.701541958095923596e-02
2.400000000000000000e+01 9.978651929650386165e+00 1.070580942689080184e-04 1.640602162116781837e-02
2.500000000000000000e+01 9.352498707525377597e+00 1.136854875785719250e-04 1.581227317363441062e-02
2.600000000000000000e+01 8.794903278243712208e+00 1.204317148505127543e-04 1.521187546303217827e-02
2.700000000000000000e+01 8.295038058811289972e+00 1.271494916930107275e-04 1.459446158699265368e-02
2.800000000000000000e+01 7.843069823552107245e+00 1.338496456458170144e-04 1.395565537794842860e-02
2.900000000000000000e+01 7.433380146019802126e+00 1.404966653252450836e-04 1.330311173446004080e-02
3.000000000000000000e+01 7.061404299574212118e+00 1.474367527255239767e-04 1.264749332160721926e-02
3.100000000000000000e+01 6.722718690518447282e+00 1.545185565302670478e-04 1.199833033362980930e-02
3.200000000000000000e+01 6.413464256968874011e+00 1.617263743965577317e-04 1.136062308127081324e-02
3.300000000000000000e+01 6.129923069964666738e+00 1.690299318989715209e-04 1.073823940441712664e-02
3.400000000000000000e+01 5.868693470837180293e+00 1.764010727849466562e-04 1.013352160209369558e-02
3.500000000000000000e+01 5.627638881980947971e+00 1.838201134668476105e-04 9.542709809852006550e-03
3.600000000000000000e+01 5.404938996069374113e+00 1.912694885300930485e-04 8.960518622389153018e-03
3.700000000000000000e+01 5.198812866272127131e+00 1.987337331812467358e-04 8.382447800487607958e-03
3.800000000000000000e+01 5.007636987816592722e+00 2.062057850847669399e-04 7.807137769311522056e-03
3.900000000000000000e+01 4.829827216424027903e+00 2.136806825266244114e-04 7.234014120114104843e-03
4.000000000000000000e+01 4.663799407821854537e+00 2.211534638017879928e-04 6.662502444153555782e-03
4.100000000000000000e+01 4.508134326828420413e+00 2.286180499752965101e-04 6.092644251086413304e-03
4.200000000000000000e+01 4.362072374604300862e+00 2.360638931651540121e-04 5.526944724171102205e-03
4.300000000000000000e+01 4.225018861407853876e+00 2.434793282592026748e-04 4.968524965071093556e-03
4.400000000000000000e+01 4.096379097488602739e+00 2.508526901549185963e-04 4.420506075448975454e-03
4.500000000000000000e+01 3.975556181511512133e+00 2.581742462828832594e-04 3.885178311050747641e-03
4.600000000000000000e+01 3.861944365772553400e+00 2.654419941793116243e-04 3.361508543932017513e-03
4.700000000000000000e+01 3.754935690980106155e+00 2.726558639134066980e-04 2.847632800237761153e-03
4.800000000000000000e+01 3.653922197837519814e+00 2.798157855644383589e-04 2.341687106107594781e-03
4.900000000000000000e+01 3.558295927053883201e+00 2.869216892205479156e-04 1.841807487685211435e-03
5.000000000000000000e+01 3.467512632565652453e+00 2.939719533661611572e-04 1.346574507684832013e-03
5.100000000000000000e+01 3.381282921242154682e+00 3.009587500373342027e-04 8.563468751174047738e-04
5.200000000000000000e+01 3.299381113187243475e+00 3.078726996665931588e-04 3.719278355672142470e-04
5.300000000000000000e+01 3.221581528501944902e+00 3.147044226955428617e-04 -1.058793653808070927e-04
5.400000000000000000e+01 3.147658487290918128e+00 3.214445395762290146e-04 -5.762714821422788456e-04
5.500000000000000000e+01 3.077387141908142443e+00 3.280851436065300290e-04 -1.038647069156646303e-03
5.600000000000000000e+01 3.010545973730756941e+00 3.346242194412440930e-04 -1.493211880961339616e-03
5.700000000000000000e+01 2.946914296391938137e+00 3.410612245816021008e-04 -1.940373472116529692e-03
5.800000000000000000e+01 2.886271423520747170e+00 3.473956165387835312e-04 -2.380539397183391304e-03
5.900000000000000000e+01 2.828396668749627807e+00 3.536268528345670238e-04 -2.814117210723078837e-03
6.000000000000000000e+01 2.773069345708992550e+00 3.597543910004346646e-04 -3.241514467297679745e-03
6.100000000000000000e+01 2.720088495922631910e+00 3.657765579797190724e-04 -3.663001625470960979e-03
6.200000000000000000e+01 2.669332072485907759e+00 3.716871583290863807e-04 -4.078300759823377808e-03
6.300000000000000000e+01 2.620697756389142263e+00 3.774788660167215440e-04 -4.486996848938107352e-03
6.400000000000000000e+01 2.574083228619234109e+00 3.831443550213774521e-04 -4.888674871397958969e-03
6.500000000000000000e+01 2.529386170164475978e+00 3.886762993322788701e-04 -5.282919805787765141e-03
6.600000000000000000e+01 2.486504262013257804e+00 3.940673729498225071e-04 -5.669316630690008664e-03
6.700000000000000000e+01 2.445335185155035340e+00 3.993102498850487937e-04 -6.047450324688377968e-03
6.800000000000000000e+01 2.405781941613851060e+00 4.043988265618390335e-04 -6.417012929339464475e-03
6.900000000000000000e+01 2.367768817562980299e+00 4.093318890249092738e-04 -6.778124738090007470e-03
7.000000000000000000e+01 2.331225420209888100e+00 4.141094457318401250e-04 -7.131013107362554893e-03
7.100000000000000000e+01 2.296081356762931236e+00 4.187315051516708048e-04 -7.475905393576005691e-03
7.200000000000000000e+01 2.262266234432061207e+00 4.231980757646522655e-04 -7.813028953152481929e-03
7.300000000000000000e+01 2.229709660424227025e+00 4.275091660623643965e-04 -8.142611142511035210e-03
7.400000000000000000e+01 2.198341241949593794e+00 4.316647845479479892e-04 -8.464879318076608261e-03
7.500000000000000000e+01 2.168090586215331683e+00 4.356649397361801973e-04 -8.780060836263058055e-03
7.600000000000000000e+01 2.138892267472004782e+00 4.395091937233048499e-04 -9.088319415597198234e-03
7.700000000000000000e+01 2.110700728130653570e+00 4.431953228983095050e-04 -9.389564223045274508e-03
7.800000000000000000e+01 2.083475377643044357e+00 4.467206572320144226e-04 -9.683640787666132274e-03
7.900000000000000000e+01 2.057175625462818402e+00 4.500825267070758810e-04 -9.970394638526841255e-03
8.000000000000000000e+01 2.031760881040417299e+00 4.532782613183995290e-04 -1.024967130468621215e-02
8.100000000000000000e+01 2.007190553829988566e+00 4.563051910731660268e-04 -1.052131631521586140e-02
8.200000000000000000e+01 1.983424053282270672e+00 4.591606459905472567e-04 -1.078517519917706821e-02
8.300000000000000000e+01 1.960420788849867701e+00 4.618419561026611254e-04 -1.104109348563439563e-02
8.400000000000000000e+01 1.938142530931932672e+00 4.643469441444148600e-04 -1.128895471428511751e-02
8.500000000000000000e+01 1.916560493710179447e+00 4.666754036270320252e-04 -1.152879446736041619e-02
8.600000000000000000e+01 1.895648252314013460e+00 4.688276207653318270e-04 -1.176068633771153345e-02
8.700000000000000000e+01 1.875379381872225304e+00 4.708038817870734247e-04 -1.198470391820729945e-02
8.800000000000000000e+01 1.855727457512690304e+00 4.726044729327633217e-04 -1.220092080170211493e-02
8.900000000000000000e+01 1.836666054365022616e+00 4.742296804561958409e-04 -1.240941058105476946e-02
9.000000000000000000e+01 1.818168747557189269e+00 4.756797906246353785e-04 -1.261024684913341840e-02
9.100000000000000000e+01 1.800209112219240515e+00 4.769550897184764529e-04 -1.280350319879760071e-02
9.200000000000000000e+01 1.782760723478390430e+00 4.780558640317356068e-04 -1.298925322289891209e-02
9.300000000000000000e+01 1.765798730336551214e+00 4.789825071377358068e-04 -1.316756260951744070e-02
9.400000000000000000e+01 1.749304577279592987e+00 4.797358416863449840e-04 -1.333846542762207391e-02
9.500000000000000000e+01 1.733261282666822778e+00 4.803167976068326321e-04 -1.350198784137906713e-02
9.600000000000000000e+01 1.717651864856990285e+00 4.807263048426716726e-04 -1.365815601496781287e-02
9.700000000000000000e+01 1.702459342208096027e+00 4.809652933517519885e-04 -1.380699611256706871e-02
9.800000000000000000e+01 1.687666733079631110e+00 4.810346931058076406e-04 -1.394853429835732871e-02
9.900000000000000000e+01 1.673257055830306594e+00 4.809354340917798174e-04 -1.408279673650868896e-02
1.000000000000000000e+02 1.659213328818359923e+00 4.806684463104106799e-04 -1.420980959120717729e-02
1.010000000000000000e+02 1.645518570402732195e+00 4.802346597779257715e-04 -1.432959902661908209e-02
1.020000000000000000e+02 1.632155798942333202e+00 4.796350045256036988e-04 -1.444219120693049363e-02
1.030000000000000000e+02 1.619108032795825824e+00 4.788704105988472954e-04 -1.454761229631261303e-02
1.040000000000000000e+02 1.606359465633188544e+00 4.779420379831751165e-04 -1.464589428400395188e-02
1.050000000000000000e+02 1.593898992368516065e+00 4.768519663685241348e-04 -1.473709245946913313e-02
1.060000000000000000e+02 1.581716683227379239e+00 4.756025053863708186e-04 -1.482126793723006000e-02
1.070000000000000000e+02 1.569802608435716174e+00 4.741959646820310438e-04 -1.489848183181344786e-02
1.080000000000000000e+02 1.558146838218517072e+00 4.726346539169273223e-04 -1.496879525773454553e-02
1.090000000000000000e+02 1.546739442801764897e+00 4.709208827694009243e-04 -1.503226932952155676e-02
1.100000000000000000e+02 1.535570492411111765e+00 4.690569609340984364e-04 -1.508896516169543067e-02
1.110000000000000000e+02 1.524630057271819883e+00 4.670451981207870539e-04 -1.513894386878178455e-02
1.120000000000000000e+02 1.513908207609447443e+00 4.648879040571930765e-04 -1.518226656529945810e-02
1.130000000000000000e+02 1.503395013650101530e+00 4.625873884875809526e-04 -1.521899436577202162e-02
1.140000000000000000e+02 1.493080545618526100e+00 4.601459611734347549e-04 -1.524918838472739263e-02
1.150000000000000000e+02 1.482954873741288093e+00 4.575659318922702741e-04 -1.527290973668349837e-02
1.160000000000000000e+02 1.473008664273006696e+00 4.548497693314580855e-04 -1.529022150753872426e-02
1.170000000000000000e+02 1.463234967586107160e+00 4.520005777575272408e-04 -1.530119466869420478e-02
1.180000000000000000e+02 1.453627430083243244e+00 4.490216203467508249e-04 -1.530590216293462903e-02
1.190000000000000000e+02 1.444179698166234038e+00 4.459161602925676622e-04 -1.530441693303165318e-02
1.200000000000000000e+02 1.434885418237613619e+00 4.426874608071708350e-04 -1.529681192176595220e-02
1.210000000000000000e+02 1.425738236699184203e+00 4.393387851205128743e-04 -1.528316007191546193e-02
1.220000000000000000e+02 1.416731799953505844e+00 4.358733964817946942e-04 -1.526353432625723698e-02
1.230000000000000000e+02 1.407859754402800201e+00 4.322945581591037937e-04 -1.523800762757217785e-02
1.240000000000000000e+02 1.399115746449157927e+00 4.286055334389251193e-04 -1.520665291863423051e-02
1.250000000000000000e+02 1.390493422495025833e+00 4.248095856273755911e-04 -1.516954314222433882e-02
1.260000000000000000e+02 1.381986428942190370e+00 4.209099780499931179e-04 -1.512675124111977597e-02
1.270000000000000000e+02 1.373588412193149200e+00 4.169099740525254619e-04 -1.507835015809588959e-02
1.280000000000000000e+02 1.365293018650381995e+00 4.128128369999597698e-04 -1.502441283593621522e-02
1.290000000000000000e+02 1.357094352271588145e+00 4.086219410773373850e-04 -1.496501459847394445e-02
1.300000000000000000e+02 1.348988347236932839e+00 4.043411036874701328e-04 -1.490024029377378170e-02
1.310000000000000000e+02 1.340971395281705503e+00 3.999742530531792575e-04 -1.483017715096041599e-02
1.320000000000000000e+02 1.333039888142266927e+00 3.955253174188410811e-04 -1.475491239915840622e-02
1.330000000000000000e+02 1.325190217553526395e+00 3.909982250492084212e-04 -1.467453326748885054e-02
1.340000000000000000e+02 1.317418775251800733e+00 3.863969042309491823e-04 -1.458912698507668255e-02
1.350000000000000000e+02 1.309721952972592307e+00 3.817252832722345759e-04 -1.449878078104458422e-02
1.360000000000000000e+02 1.302096142451567129e+00 3.769872905030487685e-04 -1.440358188451748914e-02
1.370000000000000000e+02 1.294537735424214020e+00 3.721868542759911372e-04 -1.430361752461925887e-02
1.380000000000000000e+02 1.287043123626990360e+00 3.673279029654202919e-04 -1.419897493047209483e-02
1.390000000000000000e+02 1.279608698794778787e+00 3.624143649693801063e-04 -1.408974133120078319e-02
1.400000000000000000e+02 1.272230852663990275e+00 3.574501687078479725e-04 -1.397600395592714199e-02
1.410000000000000000e+02 1.264905976970282397e+00 3.524392426252441870e-04 -1.385785003377657150e-02
1.420000000000000000e+02 1.257630463449225022e+00 3.473855151885725436e-04 -1.373536679387258111e-02
1.430000000000000000e+02 1.250400703836908933e+00 3.422929148894393895e-04 -1.360864146533628631e-02
1.440000000000000000e+02 1.243213381852958044e+00 3.371653963125630094e-04 -1.347776234466969633e-02
1.450000000000000000e+02 1.236066349154313571e+00 3.320070183455139587e-04 -1.334282199787735837e-02
1.460000000000000000e+02 1.228957749382172837e+00 3.268218659698848643e-04 -1.320391405833562341e-02
1.470000000000000000e+02 1.221885726177107667e+00 3.216140241918171837e-04 -1.306113215942821502e-02
1.480000000000000000e+02 1.214848423180295622e+00 3.163875780442296204e-04 -1.291456993453400648e-02
1.490000000000000000e+02 1.207843984032778373e+00 3.111466125841079976e-04 -1.276432101703245565e-02
1.500000000000000000e+02 1.200870552375601141e+00 3.058952128955898676e-04 -1.261047904030246705e-02
1.510000000000000000e+02 1.193926271849535370e+00 3.006374640888371044e-04 -1.245313763772536685e-02
1.520000000000000000e+02 1.187009286095623617e+00 2.953774513007992905e-04 -1.229239044267966402e-02
1.530000000000000000e+02 1.180117738755091628e+00 2.901192596952557293e-04 -1.212833108854807079e-02
1.540000000000000000e+02 1.173249773469068558e+00 2.848669744635639245e-04 -1.196105320870637784e-02
1.550000000000000000e+02 1.166403533878329624e+00 2.796246808248019898e-04 -1.179065043653832433e-02
1.560000000000000000e+02 1.159577163624393004e+00 2.743964640256307385e-04 -1.161721640542259099e-02
1.570000000000000000e+02 1.152768806347898467e+00 2.691864093419910563e-04 -1.144084474873963836e-02
1.580000000000000000e+02 1.145976605690081085e+00 2.639986020782037423e-04 -1.126162909986686521e-02
1.590000000000000000e+02 1.139198705292300495e+00 2.588371275675909193e-04 -1.107966309218697681e-02
1.600000000000000000e+02 1.132433248795423841e+00 2.537060711730392774e-04 -1.089504035907762000e-02
1.610000000000000000e+02 1.125678578759912174e+00 2.486094300061851775e-04 -1.070785427020483696e-02
1.620000000000000000e+02 1.118933833422042223e+00 2.435508480803043720e-04 -1.051819714035670192e-02
1.630000000000000000e+02 1.112198349937312924e+00 2.385338811587521123e-04 -1.032616102061125959e-02
1.640000000000000000e+02 1.105471465461369762e+00 2.335620850353253364e-04 -1.013183796204398211e-02
1.650000000000000000e+02 1.098752517149882424e+00 2.286390155354549661e-04 -9.935320015730442211e-03
1.660000000000000000e+02 1.092040842158099379e+00 2.237682285165944846e-04 -9.736699232743766669e-03
1.670000000000000000e+02 1.085335777641925015e+00 2.189532798684504114e-04 -9.536067664160582935e-03
1.680000000000000000e+02 1.078636660756626897e+00 2.141977255133604443e-04 -9.333517361056666711e-03
1.690000000000000000e+02 1.071942828658224434e+00 2.095051214070379813e-04 -9.129140374506168262e-03
1.700000000000000000e+02 1.065253618502060018e+00 2.048790235387597150e-04 -8.923028755585678609e-03
1.710000000000000000e+02 1.058568367443841529e+00 2.003229879318033243e-04 -8.715274555368530962e-03
1.720000000000000000e+02 1.051886412639208235e+00 1.958405706441786339e-04 -8.505969824933581891e-03
1.730000000000000000e+02 1.045207091244095832e+00 1.914353277685843543e-04 -8.295206615351689156e-03
1.740000000000000000e+02 1.038529740413856928e+00 1.871108154332530821e-04 -8.083076977702243621e-03
1.750000000000000000e+02 1.031853697304401907e+00 1.828705898024434188e-04 -7.869672963056748363e-03
1.760000000000000000e+02 1.025178299071625609e+00 1.787182070768058900e-04 -7.655086622493477953e-03
1.770000000000000000e+02 1.018502882870864434e+00 1.746572234935039956e-04 -7.439410007085962492e-03
1.780000000000000000e+02 1.011826785858295885e+00 1.706911953274915360e-04 -7.222735167911288265e-03
1.790000000000000000e+02 1.005149345189496835e+00 1.668236788913871971e-04 -7.005154156043365277e-03
1.800000000000000000e+02 9.984700237020017743e-01 1.630580198476958844e-04 -6.786757078012499271e-03
1.810000000000000000e+02 9.917887869593889905e-01 1.593967211442573093e-04 -6.567626262170314123e-03
1.820000000000000000e+02 9.851057262068081410e-01 1.558420750791202785e-04 -6.347842092322202208e-03
1.830000000000000000e+02 9.784209326896331493e-01 1.523963739911947932e-04 -6.127484952276691411e-03
1.840000000000000000e+02 9.717344976530404299e-01 1.490619102593501830e-04 -5.906635225838398687e-03
1.850000000000000000e+02 9.650465123424296632e-01 1.458409763035147303e-04 -5.685373296813660965e-03
1.860000000000000000e+02 9.583570680030133460e-01 1.427358645851279457e-04 -5.463779549009083192e-03
1.870000000000000000e+02 9.516662558802286842e-01 1.397488676079899862e-04 -5.241934366230179172e-03
1.880000000000000000e+02 9.449741672194647002e-01 1.368822779185235167e-04 -5.019918132285362301e-03
1.890000000000000000e+02 9.382808932658101009e-01 1.341383881065346577e-04 -4.797811230979278155e-03
1.900000000000000000e+02 9.315865252649706552e-01 1.315194908056141942e-04 -4.575694046118129223e-03
1.910000000000000000e+02 9.248911544623508174e-01 1.290278786939639004e-04 -4.353646961508312284e-03
1.920000000000000000e+02 9.181948721031981675e-01 1.266658444945488156e-04 -4.131750360957652662e-03
1.930000000000000000e+02 9.114977694332374591e-01 1.244356809766585231e-04 -3.910084628270334497e-03
1.940000000000000000e+02 9.047999376977873265e-01 1.223396809553534473e-04 -3.688730147254471944e-03
1.950000000000000000e+02 8.981014681422704315e-01 1.203801372930241135e-04 -3.467767301714569633e-03
1.960000000000000000e+02 8.914024520124554929e-01 1.185593428995384630e-04 -3.247276475458952052e-03
1.970000000000000000e+02 8.847029805538433322e-01 1.168795907332757355e-04 -3.027338052292368430e-03
1.980000000000000000e+02 8.780031450119211156e-01 1.153431738013111488e-04 -2.808032416020909364e-03
1.990000000000000000e+02 8.713030366324007181e-01 1.139523851604364453e-04 -2.589439950451917494e-03
2.000000000000000000e+02 8.646027466609780276e-01 1.127095179179983048e-04 -2.371641039391597910e-03
2.010000000000000000e+02 8.579024326666195854e-01 1.116165621341329669e-04 -2.154712518314921398e-03
2.020000000000000000e+02 8.512025175123535403e-01 1.106742955296297439e-04 -1.938717029369757452e-03
2.030000000000000000e+02 8.445034903847050689e-01 1.098831927794255929e-04 -1.723713666374472511e-03
2.040000000000000000e+02 8.378058404702261042e-01 1.092437286120755374e-04 -1.509761523146131322e-03
2.050000000000000000e+02 8.311100569554764617e-01 1.087563778099015824e-04 -1.296919693501547965e-03
2.060000000000000000e+02 8.244166290268931663e-01 1.084216152098539101e-04 -1.085247271257842264e-03
2.070000000000000000e+02 8.177260458712124480e-01 1.082399157043494964e-04 -8.748033502333942132e-04
2.080000000000000000e+02 8.110387966749003086e-01 1.082117542422537612e-04 -6.656470242449873164e-04
2.090000000000000000e+02 8.043553706248903756e-01 1.083376058293766451e-04 -4.578373871100070280e-04
2.100000000000000000e+02 7.976762569075954712e-01 1.086179455291748472e-04 -2.514335326457745631e-04
2.110000000000000000e+02 7.910019447098550760e-01 1.090532484640814771e-04 -4.649455466970210150e-05
2.120000000000000000e+02 7.843329232182750799e-01 1.096439898157322600e-04 1.569204530009751190e-04
2.130000000000000000e+02 7.776696816198375162e-01 1.103906448262395964e-04 3.587523965487856127e-04
2.140000000000000000e+02 7.710127091012556333e-01 1.112936887991502783e-04 5.589421821566458760e-04
2.150000000000000000e+02 7.643624948492715454e-01 1.123535970995518903e-04 7.574307160068927906e-04
2.160000000000000000e+02 7.577195280509360087e-01 1.135708451556975679e-04 9.541589042824595492e-04
2.170000000000000000e+02 7.510842978929866964e-01 1.149459084600831658e-04 1.149067653165570385e-03
2.180000000000000000e+02 7.444572935623331444e-01 1.164792625691661511e-04 1.342097868840320864e-03
2.190000000000000000e+02 7.378390042461308029e-01 1.181713831058761962e-04 1.533190457487460055e-03
2.200000000000000000e+02 7.312299191311772972e-01 1.200227457591330739e-04 1.722286325290213341e-03
2.210000000000000000e+02 7.246305274045777844e-01 1.220338262858602923e-04 1.909326378431699424e-03
2.220000000000000000e+02 7.180413182534337579e-01 1.242051005113931344e-04 2.094251523094093313e-03
2.230000000000000000e+02 7.114627808648267271e-01 1.265370443304133889e-04 2.277002665460632971e-03
2.240000000000000000e+02 7.048954217257260568e-01 1.290297977982656700e-04 2.457525598133614587e-03
2.250000000000000000e+02 6.983398165228663634e-01 1.316821574018982007e-04 2.635785659394299010e-03
2.260000000000000000e+02 6.917965582426410798e-01 1.344925837906707793e-04 2.811753073942102176e-03
2.270000000000000000e+02 6.852662398717676018e-01 1.374595376873107857e-04 2.985398066479542142e-03
2.280000000000000000e+02 6.787494543969190275e-01 1.405814798899964759e-04 3.156690861705778971e-03
2.290000000000000000e+02 6.722467948045532937e-01 1.438568712717982383e-04 3.325601684322890099e-03
2.300000000000000000e+02 6.657588540816296030e-01 1.472841727832697827e-04 3.492100759030401184e-03
2.310000000000000000e+02 6.592862252147203561e-01 1.508618454527121976e-04 3.656158310529682761e-03
2.320000000000000000e+02 6.528295011906366518e-01 1.545883503875587750e-04 3.817744563522074575e-03
2.330000000000000000e+02 6.463892749961643869e-01 1.584621487758552981e-04 3.976829742707956201e-03
2.340000000000000000e+02 6.399661396183258244e-01 1.624817018863431730e-04 4.133384072786727530e-03
2.350000000000000000e+02 6.335606880438683364e-01 1.666454710712510592e-04 4.287377778460985112e-03
2.360000000000000000e+02 6.271735132598635909e-01 1.709519177662508513e-04 4.438781084431314521e-03
2.370000000000000000e+02 6.208052082532033999e-01 1.753995034920253538e-04 4.587564215397133861e-03
2.380000000000000000e+02 6.144563660109384484e-01 1.799866898557480276e-04 4.733697396060782513e-03
2.390000000000000000e+02 6.081275795201142031e-01 1.847119385522739314e-04 4.877150851121635211e-03
2.400000000000000000e+02 6.018194417680167163e-01 1.895737113651831042e-04 5.017894805281000042e-03
2.410000000000000000e+02 5.955325457416079660e-01 1.945704701683621991e-04 5.155899483239577072e-03
2.420000000000000000e+02 5.892674844282569380e-01 1.997006769273089140e-04 5.291135109699006585e-03
2.430000000000000000e+02 5.830248508150984721e-01 2.049627936999541154e-04 5.423571909358613878e-03
2.440000000000000000e+02 5.768052378895143217e-01 2.103552826390445076e-04 5.553180106920127708e-03
2.450000000000000000e+02 5.706092386388197379e-01 2.158766059929013851e-04 5.679929927083647925e-03
2.460000000000000000e+02 5.644374460504228974e-01 2.215252261065278193e-04 5.803791594549957862e-03
2.470000000000000000e+02 5.582904531118256797e-01 2.272996054238540689e-04 5.924735334020427187e-03
2.480000000000000000e+02 5.521688528104741200e-01 2.331982064886822987e-04 6.042731370195423765e-03
2.490000000000000000e+02 5.460732381339892250e-01 2.392194919461161824e-04 6.157749927775784705e-03
2.500000000000000000e+02 5.400041814156946174e-01 2.453616615144876487e-04 6.269766610009899765e-03
2.510000000000000000e+02 5.339621723723820823e-01 2.516218628959376413e-04 6.378778534339052050e-03
2.520000000000000000e+02 5.279476800667148861e-01 2.579969808688030376e-04 6.484788196750647035e-03
2.530000000000000000e+02 5.219611735614327896e-01 2.644839003190993651e-04 6.587798093234535288e-03
2.540000000000000000e+02 5.160031219191394403e-01 2.710795062419837963e-04 6.687810719777470027e-03
2.550000000000000000e+02 5.100739942026715212e-01 2.777806837438104716e-04 6.784828572369270595e-03
2.560000000000000000e+02 5.041742594749548667e-01 2.845843180432946606e-04 6.878854146997350275e-03
2.570000000000000000e+02 4.983043867987959064e-01 2.914872944734838421e-04 6.969889939651348863e-03
2.580000000000000000e+02 4.924648452372430429e-01 2.984864984834227132e-04 7.057938446320578298e-03
2.590000000000000000e+02 4.866561038532363215e-01 3.055788156400788408e-04 7.143002162991556742e-03
2.600000000000000000e+02 4.808786317099632557e-01 3.127611316297925111e-04 7.225083585649136157e-03
2.610000000000000000e+02 4.751328978705136596e-01 3.200303322603785636e-04 7.304185210292554568e-03
2.620000000000000000e+02 4.694193713980944760e-01 3.273833034626446540e-04 7.380309532894567710e-03
2.630000000000000000e+02 4.637385213559635511e-01 3.348169312928293536e-04 7.453459049463245084e-03
2.640000000000000000e+02 4.580908168074356857e-01 3.423281019336105657e-04 7.523636255967558993e-03
2.650000000000000000e+02 4.524767268160186928e-01 3.499137016969519360e-04 7.590843648411988928e-03
2.660000000000000000e+02 4.468967204450189912e-01 3.575706170254766450e-04 7.655083722769766806e-03
2.670000000000000000e+02 4.413512667581431792e-01 3.652957344948428949e-04 7.716358975043041517e-03
2.680000000000000000e+02 4.358408348187771120e-01 3.730859408152885186e-04 7.774671901216784718e-03
2.690000000000000000e+02 4.303658936907767130e-01 3.809381228342378347e-04 7.830024997272562806e-03
2.700000000000000000e+02 4.249269124377548223e-01 3.888491675379162423e-04 7.882420759208086380e-03
2.710000000000000000e+02 4.195243601236041675e-01 3.968159620537886449e-04 7.931861683005247965e-03
2.720000000000000000e+02 4.141587058121166121e-01 4.048353936525680443e-04 7.978350264649842344e-03
2.730000000000000000e+02 4.088304185673060642e-01 4.129043497512211109e-04 8.021889000144178869e-03
2.740000000000000000e+02 4.035399674532206826e-01 4.210197179133290065e-04 8.062480385463411531e-03
2.750000000000000000e+02 3.982878215338268024e-01 4.291783858525471279e-04 8.100126916599833388e-03
2.760000000000000000e+02 3.930744498734448644e-01 4.373772414356728562e-04 8.134831089538123797e-03
2.770000000000000000e+02 3.879003215361996326e-01 4.456131726843464000e-04 8.166595400280139347e-03
2.780000000000000000e+02 3.827659055865745841e-01 4.538830677761842734e-04 8.195422344796424868e-03
2.790000000000000000e+02 3.776716229636354338e-01 4.621837543226117685e-04 8.221318986478235932e-03
2.800000000000000000e+02 3.726177021059488004e-01 4.705118171904104011e-04 8.244310658248057977e-03
2.810000000000000000e+02 3.676043233269242760e-01 4.788637806880684982e-04 8.264427260417588073e-03
2.820000000000000000e+02 3.626316669399216042e-01 4.872361692861066121e-04 8.281698693304978195e-03
2.830000000000000000e+02 3.576999132586849428e-01 4.956255076289864522e-04 8.296154857227358570e-03
2.840000000000000000e+02 3.528092425966630752e-01 5.040283205302526284e-04 8.307825652499434277e-03
2.850000000000000000e+02 3.479598352676748219e-01 5.124411329803843897e-04 8.316740979437868900e-03
2.860000000000000000e+02 3.431518715855808588e-01 5.208604701468220240e-04 8.322930738354116648e-03
2.870000000000000000e+02 3.383855318641943444e-01 5.292828573780504519e-04 8.326424829570138950e-03
2.880000000000000000e+02 3.336609964175326626e-01 5.377048202046777903e-04 8.327253153399820362e-03
2.890000000000000000e+02 3.289784455597228874e-01 5.461228843440658724e-04 8.325445610153432013e-03
2.900000000000000000e+02 3.243380596049144082e-01 5.545335757037507963e-04 8.321032100152961353e-03
2.910000000000000000e+02 3.197400188674661137e-01 5.629334203810213875e-04 8.314042523713878474e-03
2.920000000000000000e+02 3.151845036616385265e-01 5.713189446698244828e-04 8.304506781143989463e-03
2.930000000000000000e+02 3.106716943019999233e-01 5.796866750636830599e-04 8.292454772769450311e-03
2.940000000000000000e+02 3.062017711030646794e-01 5.880331382530882981e-04 8.277916398900499184e-03
2.950000000000000000e+02 3.017749143795873668e-01 5.963548611369256592e-04 8.260921559852066678e-03
2.960000000000000000e+02 2.973913044463131206e-01 6.046483708187985751e-04 8.241500155942273545e-03
2.970000000000000000e+02 2.930511216181615475e-01 6.129101946164508151e-04 8.219682087485752006e-03
2.980000000000000000e+02 2.887545462100356564e-01 6.211368600588125771e-04 8.195497254797689396e-03
2.990000000000000000e+02 2.845017585371585889e-01 6.293248948932892535e-04 8.168975558192520178e-03
3.000000000000000000e+02 2.802929389146747718e-01 6.374708270913049570e-04 8.140146897992996816e-03
3.010000000000000000e+02 2.761282676579845941e-01 6.455711848445121496e-04 8.109041174502961552e-03
3.020000000000000000e+02 2.720079250824031791e-01 6.536224965740321897e-04 8.075688288047510460e-03
3.030000000000000000e+02 2.679320915036438877e-01 6.616212909355555271e-04 8.040118138940633916e-03
3.040000000000000000e+02 2.639009472372751408e-01 6.695640968170246546e-04 8.002360627494381137e-03
3.050000000000000000e+02 2.599146725991501872e-01 6.774474433458319098e-04 7.962445654022693928e-03
3.060000000000000000e+02 2.559734479051234968e-01 6.852678598959747753e-04 7.920403118850038657e-03
3.070000000000000000e+02 2.520774534713219328e-01 6.930218760842194294e-04 7.876262922285152956e-03
3.080000000000000000e+02 2.482268696138653641e-01 7.007060217792965154e-04 7.830054964644863474e-03
3.090000000000000000e+02 2.444218766490375283e-01 7.083168271070496924e-04 7.781809146247725510e-03
3.100000000000000000e+02 2.406626548933044341e-01 7.158508224506319843e-04 7.731555367407933269e-03
3.110000000000000000e+02 2.369493846631406941e-01 7.233045384561348490e-04 7.679323528439067729e-03
3.120000000000000000e+02 2.332821902092107880e-01 7.306747359804443990e-04 7.625145592326925195e-03
3.130000000000000000e+02 2.296609715175172428e-01 7.379590959225572778e-04 7.569061772745173597e-03
3.140000000000000000e+02 2.260855725082390466e-01 7.451555294020013528e-04 7.511114346037971005e-03
3.150000000000000000e+02 2.225558371016358172e-01 7.522619478164281528e-04 7.451345588541008307e-03
3.160000000000000000e+02 2.190716092180903241e-01 7.592762628503193362e-04 7.389797776602417823e-03
3.170000000000000000e+02 2.156327327781055736e-01 7.661963864780197472e-04 7.326513186565857157e-03
3.180000000000000000e+02 2.122390517023930723e-01 7.730202309667319818e-04 7.261534094763416776e-03
3.190000000000000000e+02 2.088904099117747659e-01 7.797457088831874841e-04 7.194902777545380927e-03
3.200000000000000000e+02 2.055866513272713025e-01 7.863707331016383086e-04 7.126661511254362043e-03
3.210000000000000000e+02 2.023276198700058037e-01 7.928932167991035443e-04 7.056852572227468277e-03
3.220000000000000000e+02 1.991131594612914335e-01 7.993110734727207779e-04 6.985518236807382320e-03
3.230000000000000000e+02 1.959431140225816048e-01 8.056222169344391410e-04 6.912700781339646550e-03
3.240000000000000000e+02 1.928173274755109468e-01 8.118245613236511329e-04 6.838442482165616593e-03
3.250000000000000000e+02 1.897356437418030450e-01 8.179160211065968512e-04 6.762785615624480537e-03
3.260000000000000000e+02 1.866979067434876571e-01 8.238945110870927145e-04 6.685772458059588939e-03
3.270000000000000000e+02 1.837039604026321771e-01 8.297579464076086176e-04 6.607445285811491646e-03
3.280000000000000000e+02 1.807536486416009835e-01 8.355042425596427699e-04 6.527846375228533483e-03
3.290000000000000000e+02 1.778468153828338671e-01 8.411313153811763145e-04 6.447018002646976061e-03
3.300000000000000000e+02 1.749833045489307404e-01 8.466370810733481406e-04 6.365002444410281825e-03
3.310000000000000000e+02 1.721629600628190870e-01 8.520194561967849673e-04 6.281841976857989278e-03
3.320000000000000000e+02 1.693856258474506216e-01 8.572763576835261586e-04 6.197578876336084890e-03
3.330000000000000000e+02 1.666511458260549750e-01 8.624057028426543097e-04 6.112255419186025766e-03
3.340000000000000000e+02 1.639593639220085497e-01 8.674054093605241232e-04 6.025913881750840674e-03
3.350000000000000000e+02 1.613101240589162044e-01 8.722733953156764763e-04 5.938596540368571049e-03
3.360000000000000000e+02 1.587032701606072016e-01 8.770075791787180748e-04 5.850345671382431272e-03
3.370000000000000000e+02 1.561386461510086698e-01 8.816058798228962193e-04 5.761203551138326280e-03
3.380000000000000000e+02 1.536160959543495241e-01 8.860662165266433186e-04 5.671212455974298378e-03
3.390000000000000000e+02 1.511354634949935716e-01 8.903865089857682016e-04 5.580414662230599038e-03
3.400000000000000000e+02 1.486965926975997443e-01 8.945646773157884526e-04 5.488852446255381400e-03
3.410000000000000000e+02 1.462993274869971994e-01 8.985986420611361556e-04 5.396568084386175156e-03
3.420000000000000000e+02 1.439435117881446291e-01 9.024863241992411075e-04 5.303603852967827062e-03
3.430000000000000000e+02 1.416289895264077892e-01 9.062256451541897059e-04 5.210002028342116016e-03
3.440000000000000000e+02 1.393556046271976212e-01 9.098145267981803822e-04 5.115804886845605470e-03
3.450000000000000000e+02 1.371232010162866388e-01 9.132508914595986304e-04 5.021054704827107758e-03
3.460000000000000000e+02 1.349316226196086432e-01 9.165326619340419343e-04 4.925793758629572715e-03
3.470000000000000000e+02 1.327807133633367165e-01 9.196577614896376705e-04 4.830064324588048512e-03
3.480000000000000000e+02 1.306703171738805291e-01 9.226241138754509878e-04 4.733908679050770688e-03
3.490000000000000000e+02 1.286002407181348339e-01 9.254300702585136146e-04 4.637367672499819599e-03
3.500000000000000000e+02 1.265701416236900689e-01 9.280756900140797218e-04 4.540476452005433837e-03
3.510000000000000000e+02 1.245796402586212964e-01 9.305614599515000607e-04 4.443268738779252401e-03
3.520000000000000000e+02 1.226283569912499927e-01 9.328878673950076819e-04 4.345778254034367988e-03
3.530000000000000000e+02 1.207159121902149912e-01 9.350554001916388993e-04 4.248038718981636368e-03
3.540000000000000000e+02 1.188419262242879498e-01 9.370645467203101223e-04 4.150083854833535278e-03
3.550000000000000000e+02 1.170060194626625777e-01 9.389157958998710926e-04 4.051947382804210393e-03
3.560000000000000000e+02 1.152078122746627437e-01 9.406096371978223038e-04 3.953663024102161729e-03
3.570000000000000000e+02 1.134469250299930398e-01 9.421465606441869339e-04 3.855264499945097647e-03
3.580000000000000000e+02 1.117229780985956183e-01 9.435270568341776578e-04 3.756785531537971522e-03
3.590000000000000000e+02 1.100355918507506664e-01 9.447516169435094847e-04 3.658259840098694680e-03
3.600000000000000000e+02 1.083843866569736691e-01 9.458207327342033847e-04 3.559721146837035652e-03
3.610000000000000000e+02 1.067689828881157321e-01 9.467348965675971475e-04 3.461203172965997797e-03
3.620000000000000000e+02 1.051890009153297473e-01 9.474946014138700993e-04 3.362739639697546676e-03
3.630000000000000000e+02 1.036440611100345743e-01 9.481003408594318319e-04 3.264364268243784024e-03
3.640000000000000000e+02 1.021337838440173895e-01 9.485526091218218509e-04 3.166110779817371025e-03
3.650000000000000000e+02 1.006577894893979641e-01 9.488519010585322712e-04 3.068012895629850835e-03
3.660000000000000000e+02 9.921569841852277694e-02 9.489987121781830138e-04 2.970104336894188214e-03
3.670000000000000000e+02 9.780713100421031814e-02 9.489935386493481874e-04 2.872418824822049483e-03
3.680000000000000000e+02 9.643170761947214564e-02 9.488368773167269636e-04 2.774990080625630486e-03
3.690000000000000000e+02 9.508904863778513961e-02 9.485292257079728584e-04 2.677851825517724681e-03
3.700000000000000000e+02 9.377877443289087123e-02 9.480710820501843383e-04 2.581037780709744250e-03
3.710000000000000000e+02 9.250050537892616498e-02 9.474629452757801122e-04 2.484581667414539029e-03
3.720000000000000000e+02 9.125386185039517650e-02 9.467053150396065406e-04 2.388517206844083252e-03
3.730000000000000000e+02 9.003846422212981315e-02 9.457986917314889020e-04 2.292878120210577533e-03
3.740000000000000000e+02 8.885393286936127399e-02 9.447435764853738191e-04 2.197698128726186494e-03
3.750000000000000000e+02 8.769988816768620188e-02 9.435404711951692362e-04 2.103010953603118554e-03
3.760000000000000000e+02 8.657595049313207558e-02 9.421898785259118095e-04 2.008850316054027092e-03
3.770000000000000000e+02 8.548174022202800759e-02 9.406923019292642765e-04 1.915249937290436398e-03
3.780000000000000000e+02 8.441687773120080951e-02 9.390482456563637934e-04 1.822243538524804260e-03
3.790000000000000000e+02 8.338098339784683066e-02 9.372582147692938787e-04 1.729864840969595622e-03
3.800000000000000000e+02 8.237367759953223567e-02 9.353227151592878423e-04 1.638147565836714460e-03
3.810000000000000000e+02 8.139458071432346953e-02 9.332422535581940065e-04 1.547125434338552426e-03
3.820000000000000000e+02 8.044331312066195505e-02 9.310173375536645113e-04 1.456832167687415304e-03
3.830000000000000000e+02 7.951949519742713968e-02 9.286484756066832854e-04 1.367301487094957921e-03
3.840000000000000000e+02 7.862274732393974286e-02 9.261361770626371599e-04 1.278567113774172360e-03
3.850000000000000000e+02 7.775268987999753301e-02 9.234809521676102346e-04 1.190662768936911423e-03
3.860000000000000000e+02 7.690894324587199682e-02 9.206833120891369168e-04 1.103622173795239334e-03
3.870000000000000000e+02 7.609112780222111738e-02 9.177437689253464077e-04 1.017479049561498088e-03
3.880000000000000000e+02 7.529885969197511186e-02 9.146631830622898489e-04 9.322634106392441947e-04
3.890000000000000000e+02 7.453173810554020173e-02 9.114438052017570036e-04 8.479904441971267441e-04
3.900000000000000000e+02 7.378935799545716101e-02 9.080882343660872302e-04 7.646716305949331207e-04
3.910000000000000000e+02 7.307131431484391315e-02 9.045990705803441580e-04 6.823184501927246877e-04
3.920000000000000000e+02 7.237720201728164993e-02 9.009789148856801053e-04 6.009423833504025630e-04
3.930000000000000000e+02 7.170661605687013440e-02 8.972303693610448423e-04 5.205549104275862971e-04
3.940000000000000000e+02 7.105915138829810296e-02 8.933560371428585483e-04 4.411675117849979660e-04
3.950000000000000000e+02 7.043440296671919787e-02 8.893585224368480468e-04 3.627916677816243256e-04
3.960000000000000000e+02 6.983196574787993438e-02 8.852404305452908542e-04 2.854388587780831515e-04
3.970000000000000000e+02 6.925143468803185431e-02 8.810043678794649653e-04 2.091205651339781649e-04
3.980000000000000000e+02 6.869240474405392816e-02 8.766529419843802637e-04 1.338482672093319146e-04
3.990000000000000000e+02 6.815447087336526377e-02 8.721887615578528905e-04 5.963344536407431745e-05
4.000000000000000000e+02 6.763722803399267736e-02 8.676144364667137416e-04 -1.351242004191807420e-05
4.010000000000000000e+02 6.714027118448240294e-02 8.629325777744756808e-04 -8.557784864867952566e-05
4.020000000000000000e+02 6.666319528414220430e-02 8.581457977571933576e-04 -1.565513600962762828e-04
4.030000000000000000e+02 6.620559529272213029e-02 8.532567099277585517e-04 -2.264214740248093741e-04
4.040000000000000000e+02 6.576706617073962979e-02 8.482679290560222064e-04 -2.951767100743891200e-04
4.050000000000000000e+02 6.534720287928519333e-02 8.431820711952277107e-04 -3.628055878848369551e-04
4.060000000000000000e+02 6.494560038007979319e-02 8.380017537000067048e-04 -4.292966270967139841e-04
4.070000000000000000e+02 6.456185363560051904e-02 8.327295952523648031e-04 -4.946383473493661106e-04
4.080000000000000000e+02 6.419555760888275009e-02 8.273682158865465789e-04 -5.588192682835866482e-04
4.090000000000000000e+02 6.384630726375568888e-02 8.219202370113018246e-04 -6.218279095391916105e-04
4.100000000000000000e+02 6.351369756470544303e-02 8.163882814323456666e-04 -6.836527907559876872e-04
4.110000000000000000e+02 6.319732347688304663e-02 8.107749733849972792e-04 -7.442824315744380522e-04
4.120000000000000000e+02 6.289677996622562717e-02 8.050829385529832032e-04 -8.037053516346626212e-04
4.130000000000000000e+02 6.261166199937415189e-02 7.993148040953370519e-04 -8.619100705762853957e-04
4.140000000000000000e+02 6.234156454379714829e-02 7.934731986780547454e-04 -9.188851080393749000e-04
4.150000000000000000e+02 6.208608256760089761e-02 7.875607524948724861e-04 -9.746189836645425186e-04
4.160000000000000000e+02 6.184481103978785310e-02 7.815800973000341673e-04 -1.029100217091429275e-03
4.170000000000000000e+02 6.161734493007470226e-02 7.755338664322359785e-04 -1.082317327960443916e-03
4.180000000000000000e+02 6.140327920903189407e-02 7.694246948476785248e-04 -1.134258835911256197e-03
4.190000000000000000e+02 6.120220884804075667e-02 7.632552191467373336e-04 -1.184913260584250904e-03
4.200000000000000000e+02 6.101372881928075059e-02 7.570280776023511704e-04 -1.234269121619298477e-03
4.210000000000000000e+02 6.083743409588949352e-02 7.507459101962965162e-04 -1.282314938656402498e-03
4.220000000000000000e+02 6.067291965171612428e-02 7.444113586436945477e-04 -1.329039231336065063e-03
4.230000000000000000e+02 6.051978046164480790e-02 7.380270664275032956e-04 -1.374430519297821810e-03
4.240000000000000000e+02 6.037761150139237670e-02 7.315956788322250555e-04 -1.418477322182182428e-03
4.250000000000000000e+02 6.024600774755130284e-02 7.251198429755014493e-04 -1.461168159628913272e-03
4.260000000000000000e+02 6.012456417772434752e-02 7.186022078407228652e-04 -1.502491551278183589e-03
4.270000000000000000e+02 6.001289694065504304e-02 7.120454732693041891e-04 -1.542439538528149207e-03
4.280000000000000000e+02 5.991070686694936059e-02 7.054525368696835507e-04 -1.581018249808295150e-03
4.290000000000000000e+02 5.981771595845447598e-02 6.988263471812536289e-04 -1.618237335306655289e-03
4.300000000000000000e+02 5.973364621801666163e-02 6.921698547487493925e-04 -1.654106445210497397e-03
4.310000000000000000e+02 5.965821964946355083e-02 6.854860121618939041e-04 -1.688635229707554156e-03
4.320000000000000000e+02 5.959115825771313379e-02 6.787777740918011669e-04 -1.721833338985716754e-03
4.330000000000000000e+02 5.953218404872444997e-02 6.720480973301359894e-04 -1.753710423232743894e-03
4.340000000000000000e+02 5.948101902956071108e-02 6.652999408295110330e-04 -1.784276132635971871e-03
4.350000000000000000e+02 5.943738520831658850e-02 6.585362657401459645e-04 -1.813540117383268891e-03
4.360000000000000000e+02 5.940100459427821028e-02 6.517600354530064507e-04 -1.841512027662244901e-03
4.370000000000000000e+02 5.937159919783256690e-02 6.449742156402289619e-04 -1.868201513660703705e-03
4.380000000000000000e+02 5.934889103057123388e-02 6.381817742985021946e-04 -1.893618225566353480e-03
4.390000000000000000e+02 5.933260210520543976e-02 6.313856817892352438e-04 -1.917771813566527270e-03
4.400000000000000000e+02 5.932245443569553883e-02 6.245889108889522961e-04 -1.940671927849352187e-03
4.410000000000000000e+02 5.931817003723496157e-02 6.177944368261961607e-04 -1.962328218602014257e-03
4.420000000000000000e+02 5.931947092624197809e-02 6.110052373326745317e-04 -1.982750336012645363e-03
4.430000000000000000e+02 5.932607912041391179e-02 6.042242926884513771e-04 -2.001947930268600448e-03
4.440000000000000000e+02 5.933771663876545588e-02 5.974545857685235059e-04 -2.019930651557854187e-03
4.450000000000000000e+02 5.935410550163838089e-02 5.906991020920626450e-04 -2.036708150067764993e-03
4.460000000000000000e+02 5.937496773064619704e-02 5.839608298727469232e-04 -2.052290075986226876e-03
4.470000000000000000e+02 5.940002534889587960e-02 5.772427600671929410e-04 -2.066686079500913101e-03
4.480000000000000000e+02 5.942900038077112562e-02 5.705478864296356645e-04 -2.079905810799241063e-03
4.490000000000000000e+02 5.946161485220161774e-02 5.638792055585396855e-04 -2.091958920069266967e-03
4.500000000000000000e+02 5.949759079044252691e-02 5.572397169587344152e-04 -2.102855057498477596e-03
4.510000000000000000e+02 5.953665022430471715e-02 5.506324230866310602e-04 -2.112603873274453408e-03
4.520000000000000000e+02 5.957851518409607028e-02 5.440603294125982920e-04 -2.121215017585053285e-03
4.530000000000000000e+02 5.962290770164214299e-02 5.375264444753294563e-04 -2.128698140617917532e-03
4.540000000000000000e+02 5.966954981034625766e-02 5.310337799382962212e-04 -2.135062892560660001e-03
4.550000000000000000e+02 5.971816354520670389e-02 5.245853506528893673e-04 -2.140318923601051970e-03
4.560000000000000000e+02 5.976847094281786260e-02 5.181841747147838571e-04 -2.144475883926535119e-03
4.570000000000000000e+02 5.982019404145247354e-02 5.118332735253977020e-04 -2.147543423725084555e-03
4.580000000000000000e+02 5.987305488106049040e-02 5.055356718572568851e-04 -2.149531193184043079e-03
4.590000000000000000e+02 5.992677550328908559e-02 4.992943979159064497e-04 -2.150448842491427433e-03
4.600000000000000000e+02 5.998107795159383915e-02 4.931124834068252886e-04 -2.150306021834776007e-03
4.610000000000000000e+02 6.003568427114881756e-02 4.869929635993412720e-04 -2.149112381401776812e-03
4.620000000000000000e+02 6.009031650896106552e-02 4.809388773964235636e-04 -2.146877571380009873e-03
4.630000000000000000e+02 6.014469671393278538e-02 4.749532674030634686e-04 -2.143611241957347514e-03
4.640000000000000000e+02 6.019854693677816060e-02 4.690391799983739327e-04 -2.139323043321258739e-03
4.650000000000000000e+02 6.025158923018017476e-02 4.631996654041135582e-04 -2.134022625659431557e-03
4.660000000000000000e+02 6.030357540533335531e-02 4.574375538636852125e-04 -2.127721321760145824e-03
4.670000000000000000e+02 6.035437630155334604e-02 4.517547840196817080e-04 -2.120437194812679199e-03
4.680000000000000000e+02 6.040389251674404408e-02 4.461530746826662154e-04 -2.112189990606825295e-03
4.690000000000000000e+02 6.045202465086667309e-02 4.406341488142834022e-04 -2.102999454932294020e-03
4.700000000000000000e+02 6.049867330600751381e-02 4.351997336017628245e-04 -2.092885333579303560e-03
4.710000000000000000e+02 6.054373908640696411e-02 4.298515605417333385e-04 -2.081867372337475788e-03
4.720000000000000000e+02 6.058712259851056769e-02 4.245913655239495830e-04 -2.069965316996433876e-03
4.730000000000000000e+02 6.062872445098036606e-02 4.194208889101977205e-04 -2.057198913346176133e-03
4.740000000000000000e+02 6.066844525478305716e-02 4.143418756295569631e-04 -2.043587907176608928e-03
4.750000000000000000e+02 6.070618562321003497e-02 4.093560752602420374e-04 -2.029152044277302523e-03
4.760000000000000000e+02 6.074184617188243401e-02 4.044652421188319391e-04 -2.013911070438480309e-03
4.770000000000000000e+02 6.077532751889282853e-02 3.996711353555655578e-04 -1.997884731449531704e-03
4.780000000000000000e+02 6.080653028475715288e-02 3.949755190475669631e-04 -1.981092773100620250e-03
4.790000000000000000e+02 6.083535509253316931e-02 3.903801622902918411e-04 -1.963554941181201285e-03
4.800000000000000000e+02 6.086170256779501603e-02 3.858868392992123217e-04 -1.945290981481411462e-03
4.810000000000000000e+02 6.088547333877628726e-02 3.814973295080375647e-04 -1.926320639791008612e-03
4.820000000000000000e+02 6.090656803634272171e-02 3.772134176697845495e-04 -1.906663661899735173e-03
4.830000000000000000e+02 6.092488729406046744e-02 3.730368939586251541e-04 -1.886339793597481248e-03
4.840000000000000000e+02 6.094033174827285376e-02 3.689695540803387096e-04 -1.865368780674038713e-03
4.850000000000000000e+02 6.095280203816499931e-02 3.650131993737688743e-04 -1.843770368919261460e-03
4.860000000000000000e+02 6.096219880576458916e-02 3.611696369262686686e-04 -1.821564304123024633e-03
4.870000000000000000e+02 6.096842269601233932e-02 3.574406796845635073e-04 -1.798770332074986099e-03
4.880000000000000000e+02 6.097137435688241430e-02 3.538281465675982692e-04 -1.775408198564941854e-03
4.890000000000000000e+02 6.097095443937319142e-02 3.503338625833894628e-04 -1.751497649382978243e-03
4.900000000000000000e+02 6.096706359759458682e-02 3.469596589530750852e-04 -1.727058430318650136e-03
4.910000000000000000e+02 6.095960248877844295e-02 3.437073732213836563e-04 -1.702110287161917460e-03
4.920000000000000000e+02 6.094847177344903111e-02 3.405788494164630744e-04 -1.676672965702713687e-03
4.930000000000000000e+02 6.093357211541153284e-02 3.375759380973476927e-04 -1.650766211730713383e-03
4.940000000000000000e+02 6.091480418175731354e-02 3.347004965978206490e-04 -1.624409771035491366e-03
4.950000000000000000e+02 6.089206864310268974e-02 3.319543890418488394e-04 -1.597623389407433437e-03
4.960000000000000000e+02 6.086526617347894769e-02 3.293394865736298024e-04 -1.570426812635790457e-03
4.970000000000000000e+02 6.083429745052114368e-02 3.268576674368823512e-04 -1.542839786510923072e-03
4.980000000000000000e+02 6.079906315543683049e-02 3.245108171358450128e-04 -1.514882056822175384e-03
4.990000000000000000e+02 6.075946397321141390e-02 3.223008285841925512e-04 -1.486573369359728064e-03
5.000000000000000000e+02 6.071540059256524263e-02 3.202296022262146429e-04 -1.457933469913052279e-03
5.010000000000000000e+02 6.066677370605218222e-02 3.182990462357393815e-04 -1.428982104272370117e-03
5.020000000000000000e+02 6.061348401016351112e-02 3.165110766165603242e-04 -1.399739018227122824e-03
5.030000000000000000e+02 6.055543220541279026e-02 3.148676173830387685e-04 -1.370223957567421463e-03
5.040000000000000000e+02 6.049251899638880686e-02 3.133706007288574358e-04 -1.340456668083078945e-03
5.050000000000000000e+02 6.042466804806075759e-02 3.120216329645775070e-04 -1.310456366663582733e-03
5.060000000000000000e+02 6.035189485461524284e-02 3.108209921472553116e-04 -1.280240154598033140e-03
5.070000000000000000e+02 6.027423787076776479e-02 3.097686307801014705e-04 -1.249824604275782914e-03
5.080000000000000000e+02 6.019173555566264405e-02 3.088645102365909366e-04 -1.219226288085581769e-03
5.090000000000000000e+02 6.010442637298592239e-02 3.081086008800960310e-04 -1.188461778416600957e-03
5.100000000000000000e+02 6.001234879096903341e-02 3.075008822840837302e-04 -1.157547647657816790e-03
5.110000000000000000e+02 5.991554128255540540e-02 3.070413434019693801e-04 -1.126500468198125132e-03
5.120000000000000000e+02 5.981404232550284472e-02 3.067299827471155075e-04 -1.095336812426809777e-03
5.130000000000000000e+02 5.970789040242197032e-02 3.065668086129727824e-04 -1.064073252732579671e-03
5.140000000000000000e+02 5.959712400087099210e-02 3.065518392329528931e-04 -1.032726361504573758e-03
5.150000000000000000e+02 5.948178161357531302e-02 3.066851030104451804e-04 -1.001312711131931415e-03
5.160000000000000000e+02 5.936190173834515055e-02 3.069666386988850553e-04 -9.698488740035522996e-04
5.170000000000000000e+02 5.923752287833936037e-02 3.073964956516642795e-04 -9.383514225083821507e-04
5.180000000000000000e+02 5.910868354208922287e-02 3.079747339822164524e-04 -9.068369290356935930e-04
5.190000000000000000e+02 5.897542224362999075e-02 3.087014248239284609e-04 -8.753219659741488454e-04
5.200000000000000000e+02 5.883777750261582479e-02 3.095766505202251356e-04 -8.438231057131227730e-04
5.210000000000000000e+02 5.869578784441629310e-02 3.106005048745325492e-04 -8.123569206414245044e-04
5.220000000000000000e+02 5.854949180026156746e-02 3.117730934002423994e-04 -7.809399831480954039e-04
5.230000000000000000e+02 5.839892790730681627e-02 3.130945335107783423e-04 -7.495888656221708730e-04
5.240000000000000000e+02 5.824413470884362565e-02 3.145649547795432207e-04 -7.183201404526154063e-04
5.250000000000000000e+02 5.808515075434513009e-02 3.161844992199510295e-04 -6.871503800285964610e-04
5.260000000000000000e+02 5.792201459959442356e-02 3.179533214954253844e-04 -6.560961567390809169e-04
5.270000000000000000e+02 5.775476480688574582e-02 3.198715891993637785e-04 -6.251740429729414367e-04
5.280000000000000000e+02 5.758343994507492125e-02 3.219394831151863468e-04 -5.944006111193965436e-04
5.290000000000000000e+02 5.740807858973620559e-02 3.241571974763004420e-04 -5.637924335672739058e-04
5.300000000000000000e+02 5.722871932335203693e-02 3.265249402661326607e-04 -5.333660827057838064e-04
5.310000000000000000e+02 5.704540073537741479e-02 3.290429334780765056e-04 -5.031381309237884999e-04
5.320000000000000000e+02 5.685816142243153848e-02 3.317114133955412648e-04 -4.731251506104032392e-04
5.330000000000000000e+02 5.666703998845337709e-02 3.345306309019658534e-04 -4.433437141546021139e-04
5.340000000000000000e+02 5.647207504477101681e-02 3.375008518007354330e-04 -4.138103939454840599e-04
5.350000000000000000e+02 5.627330521037363087e-02 3.406223570652777959e-04 -3.845417623718829793e-04
5.360000000000000000e+02 5.607076911197352020e-02 3.438954431989963150e-04 -3.555543918229600955e-04
5.370000000000000000e+02 5.586450538421590395e-02 3.473204225453170699e-04 -3.268648546878122297e-04
5.380000000000000000e+02 5.565455266983615479e-02 3.508976235976223501e-04 -2.984897233552508957e-04
5.390000000000000000e+02 5.544094961978918157e-02 3.546273913593620637e-04 -2.704455702143876059e-04
5.400000000000000000e+02 5.522373489344942210e-02 3.585100876439227535e-04 -2.427489676542481393e-04
5.410000000000000000e+02 5.500294715882523416e-02 3.625460914747231358e-04 -2.154164880638720174e-04
5.420000000000000000e+02 5.477862509263966423e-02 3.667357994051793999e-04 -1.884647038322520866e-04
5.430000000000000000e+02 5.455080738061852952e-02 3.710796258987515174e-04 -1.619101873484327472e-04
5.440000000000000000e+02 5.431954173829146165e-02 3.755777726320016574e-04 -1.357676590836162319e-04
5.450000000000000000e+02 5.408491197334985845e-02 3.802295357048302623e-04 -1.100444318384081506e-04
5.460000000000000000e+02 5.384701092375038245e-02 3.850339992200619015e-04 -8.474596649553455387e-05
5.470000000000000000e+02 5.360593143711463171e-02 3.899902667112236342e-04 -5.987772393775135557e-05
5.480000000000000000e+02 5.336176637102094805e-02 3.950974615509105165e-04 -3.544516504785528288e-05
5.490000000000000000e+02 5.311460859314782318e-02 4.003547273822781168e-04 -1.145375070857870207e-05
5.500000000000000000e+02 5.286455098155411203e-02 4.057612285284999771e-04 1.209105819729145984e-05
5.510000000000000000e+02 5.261168642483798202e-02 4.113161504226982811e-04 3.518380078699536730e-05
5.520000000000000000e+02 5.235610782235634170e-02 4.170187000575687830e-04 5.781901617775786706e-05
5.530000000000000000e+02 5.209790808450991823e-02 4.228681064365383659e-04 7.999124348680020763e-05
5.540000000000000000e+02 5.183718013290192217e-02 4.288636210326207589e-04 1.016950218313819793e-04
5.550000000000000000e+02 5.157401690062281968e-02 4.350045182485056446e-04 1.229248903287196348e-04
5.560000000000000000e+02 5.130851133246524393e-02 4.412900959377025504e-04 1.436753880960513717e-04
5.570000000000000000e+02 5.104075638518797836e-02 4.477196758429555072e-04 1.639410542506104546e-04
5.580000000000000000e+02 5.077084502776062214e-02 4.542926041375362420e-04 1.837164279095844217e-04
5.590000000000000000e+02 5.049887024161292537e-02 4.610082519442717077e-04 2.029960481902835974e-04
5.600000000000000000e+02 5.022492502092447408e-02 4.678660158163764704e-04 2.217744542099051421e-04
5.610000000000000000e+02 4.994910237282913085e-02 4.748653183369339493e-04 2.400461850856422592e-04
5.620000000000000000e+02 4.967149531777933363e-02 4.820056086188321751e-04 2.578057799348356847e-04
5.630000000000000000e+02 4.939219688978547379e-02 4.892863629052885202e-04 2.750477778745338809e-04
5.640000000000000000e+02 4.911130013665141597e-02 4.967070850891906709e-04 2.917667180222343324e-04
5.650000000000000000e+02 4.882889812038197080e-02 5.042673073837670690e-04 3.079571394948575928e-04
5.660000000000000000e+02 4.854508391736974543e-02 5.119665908320773654e-04 3.236135814099247551e-04
5.670000000000000000e+02 4.825995061877736553e-02 5.198045259869506218e-04 3.387305828843909590e-04
5.680000000000000000e+02 4.797359133079887039e-02 5.277807335315007776e-04 3.533026830356704494e-04
5.690000000000000000e+02 4.768609917506205775e-02 5.358948648590559829e-04 3.673244209810560407e-04
5.700000000000000000e+02 4.739756728880183817e-02 5.441466028123737118e-04 3.807903358375818565e-04
5.710000000000000000e+02 4.710808882541843434e-02 5.525356622945854336e-04 3.936949667226028360e-04
5.720000000000000000e+02 4.681775695456931452e-02 5.610617909986982503e-04 4.060328527533658776e-04
5.730000000000000000e+02 4.652666486275675722e-02 5.697247700679580447e-04 4.177985330470150973e-04
5.740000000000000000e+02 4.623490575348780662e-02 5.785244148352164904e-04 4.289865467208801722e-04
5.750000000000000000e+02 4.594257284778973521e-02 5.874605755435772505e-04 4.395914328920541526e-04
5.760000000000000000e+02 4.564975938450160226e-02 5.965331381061881634e-04 4.496077306779623422e-04
5.770000000000000000e+02 4.535655862065451904e-02 6.057420248860366334e-04 4.590299791956610909e-04
5.780000000000000000e+02 4.506306383192804077e-02 6.150871954260288222e-04 4.678527175625444233e-04
5.790000000000000000e+02 4.476936831297425451e-02 6.245686473194832136e-04 4.760704848956473305e-04
5.800000000000000000e+02 4.447556537788573822e-02 6.341864169793686931e-04 4.836778203123477367e-04
5.810000000000000000e+02 4.418174836060591304e-02 6.439405804785238276e-04 4.906692629299502740e-04
5.820000000000000000e+02 4.388801061528372488e-02 6.538312544502843104e-04 4.970393518654156115e-04
5.830000000000000000e+02 4.359444188650673374e-02 6.638585850904340276e-04 5.027844735325148924e-04
5.840000000000000000e+02 4.330111741868674508e-02 6.740227136857882342e-04 5.079084035302767423e-04
5.850000000000000000e+02 4.300810884751440216e-02 6.843238129260500709e-04 5.124167647537079730e-04
5.860000000000000000e+02 4.271548783076003358e-02 6.947620996610086395e-04 5.163151800980991324e-04
5.870000000000000000e+02 4.242332604875679453e-02 7.053378358302546175e-04 5.196092724588239264e-04
5.880000000000000000e+02 4.213169520487378833e-02 7.160513294937094356e-04 5.223046647311428703e-04
5.890000000000000000e+02 4.184066702604035543e-02 7.269029357608007428e-04 5.244069798102784239e-04
5.900000000000000000e+02 4.155031326321839691e-02 7.378930579013943903e-04 5.259218405916240256e-04
5.910000000000000000e+02 4.126070569197076016e-02 7.490221483152411774e-04 5.268548699701469142e-04
5.920000000000000000e+02 4.097191611299619285e-02 7.602907096619648808e-04 5.272116908412674162e-04
5.930000000000000000e+02 4.068401635259472765e-02 7.716992959211849482e-04 5.269979261003928479e-04
5.940000000000000000e+02 4.039707826336270957e-02 7.832485135227669048e-04 5.262191986424635598e-04
5.950000000000000000e+02 4.011117372465792391e-02 7.949390225164116273e-04 5.248811313630852770e-04
5.960000000000000000e+02 3.982637464326115734e-02 8.067715377016440245e-04 5.229893471572791231e-04
5.970000000000000000e+02 3.954275295390206196e-02 8.187468298683275641e-04 5.205494689203473552e-04
5.980000000000000000e+02 3.926038061991700412e-02 8.308657270161237023e-04 5.175671195475498379e-04
5.990000000000000000e+02 3.897932963390107752e-02 8.431291155946126284e-04 5.140479219343063559e-04
6.000000000000000000e+02 3.869967201829929704e-02 8.555379418038004929e-04 5.099974989756175412e-04
6.010000000000000000e+02 3.842147982608994095e-02 8.680932128730669498e-04 5.054214735669172731e-04
