# Fiducial parameters, omega_b = 0.022383, omega_cdm = 0.12011, n_s = 0.96605, A_s = 2.1005e-09, 100*theta_s = 1.0417, z_reio = 7.677, m_ncdm = 0.02, H0 = 0, Omega_Lambda = 0, tau_reio = 0
    2  1063.2198  0.032394782  2.7469631  
    3  503.78988  0.020816459  1.5423103  
    4  286.38021  0.010836735  0.86520769  
    5  182.97501  0.0048407921  0.49114295  
    6  126.81219  0.0019435034  0.28248912  
    7  93.222209  0.00079367265  0.16631307  
    8  71.659823  0.00040194766  0.10210854  
    9  57.022428  0.0002609297  0.067084609  
   10  46.615123  0.00018504001  0.048262841  
   11  38.967082  0.00013182938  0.038192735  
   12  33.162034  9.90238e-05  0.032645744  
   13  28.649316  8.2239534e-05  0.029325311  
   14  25.06629  7.4744136e-05  0.027051769  
   15  22.17562  7.0874099e-05  0.025260694  
   16  19.800019  6.9305395e-05  0.023722802  
   17  17.827431  6.9602881e-05  0.022363241  
   18  16.164208  7.2433754e-05  0.021172986  
   19  14.750098  7.6638277e-05  0.020147167  
   20  13.53665  8.2297047e-05  0.019274422  
   21  12.487806  8.8289278e-05  0.018524643  
   22  11.572838  9.4649927e-05  0.017861499  
   23  10.769949  0.00010101731  0.017242528  
   24  10.060709  0.000107815  0.016629396  
   25  9.4312279  0.00011436209  0.016006429  
   26  8.8693146  0.00012102419  0.015365962  
   27  8.3650239  0.00012773273  0.014709686  
   28  7.9096886  0.00013455448  0.014042766  
   29  7.4975047  0.00014148868  0.013374885  
   30  7.123384  0.00014865949  0.012716854  
   31  6.7824973  0.00015593319  0.012076964  
   32  6.4710511  0.00016329061  0.01145342  
   33  6.1855108  0.00017071159  0.010841906  
   34  5.9225879  0.00017817739  0.010238478  
   35  5.6799786  0.00018567682  0.0096406899  
   36  5.4556248  0.00019320018  0.0090464683  
   37  5.2475824  0.00020073856  0.0084543538  
   38  5.0543614  0.00020828517  0.0078653421  
   39  4.8745852  0.00021583417  0.0072810426  
   40  4.7068774  0.00022337947  0.0067030649  
   41  4.5499641  0.00023091465  0.0061327965  
   42  4.4029815  0.00023843106  0.0055707382  
   43  4.2651684  0.00024592005  0.005017169  
   44  4.1357635  0.00025337239  0.0044723678  
   45  4.014042  0.00026078048  0.0039364731  
   46  3.899425  0.00026814109  0.0034090612  
   47  3.7913697  0.00027545205  0.002889568  
   48  3.6893337  0.00028271138  0.0023774294  
   49  3.5927743  0.0002899169  0.0018720812  
   50  3.501196  0.00029706561  0.0013730483  
   51  3.4142911  0.00030415018  0.00088021195  
   52  3.3317989  0.00031116245  0.00039354231  
   53  3.2534588  0.00031809417  -8.6990386e-05  
   54  3.17901  0.00032493708  -0.0005614159  
   55  3.1082002  0.00033168389  -0.0010297232  
   56  3.0408102  0.0003383319  -0.0014917378  
   57  2.9766289  0.00034487906  -0.0019472444  
   58  2.9154455  0.00035132363  -0.0023960278  
   59  2.8570491  0.00035766377  -0.0028378727  
   60  2.8012287  0.00036389764  -0.0032725638  
   61  2.7477906  0.00037002256  -0.0036999106  
   62  2.6966102  0.00037603186  -0.0041198222  
   63  2.6475799  0.00038191832  -0.0045322322  
   64  2.6005924  0.00038767442  -0.0049370745  
   65  2.5555402  0.00039329274  -0.0053342828  
   66  2.5123158  0.00039876588  -0.005723791  
   67  2.4708118  0.00040408652  -0.0061055328  
   68  2.430927  0.00040924856  -0.0064794564  
   69  2.3925854  0.00041425107  -0.006845568  
   70  2.355717  0.00041909453  -0.0072038882  
   71  2.3202521  0.00042377954  -0.0075544375  
   72  2.2861209  0.00042830658  -0.0078972366  
   73  2.2532535  0.00043267603  -0.008232306  
   74  2.2215801  0.00043688859  -0.0085596663  
   75  2.1910308  0.00044094453  -0.0088793381  
   76  2.161541  0.00044484397  -0.0091913363  
   77  2.1330657  0.00044858503  -0.0094956521  
   78  2.1055652  0.00045216543  -0.0097922715  
   79  2.0789999  0.00045558263  -0.01008118  
   80  2.0533299  0.00045883445  -0.010362363  
   81  2.0285154  0.00046191843  -0.010635807  
   82  2.0045168  0.00046483222  -0.010901498  
   83  1.9812942  0.00046757355  -0.01115942  
   84  1.9588099  0.00047014039  -0.011409565  
   85  1.937034  0.00047253199  -0.011651944  
   86  1.9159385  0.00047474813  -0.011886574  
   87  1.8954954  0.00047678839  -0.012113471  
   88  1.8756768  0.00047865265  -0.012332653  
   89  1.8564547  0.00048034039  -0.012544135  
   90  1.8378011  0.0004818515  -0.012747935  
   91  1.8196882  0.00048318554  -0.012944069  
   92  1.8020879  0.00048434221  -0.013132553  
   93  1.7849742  0.00048532141  -0.013313409  
   94  1.7683286  0.00048612404  -0.013486673  
   95  1.7521347  0.00048675102  -0.013652386  
   96  1.7363758  0.00048720347  -0.01381059  
   97  1.7210354  0.00048748242  -0.013961326  
   98  1.7060969  0.00048758889  -0.014104635  
   99  1.6915439  0.0004875239  -0.014240558  
  100  1.6773597  0.00048728849  -0.014369136  
  101  1.6635279  0.00048688366  -0.01449041  
  102  1.6500318  0.00048631045  -0.014604421  
  103  1.636855  0.00048556997  -0.014711211  
  104  1.6239819  0.00048466342  -0.014810823  
  105  1.6114012  0.00048359333  -0.014903311  
  106  1.5991028  0.00048236208  -0.014988732  
  107  1.5870762  0.00048097237  -0.015067142  
  108  1.5753113  0.0004794268  -0.015138597  
  109  1.5637978  0.00047772806  -0.015203154  
  110  1.5525254  0.00047587854  -0.01526087  
  111  1.5414838  0.00047388114  -0.0153118  
  112  1.5306629  0.00047173826  -0.015356002  
  113  1.5200524  0.00046945257  -0.015393532  
  114  1.5096419  0.00046702669  -0.015424446  
  115  1.4994213  0.00046446319  -0.015448802  
  116  1.4893809  0.00046176485  -0.015466657  
  117  1.4795137  0.00045893444  -0.015478085  
  118  1.4698135  0.00045597494  -0.015483162  
  119  1.460274  0.00045288949  -0.015481963  
  120  1.4508888  0.00044968086  -0.015474563  
  121  1.4416516  0.00044635219  -0.015461038  
  122  1.4325561  0.00044290635  -0.015441464  
  123  1.4235961  0.0004393463  -0.015415917  
  124  1.4147651  0.00043567519  -0.01538447  
  125  1.406057  0.00043189577  -0.015347202  
  126  1.3974653  0.00042801111  -0.015304186  
  127  1.3889838  0.00042402426  -0.015255498  
  128  1.3806062  0.00041993817  -0.015201215  
  129  1.3723265  0.00041575592  -0.015141413  
  130  1.3641408  0.00041148162  -0.015076178  
  131  1.3560452  0.00040711949  -0.015005598  
  132  1.3480361  0.00040267385  -0.014929759  
  133  1.3401098  0.00039814893  -0.01484875  
  134  1.3322627  0.00039354884  -0.014762658  
  135  1.324491  0.00038887801  -0.01467157  
  136  1.316791  0.00038414057  -0.014575573  
  137  1.3091592  0.00037934083  -0.014474756  
  138  1.3015917  0.00037448302  -0.014369206  
  139  1.2940849  0.00036957137  -0.014259009  
  140  1.2866351  0.00036461008  -0.014144254  
  141  1.2792386  0.00035960359  -0.014025028  
  142  1.2718917  0.00035455592  -0.013901418  
  143  1.2645909  0.00034947149  -0.013773512  
  144  1.2573325  0.00034435438  -0.013641398  
  145  1.2501146  0.0003392088  -0.013505171  
  146  1.2429352  0.00033403848  -0.013364925  
  147  1.2357925  0.00032884771  -0.013220754  
  148  1.2286846  0.00032364022  -0.013072754  
  149  1.2216097  0.00031842018  -0.012921019  
  150  1.2145658  0.00031319145  -0.012765644  
  151  1.2075512  0.00030795808  -0.012606724  
  152  1.2005639  0.00030272402  -0.012444354  
  153  1.1936021  0.00029749344  -0.012278629  
  154  1.1866639  0.0002922701  -0.012109643  
  155  1.1797475  0.00028705814  -0.011937491  
  156  1.172851  0.00028186142  -0.011762268  
  157  1.1659725  0.00027668411  -0.011584069  
  158  1.1591103  0.00027153015  -0.011402989  
  159  1.1522623  0.00026640351  -0.011219122  
  160  1.1454268  0.00026130814  -0.011032563  
  161  1.1386021  0.00025624816  -0.010843407  
  162  1.1317872  0.00025122721  -0.010651747  
  163  1.1249817  0.0002462491  -0.010457677  
  164  1.1181847  0.00024131743  -0.010261288  
  165  1.1113956  0.00023643671  -0.010062675  
  166  1.1046138  0.00023160965  -0.0098619303  
  167  1.0978385  0.00022683994  -0.0096591469  
  168  1.0910691  0.0002221323  -0.0094544181  
  169  1.084305  0.00021749043  -0.0092478367  
  170  1.0775454  0.00021291703  -0.009039496  
  171  1.0707897  0.0002084168  -0.0088294889  
  172  1.0640372  0.00020399247  -0.0086179084  
  173  1.0572872  0.00019964972  -0.0084048478  
  174  1.0505392  0.00019539026  -0.0081903999  
  175  1.0437923  0.0001912198  -0.0079746579  
  176  1.037046  0.00018714005  -0.0077577148  
  177  1.0302995  0.00018315671  -0.0075396638  
  178  1.0235523  0.00017927148  -0.0073205977  
  179  1.0168036  0.00017549007  -0.0071006098  
  180  1.0100528  0.00017181494  -0.0068797911  
  181  1.0033  0.0001682496  -0.0066582248  
  182  0.99654528  0.00016479532  -0.0064359925  
  183  0.98978868  0.00016145435  -0.0062131753  
  184  0.98303031  0.00015822997  -0.0059898546  
  185  0.97627027  0.00015512444  -0.0057661119  
  186  0.96950865  0.00015213902  -0.0055420284  
  187  0.96274555  0.00014927698  -0.0053176854  
  188  0.95598105  0.00014654058  -0.0050931644  
  189  0.94921525  0.00014393309  -0.0048685467  
  190  0.94244826  0.00014145477  -0.0046439135  
  191  0.93568015  0.0001391089  -0.0044193463  
  192  0.92891102  0.00013689872  -0.0041949265  
  193  0.92214097  0.00013482552  -0.0039707353  
  194  0.9153701  0.00013289254  -0.0037468541  
  195  0.90859849  0.00013110107  -0.0035233642  
  196  0.90182623  0.00012945336  -0.003300347  
  197  0.89505343  0.00012795367  -0.0030778839  
  198  0.88828018  0.00012660228  -0.0028560561  
  199  0.88150657  0.00012540345  -0.0026349451  
  200  0.87473269  0.00012435744  -0.0024146321  
  201  0.8679587  0.00012346822  -0.002195195  
  202  0.86118504  0.00012273559  -0.0019766971  
  203  0.85441219  0.00012216102  -0.0017591982  
  204  0.84764065  0.00012174401  -0.001542758  
  205  0.84087091  0.00012148606  -0.0013274365  
  206  0.83410346  0.00012138765  -0.0011132933  
  207  0.82733881  0.00012144927  -0.00090038823  
  208  0.82057743  0.00012167142  -0.00068878112  
  209  0.81381983  0.00012205459  -0.00047853175  
  210  0.8070665  0.00012260027  -0.00026969989  
  211  0.80031793  0.00012330895  -6.234534e-05  
  212  0.79357461  0.00012418011  0.00014347212  
  213  0.78683704  0.00012521526  0.00034769269  
  214  0.78010572  0.00012641489  0.00055025658  
  215  0.77338113  0.00012777947  0.00075110402  
  216  0.76666377  0.00012931052  0.00095017521  
  217  0.75995413  0.00013100751  0.0011474104  
  218  0.75325271  0.00013287293  0.0013427497  
  219  0.74655999  0.00013490529  0.0015361334  
  220  0.73987648  0.00013710607  0.0017275017  
  221  0.73320266  0.00013947676  0.0019167948  
  222  0.72653903  0.00014201685  0.0021039529  
  223  0.71988609  0.00014472783  0.0022889162  
  224  0.71324434  0.00014760986  0.00247163  
  225  0.70661436  0.00015066172  0.0026520589  
  226  0.69999677  0.00015388286  0.0028301728  
  227  0.69339216  0.00015727073  0.0030059415  
  228  0.68680115  0.00016082476  0.0031793346  
  229  0.68022432  0.00016454441  0.0033503221  
  230  0.67366228  0.00016842713  0.0035188737  
  231  0.66711564  0.00017247136  0.003684959  
  232  0.660585  0.00017667654  0.003848548  
  233  0.65407096  0.00018104213  0.0040096104  
  234  0.64757412  0.00018556556  0.0041681159  
  235  0.6410951  0.0001902463  0.0043240343  
  236  0.63463448  0.00019508177  0.0044773354  
  237  0.62819287  0.00020007343  0.004627989  
  238  0.62177089  0.00020521773  0.0047759647  
  239  0.61536912  0.00021051312  0.0049212325  
  240  0.60898817  0.00021596103  0.0050637621  
  241  0.60262865  0.00022155691  0.0052035232  
  242  0.59629115  0.00022730222  0.0053404856  
  243  0.58997629  0.00023319439  0.0054746191  
  244  0.58368466  0.00023923288  0.0056058934  
  245  0.57741687  0.00024541613  0.0057342784  
  246  0.57117351  0.00025174359  0.0058597438  
  247  0.5649552  0.0002582137  0.0059822593  
  248  0.55876253  0.00026482391  0.0061017948  
  249  0.55259611  0.00027157567  0.0062183199  
  250  0.54645652  0.00027846615  0.00633181  
  251  0.54034425  0.00028549247  0.0064422621  
  252  0.53425979  0.00029265247  0.0065496786  
  253  0.5282036  0.000299944  0.006654062  
  254  0.52217616  0.0003073639  0.0067554149  
  255  0.51617794  0.00031491002  0.0068537397  
  256  0.51020942  0.00032257819  0.0069490389  
  257  0.50427107  0.00033036727  0.0070413151  
  258  0.49836337  0.0003382741  0.0071305706  
  259  0.4924868  0.00034629652  0.0072168079  
  260  0.48664182  0.00035443238  0.0073000297  
  261  0.48082891  0.00036267752  0.0073802383  
  262  0.47504855  0.00037102978  0.0074574362  
  263  0.46930121  0.00037948802  0.007531626  
  264  0.46358736  0.00038804807  0.0076028101  
  265  0.45790749  0.00039670878  0.007670991  
  266  0.45226206  0.00040546699  0.0077361712  
  267  0.44665154  0.00041431956  0.0077983532  
  268  0.44107643  0.00042326531  0.0078575395  
  269  0.43553718  0.0004323021  0.0079137326  
  270  0.43003427  0.00044142577  0.0079669349  
  271  0.42456818  0.00045063517  0.0080171489  
  272  0.41913939  0.00045992814  0.0080643772  
  273  0.41374836  0.00046930153  0.0081086222  
  274  0.40839557  0.00047875417  0.0081498864  
  275  0.4030815  0.00048828291  0.0081881723  
  276  0.39780663  0.00049788561  0.0082234825  
  277  0.39257141  0.0005075601  0.0082558192  
  278  0.38737634  0.00051730422  0.0082851852  
  279  0.38222183  0.00052711576  0.0083115874  
  280  0.37710812  0.00053699226  0.0083350515  
  281  0.37203539  0.00054693219  0.0083556074  
  282  0.36700382  0.00055693102  0.0083732855  
  283  0.3620136  0.00056698823  0.0083881159  
  284  0.35706491  0.00057710129  0.0084001286  
  285  0.35215792  0.00058726668  0.0084093539  
  286  0.34729283  0.00059748287  0.0084158219  
  287  0.34246981  0.00060774733  0.0084195627  
  288  0.33768905  0.00061805855  0.0084206065  
  289  0.33295073  0.00062841399  0.0084189835  
  290  0.32825503  0.00063881112  0.0084147238  
  291  0.32360214  0.00064924843  0.0084078575  
  292  0.31899224  0.00065972338  0.0083984148  
  293  0.3144255  0.00067023346  0.0083864258  
  294  0.30990212  0.00068077812  0.0083719207  
  295  0.30542227  0.00069135786  0.0083549297  
  296  0.30098614  0.00070195814  0.0083354828  
  297  0.29659391  0.00071259544  0.0083136103  
  298  0.29224577  0.00072325623  0.0082893423  
  299  0.28794189  0.00073394699  0.0082627089  
  300  0.28368245  0.00074465418  0.0082337402  
  301  0.27946765  0.00075538429  0.0082024665  
  302  0.27529766  0.00076613379  0.0081689179  
  303  0.27117266  0.00077690915  0.0081331245  
  304  0.26709285  0.00078768685  0.0080951164  
  305  0.26305839  0.00079849336  0.0080549239  
  306  0.25906948  0.00080931516  0.0080125771  
  307  0.25512629  0.00082013871  0.0079681061  
  308  0.25122901  0.0008309905  0.007921541  
  309  0.24737782  0.000841837  0.0078729121  
  310  0.2435729  0.00085270468  0.0078222494  
  311  0.23981444  0.00086358002  0.0077695832  
  312  0.23610256  0.00087445972  0.0077149456  
  313  0.23243716  0.00088536142  0.0076583773  
  314  0.22881809  0.00089626298  0.0075999212  
  315  0.22524518  0.00090717227  0.00753962  
  316  0.22171829  0.00091809717  0.0074775166  
  317  0.21823726  0.00092903552  0.0074136536  
  318  0.21480193  0.00093999521  0.0073480739  
  319  0.21141214  0.0009509641  0.0072808203  
  320  0.20806774  0.00096195005  0.0072119356  
  321  0.20476857  0.00097295093  0.0071414625  
  322  0.20151448  0.00098397462  0.0070694439  
  323  0.19830531  0.00099502896  0.0069959225  
  324  0.1951409  0.0010060918  0.006920941  
  325  0.1920211  0.0010171911  0.0068445424  
  326  0.18894575  0.0010283147  0.0067667694  
  327  0.18591469  0.0010394703  0.0066876648  
  328  0.18292778  0.001050656  0.0066072713  
  329  0.17998484  0.0010618796  0.0065256318  
  330  0.17708573  0.0010731388  0.006442789  
  331  0.17423029  0.0010844417  0.0063587857  
  332  0.17141837  0.001095786  0.0062736648  
  333  0.1686498  0.0011071797  0.006187469  
  334  0.16592444  0.0011186206  0.006100241  
  335  0.16324212  0.0011301265  0.0060120237  
  336  0.16060269  0.0011416754  0.0059228599  
  337  0.15800599  0.0011532951  0.0058327924  
  338  0.15545186  0.0011649834  0.0057418638  
  339  0.15294016  0.0011767383  0.0056501172  
  340  0.15047072  0.0011885676  0.0055575951  
  341  0.14804339  0.0012004791  0.0054643404  
  342  0.14565802  0.0012124708  0.0053703959  
  343  0.14331443  0.0012245605  0.0052758044  
  344  0.14101249  0.001236746  0.0051806087  
  345  0.13875203  0.0012490253  0.0050848515  
  346  0.1365329  0.0012614262  0.0049885757  
  347  0.13435493  0.0012739265  0.0048918239  
  348  0.13221798  0.0012865642  0.0047946391  
  349  0.13012186  0.0012993175  0.0046970626  
  350  0.1280662  0.0013122165  0.0045991299  
  351  0.12605064  0.0013252615  0.0045008751  
  352  0.12407478  0.0013384632  0.0044023323  
  353  0.12213824  0.0013518419  0.0043035356  
  354  0.12024063  0.001365398  0.0042045192  
  355  0.11838158  0.0013791521  0.0041053171  
  356  0.1165607  0.0013931046  0.0040059635  
  357  0.1147776  0.0014072859  0.0039064925  
  358  0.1130319  0.0014216865  0.0038069381  
  359  0.11132321  0.0014363369  0.0037073345  
  360  0.10965115  0.0014512475  0.0036077158  
  361  0.10801534  0.0014664187  0.0035081161  
  362  0.10641539  0.0014818911  0.0034085694  
  363  0.10485092  0.0014976551  0.00330911  
  364  0.10332154  0.0015137411  0.0032097719  
  365  0.10182687  0.0015301595  0.0031105892  
  366  0.10036652  0.001546931  0.0030115961  
  367  0.098940108  0.0015640758  0.0029128265  
  368  0.097547253  0.0015816045  0.0028143148  
  369  0.096187569  0.0015995275  0.0027160948  
  370  0.094860672  0.0016178852  0.0026182009  
  371  0.093566176  0.0016366882  0.002520667  
  372  0.092303697  0.0016559569  0.0024235272  
  373  0.091072852  0.0016757116  0.0023268158  
  374  0.089873256  0.001695973  0.0022305667  
  375  0.088704523  0.0017167614  0.0021348142  
  376  0.087566271  0.0017381174  0.0020395922  
  377  0.086458114  0.0017600513  0.0019449349  
  378  0.085379669  0.0017825835  0.0018508765  
  379  0.08433055  0.0018057547  0.001757451  
  380  0.083310375  0.0018295752  0.0016646925  
  381  0.082318756  0.0018540954  0.0015726351  
  382  0.081355311  0.0018793259  0.001481313  
  383  0.080419656  0.0019053071  0.0013907603  
  384  0.079511407  0.0019321094  0.001301011  
  385  0.078630178  0.0019596333  0.0012120993  
  386  0.077775584  0.0019881093  0.0011240592  
  387  0.076947243  0.0020173378  0.001036925  
  388  0.076144764  0.0020476196  0.00095072685  
  389  0.075367744  0.0020787569  0.00086548028  
  390  0.074615772  0.0021109524  0.00078119692  
  391  0.073888438  0.0021441085  0.00069788841  
  392  0.073185333  0.0021784278  0.00061556641  
  393  0.072506046  0.0022138129  0.00053424259  
  394  0.071850169  0.0022504664  0.0004539286  
  395  0.07121729  0.0022882908  0.00037463608  
  396  0.070607002  0.0023273887  0.00029637671  
  397  0.070018894  0.0023678626  0.00021916213  
  398  0.069452556  0.0024096152  0.000143004  
  399  0.068907577  0.002452849  6.7913976e-05  
  400  0.06838355  0.0024976665  -6.0962832e-06  
  401  0.067880064  0.0025439704  -7.9015123e-05  
  402  0.067396709  0.0025918631  -0.00015083089  
  403  0.066933075  0.0026415473  -0.00022153192  
  404  0.066488753  0.0026928256  -0.00029110656  
  405  0.066063334  0.0027461004  -0.00035954317  
  406  0.065656407  0.0028011743  -0.00042683007  
  407  0.065267563  0.00285815  -0.00049295561  
  408  0.064896391  0.00291733  -0.00055790815  
  409  0.064542482  0.0029785168  -0.00062167601  
  410  0.064205428  0.003041913  -0.00068424755  
  411  0.063884817  0.0031077213  -0.00074561111  
  412  0.063580239  0.003175744  -0.00080575504  
  413  0.063291287  0.0032463839  -0.00086466767  
  414  0.063017549  0.0033195435  -0.00092233735  
  415  0.062758616  0.0033954253  -0.00097875243  
  416  0.062514077  0.0034740319  -0.0010339012  
  417  0.062283524  0.0035555659  -0.0010877721  
  418  0.062066547  0.0036400298  -0.0011403535  
  419  0.061862737  0.0037276263  -0.0011916336  
  420  0.061671683  0.0038185578  -0.0012416008  
  421  0.061492974  0.003912727  -0.0012902435  
  422  0.061326204  0.0040104363  -0.0013375499  
  423  0.061170959  0.0041117885  -0.0013835086  
  424  0.061026833  0.004216886  -0.0014281077  
  425  0.060893415  0.0043259314  -0.0014713356  
  426  0.060770294  0.0044389272  -0.0015131807  
  427  0.060657083  0.0045562762  -0.0015536349  
  428  0.06055348  0.004677981  -0.0015927044  
  429  0.060459201  0.0048041447  -0.001630399  
  430  0.060373967  0.0049351699  -0.0016667283  
  431  0.060297496  0.0050709596  -0.0017017022  
  432  0.060229506  0.0052120167  -0.0017353304  
  433  0.060169717  0.0053582441  -0.0017676227  
  434  0.060117844  0.0055100445  -0.0017985889  
  435  0.06007361  0.0056675208  -0.0018282386  
  436  0.060036731  0.005830976  -0.0018565817  
  437  0.060006927  0.0060006128  -0.0018836279  
  438  0.059983916  0.0061766342  -0.001909387  
  439  0.059967415  0.006359343  -0.0019338687  
  440  0.059957145  0.006548942  -0.0019570828  
  441  0.059952823  0.0067457342  -0.0019790391  
  442  0.05995417  0.0069500224  -0.0019997473  
  443  0.059960902  0.0071621094  -0.0020192172  
  444  0.059972738  0.0073822982  -0.0020374585  
  445  0.059989398  0.0076107915  -0.002054481  
  446  0.060010599  0.0078479923  -0.0020702944  
  447  0.060036061  0.0080943034  -0.0020849086  
  448  0.060065501  0.0083500277  -0.0020983332  
  449  0.060098639  0.008615468  -0.0021105781  
  450  0.060135193  0.0088911272  -0.002121653  
  451  0.060174883  0.0091774082  -0.0021315676  
  452  0.060217426  0.0094746138  -0.0021403317  
  453  0.060262541  0.009783347  -0.0021479551  
  454  0.060309946  0.01010381  -0.0021544475  
  455  0.060359361  0.010436707  -0.0021598188  
  456  0.060410504  0.01078294  -0.0021640785  
  457  0.060463093  0.011141712  -0.0021672366  
  458  0.060516847  0.011514525  -0.0021693028  
  459  0.060571485  0.011901383  -0.0021702867  
  460  0.060626726  0.012304289  -0.0021701983  
  461  0.060682288  0.012722245  -0.0021690472  
  462  0.060737889  0.013156255  -0.0021668432  
  463  0.060793249  0.01360732  -0.0021635961  
  464  0.060848087  0.014076445  -0.0021593156  
  465  0.06090212  0.014563632  -0.0021540115  
  466  0.060955097  0.015069882  -0.0021476953  
  467  0.061006887  0.0155952  -0.0021403851  
  468  0.061057391  0.016141585  -0.002132101  
  469  0.061106504  0.016710039  -0.0021228628  
  470  0.061154129  0.017299564  -0.0021126906  
  471  0.061200163  0.017913161  -0.0021016043  
  472  0.061244505  0.018550832  -0.0020896239  
  473  0.061287055  0.019213578  -0.0020767692  
  474  0.061327711  0.019901401  -0.0020630602  
  475  0.061366372  0.020618302  -0.002048517  
  476  0.061402939  0.021362283  -0.0020331593  
  477  0.061437308  0.022136345  -0.0020170073  
  478  0.061469379  0.02294049  -0.0020000807  
  479  0.061499053  0.023776719  -0.0019823997  
  480  0.061526226  0.024646034  -0.001963984  
  481  0.0615508  0.025550437  -0.0019448538  
  482  0.061572672  0.026491928  -0.0019250288  
  483  0.061591742  0.027469509  -0.0019045291  
  484  0.061607908  0.028487182  -0.0018833747  
  485  0.06162107  0.029544949  -0.0018615854  
  486  0.061631128  0.03064581  -0.0018391812  
  487  0.061637978  0.031790768  -0.0018161821  
  488  0.061641522  0.032980823  -0.001792608  
  489  0.061641658  0.034219978  -0.0017684789  
  490  0.061638285  0.035509234  -0.0017438146  
  491  0.061631301  0.036850592  -0.0017186352  
  492  0.061620608  0.038246054  -0.0016929607  
  493  0.061606102  0.039698621  -0.0016668108  
  494  0.061587684  0.041210295  -0.0016402057  
  495  0.061565251  0.042783077  -0.0016131652  
  496  0.061538705  0.044419969  -0.0015857094  
  497  0.061507944  0.046123973  -0.001557858  
  498  0.061472866  0.047898089  -0.0015296312  
  499  0.061433371  0.04974532  -0.0015010488  
  500  0.061389357  0.051667667  -0.0014721308  
  501  0.061340725  0.053669131  -0.0014428972  
  502  0.061287373  0.055752714  -0.0014133678  
  503  0.061229201  0.057922417  -0.0013835627  
  504  0.061166107  0.060182242  -0.0013535017  
  505  0.061098014  0.06253619  -0.0013232044  
  506  0.061024937  0.064987261  -0.001292688  
  507  0.060946916  0.067539455  -0.0012619693  
  508  0.06086399  0.07019877  -0.001231065  
  509  0.060776197  0.072969207  -0.001199992  
  510  0.060683577  0.075854764  -0.001168767  
  511  0.060586168  0.078861442  -0.0011374069  
  512  0.060484011  0.081993239  -0.0011059283  
  513  0.060377143  0.085257155  -0.0010743482  
  514  0.060265606  0.088658191  -0.0010426831  
  515  0.060149435  0.092202344  -0.00101095  
  516  0.060028672  0.095896615  -0.00097916564  
  517  0.059903355  0.099746003  -0.00094734675  
  518  0.059773523  0.10376351  -0.00091551014  
  519  0.059639216  0.10794213  -0.00088367257  
  520  0.059500472  0.11230086  -0.00085185084  
  521  0.059357331  0.11684972  -0.00082006173  
  522  0.059209831  0.12158868  -0.000788322  
  523  0.059058013  0.12652776  -0.00075664845  
  524  0.058901915  0.13168695  -0.00072505785  
  525  0.058741576  0.13705626  -0.00069356699  
  526  0.058577034  0.14266568  -0.00066219263  
  527  0.058408331  0.14851521  -0.00063095157  
  528  0.058235505  0.15461485  -0.00059986059  
  529  0.058058594  0.1609746  -0.00056893645  
  530  0.057877639  0.16760447  -0.00053819595  
  531  0.057692677  0.17453444  -0.00050765586  
  532  0.057503749  0.18175452  -0.00047733296  
  533  0.057310893  0.18929471  -0.00044724404  
  534  0.057114149  0.19715501  -0.00041740586  
  535  0.056913558  0.20536542  -0.00038783522  
  536  0.056709156  0.21393593  -0.00035854889  
  537  0.056500983  0.22287655  -0.00032956365  
  538  0.05628908  0.23220728  -0.00030089629  
  539  0.056073483  0.24194811  -0.00027256357  
  540  0.055854241  0.25211905  -0.00024458229  
  541  0.055631376  0.26274009  -0.00021696922  
  542  0.055404938  0.27383123  -0.00018974114  
  543  0.055174976  0.28540248  -0.00016291484  
  544  0.054941516  0.29749383  -0.0001365052  
  545  0.054704655  0.31011529  -0.00011051965  
  546  0.054464494  0.32330684  -8.496369e-05  
  547  0.054221118  0.33707849  -5.9842858e-05  
  548  0.05397462  0.35147023  -3.5162675e-05  
  549  0.053725103  0.36649207  -1.0928665e-05  
  550  0.05347265  0.382194  1.2853647e-05  
  551  0.053217356  0.39859602  3.6178737e-05  
  552  0.052959323  0.41573812  5.9041081e-05  
  553  0.052698645  0.43365031  8.1435154e-05  
  554  0.052435406  0.45237259  0.00010335543  
  555  0.052169708  0.47193495  0.00012479639  
  556  0.051901645  0.49237738  0.00014575251  
  557  0.051631311  0.5137499  0.00016621825  
  558  0.0513588  0.53608249  0.00018618811  
  559  0.051084203  0.55943515  0.00020565654  
  560  0.050807615  0.58384789  0.00022461804  
  561  0.05052914  0.6093807  0.00024306707  
  562  0.05024886  0.63607357  0.00026099811  
  563  0.049966869  0.66398652  0.00027840563  
  564  0.049683271  0.69316952  0.00029528412  
  565  0.049398149  0.72370259  0.00031162805  
  566  0.049111606  0.75563572  0.00032743188  
  567  0.048823736  0.78902891  0.00034269011  
  568  0.048534622  0.82397216  0.00035739719  
  569  0.048244378  0.86052546  0.00037154762  
  570  0.047953087  0.89876881  0.00038513586  
  571  0.047660842  0.93878221  0.0003981564  
  572  0.047367737  0.98064567  0.0004106037  
  573  0.047073875  1.0244392  0.00042247224  
  574  0.04677934  1.0703427  0.0004337565  
  575  0.046484225  1.1183463  0.00044445095  
  576  0.046188643  1.1685499  0.00045455007  
  577  0.045892669  1.2211536  0.00046404833  
  578  0.045596405  1.2761573  0.00047294022  
  579  0.045299954  1.3338611  0.0004812202  
  580  0.045003391  1.3941648  0.00048888275  
  581  0.044706828  1.4573686  0.00049592235  
  582  0.04441036  1.5234725  0.00050233347  
  583  0.044114055  1.5927763  0.00050811246  
  584  0.043818019  1.6653802  0.00051326314  
  585  0.043522313  1.7413841  0.00051779119  
  586  0.043227  1.8209881  0.0005217023  
  587  0.042932169  1.904392  0.00052500217  
  588  0.042637884  1.991796  0.00052769648  
  589  0.042344215  2.0833  0.00052979092  
  590  0.042051243  2.179204  0.00053129117  
  591  0.041759041  2.279708  0.00053220294  
  592  0.04146768  2.3850121  0.00053253189  
  593  0.041177221  2.4954161  0.00053228374  
  594  0.040887756  2.6111201  0.00053146415  
  595  0.040599355  2.7323242  0.00053007883  
  596  0.040312082  2.8594282  0.00052813346  
  597  0.040026007  2.9927323  0.00052563372  
  598  0.039741221  3.1323363  0.00052258531  
  599  0.039457786  3.2788404  0.00051899392  
  600  0.039175774  3.4324444  0.00051486523  
  601  0.038895267  3.5934484  0.00051020494  
  602  0.038616324  3.7623524  0.00050501872  
  603  0.038339039  3.9394564  0.00049931228  
  604  0.038063462  4.1252604  0.00049309129  
  605  0.037789686  4.3201644  0.00048636146  
  606  0.03751777  4.5245684  0.00047912845  
  607  0.037247808  4.7389723  0.00047139798  
  608  0.03697985  4.9639762  0.00046317571  
  609  0.036713978  5.2000801  0.00045446735  
  610  0.036450274  5.447784  0.00044527857  
  611  0.036188808  5.7077878  0.00043561508  
  612  0.035929643  5.9805916  0.00042548255  
  613  0.03567287  6.2668954  0.00041488668  
  614  0.03541855  6.5674991  0.00040383315  
  615  0.035166764  6.8830028  0.00039232766  
  616  0.034917585  7.2142065  0.00038037588  
  617  0.034671094  7.5619101  0.00036798352  
  618  0.034427352  7.9270137  0.00035515626  
  619  0.034186431  8.3103172  0.00034189978  
  620  0.033948422  8.7128207  0.00032821978  
  621  0.033713397  9.1356242  0.00031412195  
  622  0.033481407  9.5795276  0.00029961282  
  623  0.033252486  10.045431  0.0002847024  
  624  0.033026658  10.535434  0.00026940152  
  625  0.032803925  11.050437  0.00025372104  
  626  0.032584322  11.590441  0.00023767179  
  627  0.032367851  12.158444  0.00022126463  
  628  0.032154538  12.755447  0.0002045104  
  629  0.031944384  13.38245  0.00018741995  
  630  0.031737434  14.041453  0.00017000412  
  631  0.031533682  14.734456  0.00015227376  
  632  0.03133316  15.461459  0.00013423972  
  633  0.031135873  16.227461  0.00011591284  
  634  0.030941843  17.031464  9.7303971e-05  
  635  0.030751096  17.876467  7.8423958e-05  
  636  0.030563643  18.765469  5.9283647e-05  
  637  0.030379499  19.700472  3.9893885e-05  
  638  0.030198688  20.682474  2.0265518e-05  
  639  0.030021222  21.715477  4.0939247e-07  
  640  0.029847126  22.802479  -1.9663646e-05  
  641  0.029676412  23.945481  -3.994275e-05  
  642  0.029509106  25.147484  -6.0417073e-05  
  643  0.029345219  26.412486  -8.107577e-05  
  644  0.029184766  27.742488  -0.00010190799  
  645  0.02902778  29.14149  -0.0001229029  
  646  0.028874275  30.613492  -0.00014404964  
  647  0.028724265  32.162494  -0.00016533736  
  648  0.028577772  33.793495  -0.00018675523  
  649  0.028434811  35.508497  -0.00020829239  
  650  0.028295406  37.313499  -0.000229938  
  651  0.028159578  39.2135  -0.00025168122  
  652  0.028027343  41.213502  -0.00027351119  
  653  0.027898714  43.319503  -0.00029541707  
  654  0.027773734  45.535504  -0.00031738801  
  655  0.027652397  47.869506  -0.00033941317  
  656  0.027534737  50.325507  -0.0003614817  
  657  0.027420777  52.912508  -0.00038358275  
  658  0.02731053  55.637509  -0.00040570548  
  659  0.027204021  58.50651  -0.00042783905  
  660  0.027101272  61.527511  -0.00044997259  
  661  0.027002289  64.710511  -0.00047209565  
  662  0.026907055  68.062512  -0.0004941992  
  663  0.026815543  71.593513  -0.00051627459  
  664  0.026727727  75.314513  -0.0005383132  
  665  0.02664357  79.234513  -0.00056030636  
  666  0.026563058  83.364514  -0.00058224544  
  667  0.026486153  87.716514  -0.00060412179  
  668  0.026412841  92.303514  -0.00062592677  
  669  0.026343043  97.136514  -0.00064765173  
  670  0.026276895  102.23051  -0.00066928803  
  671  0.026214121  107.60051  -0.00069082702  
  672  0.026154883  113.26051  -0.00071226006  
  673  0.026099047  119.23051  -0.00073357851  
  674  0.026046676  125.52051  -0.00075477372  
  675  0.025997733  132.15051  -0.00077583704  
  676  0.025952084  139.15051  -0.00079675983  
  677  0.025909891  146.53051  -0.00081753345  
  678  0.025870919  154.30051  -0.00083814925  
  679  0.025835332  162.51051  -0.00085859859  
  680  0.025802992  171.16051  -0.00087887282  
  681  0.025773866  180.29051  -0.0008989633  
  682  0.025748015  189.92051  -0.00091886139  
  683  0.025725305  200.08051  -0.00093855843  
  684  0.025705798  210.80051  -0.00095804579  
  685  0.02568946  222.1105  -0.00097731482  
  686  0.025676353  234.0405  -0.00099635687  
  687  0.025666242  246.6405  -0.0010151633  
  688  0.025659291  259.9305  -0.0010337255  
  689  0.025655363  273.9605  -0.0010520347  
  690  0.025654423  288.7705  -0.0010700825  
  691  0.025656634  304.4005  -0.00108786  
  692  0.02566176  320.91049  -0.0011053587  
  693  0.025669965  338.33049  -0.0011225698  
  694  0.025681113  356.73049  -0.0011394849  
  695  0.025695168  376.16049  -0.0011560952  
  696  0.025712194  396.67049  -0.0011723921  
  697  0.025732055  418.34048  -0.0011883669  
  698  0.025754914  441.22048  -0.001204011  
  699  0.025780536  465.39048  -0.0012193157  
  700  0.025809082  490.92048  -0.0012342735  
  701  0.0258405  517.89048  -0.0012488813  
  702  0.02587464  546.38047  -0.001263137  
  703  0.025911546  576.49047  -0.0012770384  
  704  0.025951267  608.30047  -0.0012905836  
  705  0.02599355  641.92047  -0.0013037704  
  706  0.02603864  677.44046  -0.0013165968  
  707  0.026086287  714.99046  -0.0013290608  
  708  0.026136535  754.68046  -0.0013411602  
  709  0.026189333  796.62046  -0.001352893  
  710  0.026244728  840.97045  -0.0013642571  
  711  0.026302665  887.85045  -0.0013752504  
  712  0.026363094  937.41045  -0.001385871  
  713  0.026425959  989.82044  -0.0013961167  
  714  0.026491209  1045.2004  -0.0014059854  
  715  0.02655899  1103.8004  -0.0014154751  
  716  0.02662905  1165.8004  -0.0014245837  
  717  0.026701535  1231.4004  -0.0014333091  
  718  0.026776393  1300.7004  -0.0014416493  
  719  0.026853569  1374.1004  -0.0014496022  
  720  0.026933013  1451.7004  -0.0014571658  
  721  0.027014769  1533.7004  -0.0014643379  
  722  0.027098686  1620.6004  -0.0014711166  
  723  0.02718491  1712.5004  -0.0014774996  
  724  0.027273389  1809.8004  -0.0014834851  
  725  0.027363969  1912.7004  -0.0014890708  
  726  0.027456797  2021.6004  -0.0014942548  
  727  0.027551821  2136.9004  -0.0014990349  
  728  0.027648987  2259.0004  -0.0015034091  
  729  0.027748243  2388.2004  -0.0015073753  
  730  0.027849635  2525.0004  -0.0015109315  
  731  0.02795321  2669.8004  -0.0015140756  
  732  0.028058815  2823.2004  -0.0015168055  
  733  0.028166598  2985.5004  -0.0015191191  
  734  0.028276405  3157.5004  -0.0015210144  
  735  0.028388284  3339.6004  -0.0015224894  
  736  0.028502281  3532.5004  -0.0015235418  
  737  0.028618243  3736.9004  -0.0015241698  
  738  0.028736318  3953.3004  -0.0015243712  
  739  0.028856555  4182.6004  -0.0015241449  
  740  0.028978714  4425.6004  -0.0015234943  
  741  0.029103058  4683.0003  -0.0015224237  
  742  0.029229552  4955.7003  -0.0015209372  
  743  0.029358057  5244.8003  -0.0015190393  
  744  0.029488737  5551.1003  -0.0015167342  
  745  0.029621655  5875.8003  -0.0015140261  
  746  0.029756674  6219.9003  -0.0015109195  
  747  0.029893957  6584.7003  -0.0015074185  
  748  0.030033468  6971.5003  -0.0015035275  
  749  0.030175269  7381.4003  -0.0014992508  
  750  0.030319323  7816.2003  -0.0014945926  
  751  0.030465795  8277.1003  -0.0014895573  
  752  0.030614546  8765.9003  -0.0014841492  
  753  0.030765739  9284.2003  -0.0014783724  
  754  0.030919339  9834.0003  -0.0014722314  
  755  0.031075408  10417  -0.0014657305  
  756  0.031234009  11036  -0.0014588738  
  757  0.031395206  11692  -0.0014516658  
  758  0.031558961  12388  -0.0014441106  
  759  0.031725337  13126  -0.0014362127  
  760  0.031894398  13910  -0.0014279762  
  761  0.032066306  14742  -0.0014194055  
  762  0.032240926  15624  -0.0014105049  
  763  0.032418419  16561  -0.0014012787  
  764  0.03259885  17555  -0.0013917311  
  765  0.032782281  18610  -0.0013818664  
  766  0.032968775  19730  -0.001371689  
  767  0.033158295  20919  -0.0013612032  
  768  0.033351005  22181  -0.0013504132  
  769  0.033546967  23522  -0.0013393232  
  770  0.033746245  24945  -0.0013279378  
  771  0.033948902  26456  -0.001316261  
  772  0.034155101  28061  -0.0013042972  
  773  0.034364805  29766  -0.0012920507  
  774  0.034578177  31577  -0.0012795258  
  775  0.034795381  33500  -0.0012667267  
  776  0.035016278  35544  -0.0012536579  
  777  0.035240834  37714  -0.0012403235  
  778  0.035470315  40021  -0.0012267283  
  779  0.035703311  42472  -0.0012128788  
  780  0.035940816  45076  -0.0011987821  
  781  0.036182825  47844  -0.0011844452  
  782  0.036428332  50785  -0.0011698751  
  783  0.036680332  53911  -0.0011550788  
  784  0.036935819  57235  -0.0011400632  
  785  0.037196787  60767  -0.0011248355  
  786  0.037463231  64523  -0.0011094025  
  787  0.037735144  68516  -0.0010937714  
  788  0.038012523  72762  -0.001077949  
  789  0.03829536  77276  -0.0010619425  
  790  0.038584651  82077  -0.0010457588  
  791  0.038879389  87183  -0.0010294049  
  792  0.03918057  92614  -0.0010128879  
  793  0.039489187  98390  -0.00099621466  
  794  0.039803235  104540  -0.0009793923  
  795  0.040124708  111070  -0.00096242778  
  796  0.040453601  118030  -0.00094532812  
  797  0.040789908  125430  -0.00092810032  
  798  0.041132623  133300  -0.00091075138  
  799  0.041484742  141680  -0.00089328832  
  800  0.041844257  150600  -0.00087571813  
  801  0.042212165  160090  -0.00085804783  
  802  0.042588458  170190  -0.00084028441  
  803  0.042973132  180940  -0.00082243489  
  804  0.04336718  192390  -0.00080450626  
  805  0.043770598  204580  -0.00078650554  
  806  0.044184379  217550  -0.00076843973  
  807  0.044607519  231370  -0.00075031584  
  808  0.045041011  246080  -0.00073214086  
  809  0.04548485  261750  -0.00071392182  
  810  0.04593903  278430  -0.0006956657  
  811  0.046405545  296210  -0.00067737952  
  812  0.046883391  315140  -0.00065907029  
  813  0.04737256  335300  -0.000640745  
  814  0.047874049  356790  -0.00062241067  
  815  0.048387851  379680  -0.00060407429  
  816  0.048914961  404070  -0.00058574288  
  817  0.049456376  430060  -0.00056742319  
  818  0.050010115  457750  -0.0005491209  
  819  0.050578196  487270  -0.00053084146  
  820  0.051161641  518730  -0.00051259031  
  821  0.051760469  552260  -0.00049437289  
  822  0.052373703  588000  -0.00047619463  
  823  0.053003361  626110  -0.00045806099  
  824  0.053649465  666740  -0.00043997738  
  825  0.054313035  710050  -0.00042194927  
  826  0.054994091  756240  -0.00040398208  
  827  0.055693654  805490  -0.00038608125  
  828  0.056410745  858020  -0.00036825223  
  829  0.057148384  914050  -0.00035050045  
  830  0.057904592  973800  -0.00033283136  
  831  0.058681388  1037500  -0.00031525038  
  832  0.059479794  1105500  -0.00029776297  
  833  0.060298831  1178100  -0.00028037456  
  834  0.061141517  1255500  -0.00026309058  
  835  0.062005875  1338100  -0.00024591649  
  836  0.062893925  1426200  -0.00022885772  
  837  0.063806686  1520200  -0.0002119197  
  838  0.064745181  1620600  -0.00019510788  
  839  0.065708428  1727800  -0.0001784277  
  840  0.066698449  1842100  -0.0001618846  
  841  0.067715264  1964200  -0.00014548401  
  842  0.068760893  2094500  -0.00012923137  
  843  0.069834358  2233700  -0.00011313213  
  844  0.070938678  2382200  -9.7191727e-05  
  845  0.072072875  2540900  -8.1415595e-05  
  846  0.073238968  2710300  -6.5809175e-05  
  847  0.074437979  2891200  -5.0377907e-05  
  848  0.075668927  3084500  -3.512723e-05  
  849  0.076935833  3290900  -2.0062584e-05  
  850  0.078236718  3511400  -5.1894084e-06  
  851  0.079574602  3746900  9.486858e-06  
  852  0.080949505  3998600  2.3960775e-05  
  853  0.082363449  4267500  3.8226905e-05  
  854  0.083816454  4554800  5.2279806e-05  
  855  0.08530954  4861800  6.6114041e-05  
  856  0.086845729  5189900  7.9724848e-05  
  857  0.088424049  5540600  9.3110179e-05  
  858  0.090047529  5915500  0.00010626867  
  859  0.091716199  6316100  0.00011919894  
  860  0.093432087  6744500  0.00013189963  
  861  0.095195224  7202400  0.00014436936  
  862  0.097009638  7692000  0.00015660678  
  863  0.098874359  8215500  0.0001686105  
  864  0.10079142  8775300  0.00018037917  
  865  0.10276284  9374000  0.0001919114  
  866  0.10479065  10014000  0.00020320584  
  867  0.10687489  10699000  0.00021426111  
  868  0.10901859  11432000  0.00022507584  
  869  0.11122276  12215000  0.00023564867  
  870  0.11348845  13054000  0.00024597822  
  871  0.11581968  13951000  0.00025606312  
  872  0.11821647  14910000  0.00026590202  
  873  0.12068387  15937000  0.00027549353  
  874  0.1232179  17036000  0.00028483628  
  875  0.12582158  18212000  0.00029392892  
  876  0.12850495  19471000  0.00030277007  
  877  0.13125804  20819000  0.00031135835  
  878  0.13409087  22261000  0.00031969241  
  879  0.13701348  23805000  0.00032777087  
  880  0.14000589  25459000  0.00033559236  
  881  0.14308814  27229000  0.00034315552  
  882  0.14626025  29124000  0.00035045897  
  883  0.14952225  31154000  0.00035750134  
  884  0.15287417  33327000  0.00036428127  
  885  0.15632605  35655000  0.00037079739  
  886  0.1598779  38149000  0.00037704832  
  887  0.16351976  40820000  0.00038303271  
  888  0.16728166  43682000  0.00038874917  
  889  0.17113363  46747000  0.00039419634  
  890  0.1751057  50032000  0.00039937285  
  891  0.17918789  53551000  0.00040427734  
  892  0.18339024  57323000  0.00040890842  
  893  0.18771277  61364000  0.00041326474  
  894  0.19215552  65696000  0.00041734492  
  895  0.19672851  70339000  0.00042114824  
  896  0.20142176  75316000  0.00042467654  
  897  0.2062653  80651000  0.00042793231  
  898  0.21123914  86370000  0.00043091802  
  899  0.21635331  92502000  0.00043363617  
  900  0.22161783  99077000  0.00043608924  
  901  0.22703272  1.0613e+08  0.00043827971  
  902  0.232598  1.1369e+08  0.00044021007  
  903  0.23832368  1.218e+08  0.00044188281  
  904  0.2442198  1.3049e+08  0.0004433004  
  905  0.25027637  1.3982e+08  0.00044446534  
  906  0.25651341  1.4983e+08  0.00044538011  
  907  0.26293095  1.6057e+08  0.00044604719  
  908  0.269529  1.7208e+08  0.00044646908  
  909  0.27631759  1.8444e+08  0.00044664824  
  910  0.28329673  1.977e+08  0.00044658718  
  911  0.29048645  2.1193e+08  0.00044628837  
  912  0.29787677  2.2721e+08  0.0004457543  
  913  0.3054777  2.436e+08  0.00044498746  
  914  0.31329928  2.6119e+08  0.00044399032  
  915  0.32135152  2.8008e+08  0.00044276538  
  916  0.32962443  3.0035e+08  0.00044131512  
  917  0.33814805  3.2212e+08  0.00043964202  
  918  0.3469124  3.4549e+08  0.00043774857  
  919  0.35592748  3.7058e+08  0.00043563726  
  920  0.36521333  3.9753e+08  0.00043331056  
  921  0.37475997  4.2647e+08  0.00043077097  
  922  0.38457741  4.5755e+08  0.00042802097  
  923  0.39468569  4.9093e+08  0.00042506304  
  924  0.4050848  5.2679e+08  0.00042189967  
  925  0.41579479  5.6531e+08  0.00041853335  
  926  0.42680567  6.0669e+08  0.00041496655  
  927  0.43813746  6.5116e+08  0.00041120177  
  928  0.44980018  6.9893e+08  0.00040724149  
  929  0.46179385  7.5027e+08  0.00040308819  
  930  0.47414849  8.0544e+08  0.00039874436  
  931  0.48685413  8.6474e+08  0.00039421249  
  932  0.49993079  9.2847e+08  0.00038949505  
  933  0.51338848  9.9697e+08  0.00038459454  
  934  0.52724722  1.0706e+09  0.00037951371  
  935  0.54149703  1.1498e+09  0.00037425645  
  936  0.55616789  1.2349e+09  0.00036882692  
  937  0.57126983  1.3264e+09  0.00036322926  
  938  0.58681284  1.4248e+09  0.00035746763  
  939  0.60280693  1.5306e+09  0.0003515462  
  940  0.6192721  1.6444e+09  0.00034546911  
  941  0.63621836  1.7668e+09  0.00033924052  
  942  0.6536657  1.8985e+09  0.0003328646  
  943  0.67162414  2.0401e+09  0.00032634549  
  944  0.69010367  2.1925e+09  0.00031968735  
  945  0.70913431  2.3564e+09  0.00031289434  
  946  0.72871605  2.5328e+09  0.00030597061  
  947  0.7488789  2.7225e+09  0.00029892032  
  948  0.76963287  2.9268e+09  0.00029174763  
  949  0.79099795  3.1465e+09  0.0002844567  
  950  0.81299416  3.3831e+09  0.00027705167  
  951  0.83564149  3.6377e+09  0.00026953671  
  952  0.85895995  3.9117e+09  0.00026191597  
  953  0.88296955  4.2067e+09  0.00025419361  
  954  0.90768028  4.5243e+09  0.00024637379  
  955  0.93312216  4.8663e+09  0.00023846065  
  956  0.95932519  5.2345e+09  0.00023045836  
  957  0.98630936  5.631e+09  0.00022237108  
  958  1.0140647  6.058e+09  0.00021420295  
  959  1.0426912  6.5179e+09  0.00020595814  
  960  1.0721188  7.0132e+09  0.00019764081  
  961  1.1024476  7.5468e+09  0.0001892551  
  962  1.1336776  8.1215e+09  0.00018080517  
  963  1.1659088  8.7407e+09  0.00017229519  
  964  1.1990411  9.4078e+09  0.00016372931  
  965  1.2330747  1.0127e+10  0.00015511167  
  966  1.2682094  1.0901e+10  0.00014644645  
  967  1.3044453  1.1736e+10  0.0001377378  
  968  1.3416824  1.2635e+10  0.00012898986  
  969  1.3800207  1.3605e+10  0.00012020681  
  970  1.4195602  1.465e+10  0.00011139279  
  971  1.4603009  1.5777e+10  0.00010255196  
  972  1.5022428  1.6991e+10  9.3688479e-05  
  973  1.545486  1.83e+10  8.4806357e-05  
  974  1.5899303  1.9712e+10  7.590903e-05  
  975  1.6357759  2.1235e+10  6.6999789e-05  
  976  1.6830226  2.2876e+10  5.8081923e-05  
  977  1.7316705  2.4647e+10  4.9158725e-05  
  978  1.7818196  2.6556e+10  4.0233485e-05  
  979  1.8334698  2.8616e+10  3.1309493e-05  
  980  1.8866211  3.0837e+10  2.2390041e-05  
  981  1.9414736  3.3234e+10  1.3478419e-05  
  982  1.9979273  3.5819e+10  4.5779188e-06  
  983  2.056082  3.8609e+10  -4.3081698e-06  
  984  2.1160378  4.1619e+10  -1.3176556e-05  
  985  2.1777948  4.4868e+10  -2.2023948e-05  
  986  2.2414528  4.8373e+10  -3.0847056e-05  
  987  2.3070119  5.2157e+10  -3.9642588e-05  
  988  2.374572  5.624e+10  -4.8407254e-05  
  989  2.4442332  6.0648e+10  -5.7137764e-05  
  990  2.5159955  6.5407e+10  -6.5830826e-05  
  991  2.5899587  7.0544e+10  -7.4483149e-05  
  992  2.666223  7.609e+10  -8.3091443e-05  
  993  2.7446883  8.2079e+10  -9.1652417e-05  
  994  2.8256546  8.8546e+10  -0.00010016278  
  995  2.9091219  9.553e+10  -0.00010861924  
  996  2.9950902  1.0307e+11  -0.00011701851  
  997  3.0837594  1.1122e+11  -0.00012535729  
  998  3.1751296  1.2002e+11  -0.0001336323  
  999  3.2693008  1.2952e+11  -0.00014184025  
 1000  3.3663729  1.3979e+11  -0.00014997784  
 1001  3.4664459  1.5089e+11  -0.00015804178  
 1002  3.5696198  1.6288e+11  -0.00016602879  
 1003  3.6758947  1.7583e+11  -0.00017393556  
 1004  3.7855704  1.8983e+11  -0.00018175882  
 1005  3.898547  2.0496e+11  -0.00018949527  
 1006  4.0151245  2.2131e+11  -0.00019714162  
 1007  4.1352029  2.3898e+11  -0.00020469457  
 1008  4.2590821  2.5808e+11  -0.00021215085  
 1009  4.3867622  2.7874e+11  -0.00021950715  
 1010  4.5184431  3.0107e+11  -0.00022676018  
 1011  4.6542249  3.2521e+11  -0.00023390666  
 1012  4.7942074  3.5131e+11  -0.00024094369  
 1013  4.9385907  3.7954e+11  -0.00024786992  
 1014  5.0874749  4.1007e+11  -0.0002546844  
 1015  5.2409598  4.4309e+11  -0.0002613862  
 1016  5.3993454  4.788e+11  -0.00026797435  
 1017  5.5626318  5.1743e+11  -0.0002744479  
 1018  5.7309189  5.5923e+11  -0.00028080592  
 1019  5.9046068  6.0444e+11  -0.00028704745  
 1020  6.0836953  6.5336e+11  -0.00029317153  
 1021  6.2684844  7.0629e+11  -0.00029917723  
 1022  6.4589743  7.6356e+11  -0.00030506359  
 1023  6.6554648  8.2555e+11  -0.00031082967  
 1024  6.8582559  8.9263e+11  -0.0003164745  
 1025  7.0673476  9.6524e+11  -0.00032199715  
 1026  7.2830399  1.0438e+12  -0.00032739667  
 1027  7.5055328  1.1289e+12  -0.0003326721  
 1028  7.7350263  1.221e+12  -0.0003378225  
 1029  7.9718203  1.3208e+12  -0.00034284692  
 1030  8.2161149  1.4287e+12  -0.0003477444  
 1031  8.4682099  1.5457e+12  -0.000352514  
 1032  8.7282055  1.6723e+12  -0.00035715478  
 1033  8.9965015  1.8094e+12  -0.00036166577  
 1034  9.2732981  1.9579e+12  -0.00036604603  
 1035  9.5588951  2.1188e+12  -0.00037029462  
 1036  9.8535925  2.2931e+12  -0.00037441058  
 1037  10.15819  2.4819e+12  -0.00037839296  
 1038  10.471189  2.6865e+12  -0.00038224082  
 1039  10.795187  2.9081e+12  -0.0003859532  
 1040  11.129186  3.1482e+12  -0.00038952916  
 1041  11.474186  3.4085e+12  -0.00039296775  
 1042  11.830185  3.6905e+12  -0.00039626801  
 1043  12.197185  3.9962e+12  -0.000399429  
 1044  12.576186  4.3276e+12  -0.00040244977  
 1045  12.968186  4.6867e+12  -0.00040532937  
 1046  13.371187  5.0761e+12  -0.00040806685  
 1047  13.788189  5.4982e+12  -0.00041066126  
 1048  14.21819  5.9559e+12  -0.00041311165  
 1049  14.662192  6.4522e+12  -0.00041541708  
 1050  15.121194  6.9903e+12  -0.00041757659  
 1051  15.594196  7.574e+12  -0.00041958961  
 1052  16.082198  8.207e+12  -0.00042145704  
 1053  16.587201  8.8935e+12  -0.00042318016  
 1054  17.107203  9.6382e+12  -0.00042476026  
 1055  17.645206  1.0446e+13  -0.00042619861  
 1056  18.199209  1.1323e+13  -0.0004274965  
 1057  18.772212  1.2274e+13  -0.00042865519  
 1058  19.364216  1.3305e+13  -0.00042967598  
 1059  19.974219  1.4425e+13  -0.00043056015  
 1060  20.605222  1.564e+13  -0.00043130896  
 1061  21.256226  1.6959e+13  -0.00043192371  
 1062  21.92823  1.839e+13  -0.00043240567  
 1063  22.622233  1.9944e+13  -0.00043275612  
 1064  23.339237  2.1631e+13  -0.00043297635  
 1065  24.080241  2.3461e+13  -0.00043306762  
 1066  24.844245  2.5449e+13  -0.00043303122  
 1067  25.634248  2.7608e+13  -0.00043286844  
 1068  26.449252  2.9952e+13  -0.00043258055  
 1069  27.291256  3.2497e+13  -0.00043216882  
 1070  28.16126  3.5261e+13  -0.00043163455  
 1071  29.060264  3.8264e+13  -0.00043097901  
 1072  29.987267  4.1525e+13  -0.00043020348  
 1073  30.946271  4.5067e+13  -0.00042930923  
 1074  31.936275  4.8916e+13  -0.00042829756  
 1075  32.959278  5.3097e+13  -0.00042716973  
 1076  34.015282  5.764e+13  -0.00042592704  
 1077  35.107285  6.2576e+13  -0.00042457075  
 1078  36.234288  6.7941e+13  -0.00042310215  
 1079  37.399291  7.377e+13  -0.00042152252  
 1080  38.602294  8.0107e+13  -0.00041983313  
 1081  39.846297  8.6994e+13  -0.00041803528  
 1082  41.1303  9.448e+13  -0.00041613023  
 1083  42.457302  1.0262e+14  -0.00041411927  
 1084  43.829304  1.1147e+14  -0.00041200367  
 1085  45.246307  1.2109e+14  -0.00040978473  
 1086  46.710308  1.3155e+14  -0.0004074637  
 1087  48.22331  1.4292e+14  -0.00040504189  
 1088  49.786312  1.5529e+14  -0.00040252056  
 1089  51.402313  1.6875e+14  -0.000399901  
 1090  53.071314  1.8338e+14  -0.00039718464  
 1091  54.796314  1.993e+14  -0.0003943736  
 1092  56.580315  2.1661e+14  -0.00039147012  
 1093  58.423315  2.3545e+14  -0.00038847647  
 1094  60.327315  2.5595e+14  -0.00038539491  
 1095  62.296315  2.7825e+14  -0.0003822277  
 1096  64.331314  3.0252e+14  -0.0003789771  
 1097  66.434313  3.2893e+14  -0.00037564538  
 1098  68.608312  3.5767e+14  -0.00037223479  
 1099  70.85531  3.8896e+14  -0.0003687476  
 1100  73.178308  4.2301e+14  -0.00036518606  
 1101  75.579306  4.6008e+14  -0.00036155244  
 1102  78.062304  5.0043e+14  -0.000357849  
 1103  80.628301  5.4437e+14  -0.00035407799  
 1104  83.281298  5.9221e+14  -0.00035024169  
 1105  86.024295  6.443e+14  -0.00034634235  
 1106  88.860292  7.0103e+14  -0.00034238224  
 1107  91.792288  7.6282e+14  -0.00033836361  
 1108  94.824283  8.3011e+14  -0.00033428872  
 1109  97.959279  9.034e+14  -0.00033015984  
 1110  101.19627  9.8324e+14  -0.00032597922  
 1111  104.55627  1.0702e+15  -0.00032174914  
 1112  108.01626  1.165e+15  -0.00031747184  
 1113  111.60626  1.2682e+15  -0.00031314959  
 1114  115.30625  1.3807e+15  -0.00030878466  
 1115  119.13625  1.5033e+15  -0.0003043793  
 1116  123.10624  1.637e+15  -0.00029993577  
 1117  127.20623  1.7826e+15  -0.00029545634  
 1118  131.44622  1.9413e+15  -0.00029094326  
 1119  135.82622  2.1143e+15  -0.0002863988  
 1120  140.36621  2.303e+15  -0.00028182522  
 1121  145.0562  2.5086e+15  -0.00027722477  
 1122  149.90619  2.7328e+15  -0.00027259973  
 1123  154.92618  2.9773e+15  -0.00026795235  
 1124  160.11617  3.2439e+15  -0.00026328489  
 1125  165.48616  3.5346e+15  -0.00025859961  
 1126  171.04615  3.8517e+15  -0.00025389878  
 1127  176.79614  4.1975e+15  -0.00024918465  
 1128  182.74613  4.5748e+15  -0.00024445949  
 1129  188.89612  4.9863e+15  -0.00023972548  
 1130  195.25611  5.4353e+15  -0.00023498449  
 1131  201.84609  5.9251e+15  -0.0002302383  
 1132  208.65608  6.4596e+15  -0.00022548871  
 1133  215.70607  7.0429e+15  -0.00022073751  
 1134  223.00605  7.6794e+15  -0.00021598648  
 1135  230.54604  8.374e+15  -0.00021123741  
 1136  238.35603  9.1322e+15  -0.0002064921  
 1137  246.44601  9.9598e+15  -0.00020175233  
 1138  254.806  1.0863e+16  -0.0001970199  
 1139  263.46598  1.185e+16  -0.00019229659  
 1140  272.41597  1.2926e+16  -0.00018758419  
 1141  281.68595  1.4102e+16  -0.00018288449  
 1142  291.28593  1.5386e+16  -0.00017819929  
 1143  301.21592  1.6788e+16  -0.00017353036  
 1144  311.4859  1.8319e+16  -0.00016887951  
 1145  322.12588  1.9991e+16  -0.00016424851  
 1146  333.13587  2.1818e+16  -0.00015963917  
 1147  344.53585  2.3813e+16  -0.00015505326  
 1148  356.33583  2.5993e+16  -0.00015049259  
 1149  368.54581  2.8375e+16  -0.00014595893  
 1150  381.18579  3.0977e+16  -0.00014145407  
 1151  394.27577  3.382e+16  -0.00013697982  
 1152  407.82575  3.6928e+16  -0.00013253795  
 1153  421.84574  4.0323e+16  -0.00012813025  
 1154  436.37572  4.4035e+16  -0.00012375853  
 1155  451.4057  4.8091e+16  -0.00011942455  
 1156  466.97568  5.2525e+16  -0.00011513012  
 1157  483.08565  5.7373e+16  -0.00011087703  
 1158  499.77563  6.2673e+16  -0.00010666706  
 1159  517.05561  6.8467e+16  -0.000102502  
 1160  534.95559  7.4803e+16  -9.8383645e-05  
 1161  553.48557  8.1731e+16  -9.4313781e-05  
 1162  572.66555  8.9308e+16  -9.0294199e-05  
 1163  592.53553  9.7595e+16  -8.6326687e-05  
 1164  613.1155  1.0666e+17  -8.2413037e-05  
 1165  634.42548  1.1657e+17  -7.8555036e-05  
 1166  656.49546  1.2742e+17  -7.4754475e-05  
 1167  679.35543  1.3929e+17  -7.1013142e-05  
 1168  703.02541  1.5227e+17  -6.733261e-05  
 1169  727.55539  1.6647e+17  -6.3713577e-05  
 1170  752.94536  1.8202e+17  -6.0156521e-05  
 1171  779.25534  1.9903e+17  -5.6661924e-05  
 1172  806.50532  2.1764e+17  -5.3230264e-05  
 1173  834.73529  2.3802e+17  -4.9862021e-05  
 1174  863.97527  2.6032e+17  -4.6557676e-05  
 1175  894.27524  2.8474e+17  -4.3317707e-05  
 1176  925.65522  3.1147e+17  -4.0142596e-05  
 1177  958.16519  3.4073e+17  -3.7032821e-05  
 1178  991.84517  3.7278e+17  -3.3988862e-05  
 1179  1026.7051  4.0786e+17  -3.1011199e-05  
 1180  1062.9051  4.4629e+17  -2.8100313e-05  
 1181  1100.4051  4.8837e+17  -2.5256682e-05  
 1182  1139.2051  5.3446e+17  -2.2480786e-05  
 1183  1179.405  5.8494e+17  -1.9773106e-05  
 1184  1221.105  6.4024e+17  -1.713412e-05  
 1185  1264.205  7.0083e+17  -1.456431e-05  
 1186  1309.005  7.672e+17  -1.2064154e-05  
 1187  1355.4049  8.3993e+17  -9.6341322e-06  
 1188  1403.4049  9.1962e+17  -7.2747246e-06  
 1189  1453.2049  1.0069e+18  -4.986411e-06  
 1190  1504.8049  1.1026e+18  -2.769671e-06  
 1191  1558.3048  1.2075e+18  -6.2498453e-07  
 1192  1613.8048  1.3225e+18  1.4471687e-06  
 1193  1671.2048  1.4485e+18  3.446309e-06  
 1194  1730.8047  1.5867e+18  5.3719565e-06  
 1195  1792.5047  1.7382e+18  7.2236314e-06  
 1196  1856.5047  1.9042e+18  9.0008539e-06  
 1197  1922.9047  2.0863e+18  1.0703144e-05  
 1198  1991.6046  2.286e+18  1.2330023e-05  
 1199  2062.9046  2.505e+18  1.388101e-05  
 1200  2136.8046  2.7452e+18  1.5355625e-05  
 1201  2213.4046  3.0086e+18  1.6753389e-05  
 1202  2292.8045  3.2976e+18  1.8073822e-05  
 1203  2375.2045  3.6145e+18  1.9316445e-05  
 1204  2460.5045  3.9623e+18  2.0480776e-05  
 1205  2549.0045  4.3439e+18  2.1566338e-05  
 1206  2640.8044  4.7625e+18  2.2572649e-05  
 1207  2736.0044  5.2219e+18  2.3499437e-05  
 1208  2834.6044  5.7261e+18  2.4347259e-05  
 1209  2937.0043  6.2794e+18  2.5116878e-05  
 1210  3043.0043  6.8867e+18  2.5809057e-05  
 1211  3153.1043  7.5534e+18  2.6424559e-05  
 1212  3267.2043  8.2852e+18  2.6964148e-05  
 1213  3385.5042  9.0885e+18  2.7428587e-05  
 1214  3508.2042  9.9706e+18  2.781864e-05  
 1215  3635.5042  1.0939e+19  2.813507e-05  
 1216  3767.5042  1.2003e+19  2.8378639e-05  
 1217  3904.4041  1.317e+19  2.8550112e-05  
 1218  4046.4041  1.4453e+19  2.8650252e-05  
 1219  4193.6041  1.5862e+19  2.8679823e-05  
 1220  4346.4041  1.7409e+19  2.8639586e-05  
 1221  4504.904  1.9109e+19  2.8530307e-05  
 1222  4669.204  2.0976e+19  2.8352748e-05  
 1223  4839.804  2.3028e+19  2.8107672e-05  
 1224  5016.704  2.5282e+19  2.7795844e-05  
 1225  5200.2039  2.7759e+19  2.7418025e-05  
 1226  5390.6039  3.048e+19  2.6974981e-05  
 1227  5588.1039  3.3472e+19  2.6467473e-05  
 1228  5793.0039  3.6759e+19  2.5896265e-05  
 1229  6005.6038  4.0373e+19  2.5262121e-05  
 1230  6226.2038  4.4345e+19  2.4565804e-05  
 1231  6455.1038  4.8712e+19  2.3808077e-05  
 1232  6692.6038  5.3513e+19  2.2989704e-05  
 1233  6939.1037  5.8792e+19  2.2111448e-05  
 1234  7194.8037  6.4596e+19  2.1174073e-05  
 1235  7460.2037  7.0978e+19  2.017834e-05  
 1236  7735.6037  7.7998e+19  1.9125015e-05  
 1237  8021.4036  8.5718e+19  1.8014861e-05  
 1238  8318.0036  9.4209e+19  1.684864e-05  
 1239  8625.8036  1.0355e+20  1.5627116e-05  
 1240  8945.3036  1.1382e+20  1.4351052e-05  
 1241  9276.8036  1.2513e+20  1.3021212e-05  
 1242  9621.0035  1.3757e+20  1.163836e-05  
 1243  9978.2035  1.5125e+20  1.0203257e-05  
 1244  10349.003  1.6631e+20  8.7166689e-06  
 1245  10734.003  1.8288e+20  7.1793574e-06  
 1246  11133.003  2.0112e+20  5.5921729e-06  
 1247  11548.003  2.212e+20  3.9563109e-06  
 1248  11979.003  2.4329e+20  2.2730538e-06  
 1249  12425.003  2.6762e+20  5.4368374e-07  
 1250  12889.003  2.944e+20  -1.2305172e-06  
 1251  13371.003  3.2388e+20  -3.0482667e-06  
 1252  13871.003  3.5635e+20  -4.9082827e-06  
 1253  14390.003  3.9209e+20  -6.8092829e-06  
 1254  14930.003  4.3146e+20  -8.7499852e-06  
 1255  15489.003  4.7482e+20  -1.0729107e-05  
 1256  16071.003  5.2257e+20  -1.2745367e-05  
 1257  16674.003  5.7517e+20  -1.4797483e-05  
 1258  17301.003  6.3311e+20  -1.6884171e-05  
 1259  17952.003  6.9694e+20  -1.9004151e-05  
 1260  18627.003  7.6727e+20  -2.115614e-05  
 1261  19329.003  8.4476e+20  -2.3338855e-05  
 1262  20058.003  9.3014e+20  -2.5551016e-05  
 1263  20815.003  1.0242e+21  -2.7791338e-05  
 1264  21601.003  1.1279e+21  -3.0058541e-05  
 1265  22417.003  1.2422e+21  -3.2351342e-05  
 1266  23265.003  1.3682e+21  -3.4668458e-05  
 1267  24146.003  1.5071e+21  -3.7008608e-05  
 1268  25061.003  1.6601e+21  -3.937051e-05  
 1269  26011.003  1.8289e+21  -4.1752881e-05  
 1270  26999.003  2.015e+21  -4.4154439e-05  
 1271  28024.003  2.2202e+21  -4.6573902e-05  
 1272  29089.003  2.4465e+21  -4.9009988e-05  
 1273  30196.003  2.696e+21  -5.1461414e-05  
 1274  31345.003  2.9712e+21  -5.3926898e-05  
 1275  32540.003  3.2748e+21  -5.6405159e-05  
 1276  33780.003  3.6096e+21  -5.8894914e-05  
 1277  35070.003  3.979e+21  -6.139488e-05  
 1278  36409.003  4.3866e+21  -6.3903776e-05  
 1279  37801.003  4.8362e+21  -6.6420319e-05  
 1280  39247.003  5.3323e+21  -6.8943228e-05  
 1281  40749.003  5.8798e+21  -7.147122e-05  
 1282  42311.003  6.484e+21  -7.4003012e-05  
 1283  43933.003  7.1508e+21  -7.6537324e-05  
 1284  45619.003  7.8868e+21  -7.9072871e-05  
 1285  47371.003  8.6992e+21  -8.1608416e-05  
 1286  49192.003  9.596e+21  -8.4142887e-05  
 1287  51084.003  1.0586e+22  -8.6675257e-05  
 1288  53051.003  1.1679e+22  -8.9204499e-05  
 1289  55095.003  1.2886e+22  -9.1729584e-05  
 1290  57219.003  1.4219e+22  -9.4249486e-05  
 1291  59427.003  1.5691e+22  -9.6763176e-05  
 1292  61722.003  1.7316e+22  -9.9269627e-05  
 1293  64108.003  1.9112e+22  -0.00010176781  
 1294  66587.003  2.1095e+22  -0.0001042567  
 1295  69165.003  2.3286e+22  -0.00010673527  
 1296  71844.003  2.5706e+22  -0.00010920249  
 1297  74630.003  2.838e+22  -0.00011165733  
 1298  77526.003  3.1334e+22  -0.00011409877  
 1299  80536.003  3.4599e+22  -0.00011652577  
 1300  83666.003  3.8207e+22  -0.00011893732  
 1301  86920.003  4.2194e+22  -0.00012133237  
 1302  90304.003  4.66e+22  -0.00012370992  
 1303  93821.003  5.1471e+22  -0.00012606891  
 1304  97479.003  5.6856e+22  -0.00012840834  
 1305  101280  6.2808e+22  -0.00013072717  
 1306  105240  6.9389e+22  -0.00013302438  
 1307  109350  7.6665e+22  -0.00013529893  
 1308  113630  8.4711e+22  -0.0001375498  
 1309  118070  9.3608e+22  -0.00013977596  
 1310  122700  1.0345e+23  -0.00014197639  
 1311  127510  1.1433e+23  -0.00014415005  
 1312  132510  1.2637e+23  -0.00014629592  
 1313  137710  1.3968e+23  -0.00014841297  
 1314  143120  1.5441e+23  -0.00015050018  
 1315  148750  1.7071e+23  -0.00015255651  
 1316  154600  1.8874e+23  -0.00015458094  
 1317  160690  2.0869e+23  -0.00015657244  
 1318  167020  2.3077e+23  -0.00015852998  
 1319  173610  2.552e+23  -0.00016045254  
 1320  180470  2.8224e+23  -0.00016233908  
 1321  187590  3.1217e+23  -0.00016418859  
 1322  195010  3.453e+23  -0.00016600003  
 1323  202730  3.8197e+23  -0.00016777237  
 1324  210750  4.2257e+23  -0.00016950474  
 1325  219100  4.6753e+23  -0.00017119687  
 1326  227790  5.173e+23  -0.00017284864  
 1327  236830  5.7242e+23  -0.00017445993  
 1328  246240  6.3346e+23  -0.00017603062  
 1329  256030  7.0106e+23  -0.00017756059  
 1330  266210  7.7593e+23  -0.00017904973  
 1331  276810  8.5887e+23  -0.0001804979  
 1332  287840  9.5074e+23  -0.00018190501  
 1333  299310  1.0525e+24  -0.00018327092  
 1334  311250  1.1653e+24  -0.00018459552  
 1335  323680  1.2902e+24  -0.00018587868  
 1336  336620  1.4287e+24  -0.00018712029  
 1337  350080  1.5821e+24  -0.00018832024  
 1338  364090  1.7522e+24  -0.00018947839  
 1339  378670  1.9406e+24  -0.00019059464  
 1340  393850  2.1495e+24  -0.00019166886  
 1341  409650  2.3811e+24  -0.00019270093  
 1342  426090  2.6378e+24  -0.00019369074  
 1343  443210  2.9225e+24  -0.00019463816  
 1344  461030  3.238e+24  -0.00019554308  
 1345  479580  3.588e+24  -0.00019640538  
 1346  498890  3.976e+24  -0.00019722494  
 1347  518990  4.4064e+24  -0.00019800163  
 1348  539920  4.8837e+24  -0.00019873535  
 1349  561710  5.4131e+24  -0.00019942597  
 1350  584400  6.0004e+24  -0.00020007337  
