# Fiducial parameters, omega_b = 0.022301, omega_cdm = 0.12001, n_s = 0.96872, A_s = 2.1203e-09, 100*theta_s = 1.0412, tau_reio = 0.05775, H0 = 0, z_reio = 0, Omega_Lambda = 0
    2  1058.0585  0.034217684  2.8091062  
    3  501.68254  0.022869982  1.6019968  
    4  285.21616  0.012413991  0.91107727  
    5  182.19092  0.0057903749  0.52378076  
    6  126.21639  0.0024066237  0.30461782  
    7  92.775889  0.00098234647  0.18065972  
    8  71.302629  0.00047628111  0.11097476  
    9  56.724996  0.00030139006  0.072289201  
   10  46.371778  0.00021620026  0.051162799  
   11  38.756615  0.00015543848  0.039753086  
   12  32.991482  0.00011437168  0.033500647  
   13  28.508346  9.1583594e-05  0.029840522  
   14  24.941855  8.1248342e-05  0.027417728  
   15  22.063796  7.6202882e-05  0.025569047  
   16  19.709454  7.3491021e-05  0.023983301  
   17  17.744756  7.2246302e-05  0.022562188  
   18  16.091456  7.362184e-05  0.021296632  
   19  14.688851  7.6779672e-05  0.020189232  
   20  13.48247  8.1941196e-05  0.019238235  
   21  12.438423  8.775623e-05  0.018425911  
   22  11.529053  9.4001187e-05  0.017726259  
   23  10.731057  0.00010030945  0.017096185  
   24  10.024237  0.00010714114  0.016493033  
   25  9.3964382  0.00011376411  0.015892986  
   26  8.8373894  0.00012047816  0.015279719  
   27  8.3363005  0.00012717822  0.014648033  
   28  7.8832958  0.00013391447  0.013997859  
   29  7.4726737  0.00014064105  0.013338521  
   30  7.0997767  0.00014768131  0.012681692  
   31  6.7601105  0.00015486355  0.012037121  
   32  6.4498353  0.00016216068  0.011406851  
   33  6.1652746  0.00016953374  0.010791  
   34  5.9030656  0.00017694928  0.010188936  
   35  5.6610993  0.00018439775  0.0095970371  
   36  5.4375803  0.0001918752  0.0090109297  
   37  5.230741  0.0001993764  0.0084270963  
   38  5.0389264  0.00020689129  0.0078454374  
   39  4.8605098  0.00021440825  0.007266708  
   40  4.6938641  0.00022191572  0.0066916632  
   41  4.5375399  0.00022940361  0.0061212318  
   42  4.3907969  0.00023686753  0.0055570389  
   43  4.2530722  0.0002443045  0.0050008831  
   44  4.1238028  0.00025171157  0.0044545632  
   45  4.0024157  0.00025908522  0.0039193539  
   46  3.888296  0.00026641986  0.0033944325  
   47  3.7808189  0.00027370904  0.0028784521  
   48  3.6793594  0.00028094671  0.0023700657  
   49  3.5832926  0.00028812642  0.0018679266  
   50  3.4920613  0.00029524206  0.0013710013  
   51  3.4053805  0.00030228697  0.00087951049  
   52  3.3230328  0.00030925453  0.00039398824  
   53  3.244801  0.0003161381  -8.5031279e-05  
   54  3.1704679  0.00032293108  -0.00055701392  
   55  3.0998148  0.00032962785  -0.0010215587  
   56  3.0326176  0.00033622619  -0.0014787975  
   57  2.9686505  0.00034272521  -0.0019289954  
   58  2.9076881  0.00034912361  -0.0023724173  
   59  2.8495047  0.00035542049  -0.0028093283  
   60  2.7938747  0.00036161465  -0.0032399934  
   61  2.7405933  0.00036770395  -0.0036645732  
   62  2.6895391  0.00037368139  -0.0040828097  
   63  2.6406113  0.00037953912  -0.0044943408  
   64  2.5937093  0.00038526928  -0.0048988041  
   65  2.5487323  0.00039086384  -0.0052958374  
   66  2.5055796  0.00039631484  -0.0056850782  
   67  2.4641507  0.00040161434  -0.0060661644  
   68  2.4243496  0.00040675589  -0.0064388234  
   69  2.3861004  0.00041173849  -0.0068031422  
   70  2.349332  0.00041656256  -0.0071592974  
   71  2.3139734  0.0004212289  -0.007507466  
   72  2.2799535  0.00042573772  -0.0078478246  
   73  2.2472013  0.00043008963  -0.0081805499  
   74  2.2156456  0.00043428524  -0.0085058188  
   75  2.1852154  0.00043832494  -0.008823808  
   76  2.1558446  0.00044220886  -0.0091346458  
   77  2.1274869  0.0004459348  -0.0094382673  
   78  2.1001011  0.00044950046  -0.0097345589  
   79  2.0736459  0.00045290326  -0.010023407  
   80  2.04808  0.0004561407  -0.010304699  
   81  2.023362  0.00045921039  -0.01057832  
   82  1.9994508  0.00046210974  -0.010844157  
   83  1.9763051  0.00046483626  -0.011102098  
   84  1.953886  0.00046738793  -0.011352056  
   85  1.9321649  0.00046976408  -0.011594061  
   86  1.9111158  0.00047196452  -0.011828168  
   87  1.8907126  0.00047398906  -0.012054437  
   88  1.8709291  0.0004758376  -0.012272922  
   89  1.8517394  0.00047750996  -0.012483682  
   90  1.8331171  0.00047900575  -0.012686773  
   91  1.8150364  0.00048032496  -0.012882252  
   92  1.797471  0.00048146732  -0.013070177  
   93  1.7803964  0.00048243292  -0.013250599  
   94  1.7637939  0.00048322241  -0.013423551  
   95  1.7476462  0.00048383687  -0.013589062  
   96  1.7319362  0.00048427713  -0.013747158  
   97  1.7166465  0.00048454415  -0.01389787  
   98  1.70176  0.00048463899  -0.014041223  
   99  1.6872594  0.00048456249  -0.014177248  
  100  1.6731276  0.00048431572  -0.01430597  
  101  1.6593473  0.00048389952  -0.01442742  
  102  1.6459012  0.00048331495  -0.014541623  
  103  1.6327722  0.00048256286  -0.01464861  
  104  1.6199443  0.00048164458  -0.014748413  
  105  1.6074062  0.00048056232  -0.014841087  
  106  1.595148  0.00047931878  -0.014926693  
  107  1.5831598  0.00047791645  -0.015005291  
  108  1.5714315  0.00047635801  -0.015076942  
  109  1.5599531  0.00047464597  -0.015141707  
  110  1.5487148  0.00047278301  -0.015199645  
  111  1.5377065  0.00047077173  -0.015250818  
  112  1.5269183  0.00046861461  -0.015295286  
  113  1.5163402  0.00046631424  -0.01533311  
  114  1.5059622  0.00046387343  -0.01536435  
  115  1.4957743  0.00046129455  -0.015389066  
  116  1.4857673  0.00045858026  -0.015407322  
  117  1.475934  0.00045573353  -0.015419188  
  118  1.466268  0.0004527573  -0.015424737  
  119  1.4567631  0.00044965449  -0.015424043  
  120  1.4474127  0.00044642794  -0.015417177  
  121  1.4382106  0.00044308069  -0.015404214  
  122  1.4291502  0.00043961565  -0.015385226  
  123  1.4202251  0.00043603567  -0.015360287  
  124  1.4114291  0.00043234377  -0.015329468  
  125  1.4027556  0.00042854289  -0.015292844  
  126  1.3941983  0.00042463596  -0.015250487  
  127  1.3857508  0.00042062582  -0.015202471  
  128  1.3774067  0.00041651558  -0.015148867  
  129  1.36916  0.00041230821  -0.015089752  
  130  1.3610066  0.00040800778  -0.015025212  
  131  1.352943  0.00040361852  -0.014955332  
  132  1.3449654  0.00039914463  -0.014880201  
  133  1.3370702  0.00039459022  -0.014799906  
  134  1.3292538  0.00038995969  -0.014714536  
  135  1.3215126  0.00038525706  -0.014624176  
  136  1.3138429  0.00038048663  -0.014528916  
  137  1.3062411  0.00037565271  -0.014428842  
  138  1.2987035  0.00037075932  -0.014324041  
  139  1.2912265  0.00036581075  -0.014214603  
  140  1.2838065  0.00036081132  -0.014100613  
  141  1.2764398  0.00035576503  -0.01398216  
  142  1.2691228  0.00035067619  -0.01385933  
  143  1.2618519  0.00034554912  -0.013732212  
  144  1.2546236  0.00034038777  -0.013600895  
  145  1.2474359  0.00033519634  -0.01346547  
  146  1.2402869  0.00032997857  -0.013326033  
  147  1.2331746  0.0003247386  -0.013182677  
  148  1.2260973  0.00031948028  -0.013035498  
  149  1.2190529  0.00031420757  -0.012884588  
  150  1.2120397  0.00030892449  -0.012730042  
  151  1.2050558  0.00030363481  -0.012571954  
  152  1.1980992  0.00029834266  -0.012410419  
  153  1.1911681  0.00029305189  -0.012245531  
  154  1.1842606  0.00028776644  -0.012077383  
  155  1.1773749  0.00028249036  -0.01190607  
  156  1.170509  0.00027722751  -0.011731686  
  157  1.1636611  0.00027198181  -0.011554326  
  158  1.1568293  0.00026675732  -0.011374083  
  159  1.1500118  0.00026155788  -0.011191051  
  160  1.1432065  0.00025638745  -0.011005326  
  161  1.1364119  0.00025125002  -0.010817  
  162  1.1296271  0.00024614923  -0.010626167  
  163  1.1228514  0.00024108889  -0.01043292  
  164  1.1160842  0.0002360727  -0.010237351  
  165  1.1093248  0.00023110416  -0.010039553  
  166  1.1025725  0.00022618728  -0.0098396189  
  167  1.0958266  0.00022132555  -0.0096376417  
  168  1.0890866  0.00021652267  -0.009433714  
  169  1.0823516  0.00021178255  -0.0092279286  
  170  1.0756211  0.00020710859  -0.0090203782  
  171  1.0688944  0.0002025048  -0.0088111558  
  172  1.0621708  0.00019797466  -0.008600354  
  173  1.0554497  0.00019352199  -0.0083880656  
  174  1.0487303  0.00018915049  -0.0081743835  
  175  1.0420121  0.00018486385  -0.0079594004  
  176  1.0352944  0.00018066568  -0.0077432091  
  177  1.0285764  0.00017655978  -0.0075259024  
  178  1.0218575  0.00017254986  -0.0073075731  
  179  1.0151371  0.00016863961  -0.007088314  
  180  1.0084146  0.00016483249  -0.0068682159  
  181  1.00169  0.00016113102  -0.006647362  
  182  0.99496333  0.00015753747  -0.0064258333  
  183  0.98823472  0.00015405409  -0.0062037111  
  184  0.98150425  0.00015068317  -0.0059810766  
  185  0.97477201  0.00014742697  -0.0057580109  
  186  0.96803808  0.00014428775  -0.0055345952  
  187  0.96130255  0.0001412678  -0.0053109106  
  188  0.9545655  0.00013836947  -0.0050870384  
  189  0.94782704  0.00013559494  -0.0048630598  
  190  0.94108724  0.00013294647  -0.0046390558  
  191  0.93434619  0.00013042633  -0.0044151077  
  192  0.92760398  0.0001280368  -0.0041912966  
  193  0.9208607  0.00012578023  -0.0039677037  
  194  0.91411643  0.00012365891  -0.0037444102  
  195  0.90737127  0.000121675  -0.0035214972  
  196  0.9006253  0.00011983076  -0.003299046  
  197  0.8938786  0.00011812857  -0.0030771377  
  198  0.88713128  0.00011657059  -0.0028558535  
  199  0.8803834  0.0001151592  -0.0026352744  
  200  0.87363507  0.00011389657  -0.0024154819  
  201  0.86688644  0.00011278476  -0.0021965533  
  202  0.86013793  0.00011182457  -0.0019785521  
  203  0.85339004  0.00011101651  -0.0017615381  
  204  0.84664326  0.00011036097  -0.001545571  
  205  0.83989808  0.00010985856  -0.0013307107  
  206  0.83315501  0.00010950978  -0.0011170169  
  207  0.82641452  0.00010931513  -0.00090454947  
  208  0.81967713  0.00010927511  -0.00069336811  
  209  0.81294332  0.00010939022  -0.00048353266  
  210  0.80621358  0.00010966097  -0.00027510289  
  211  0.79948841  0.00011008785  -6.8138595e-05  
  212  0.7927683  0.00011067136  0.00013730043  
  213  0.78605375  0.00011141202  0.00034115441  
  214  0.77934526  0.00011231031  0.00054336354  
  215  0.7726433  0.00011336684  0.00074386805  
  216  0.76594839  0.00011458201  0.00094260814  
  217  0.75926101  0.00011595632  0.001139524  
  218  0.75258166  0.00011749038  0.0013345559  
  219  0.74591082  0.00011918458  0.001527644  
  220  0.739249  0.00012103953  0.0017187285  
  221  0.7325967  0.00012305562  0.0019077497  
  222  0.72595439  0.00012523347  0.0020946477  
  223  0.71932258  0.00012757356  0.0022793628  
  224  0.71270178  0.00013007596  0.00246184  
  225  0.70609257  0.00013273958  0.0026420442  
  226  0.69949554  0.00013556286  0.002819945  
  227  0.69291131  0.00013854426  0.002995512  
  228  0.68634047  0.00014168215  0.003168715  
  229  0.67978361  0.00014497519  0.0033395235  
  230  0.67324134  0.00014842172  0.0035079072  
  231  0.66671426  0.00015202011  0.0036738358  
  232  0.66020296  0.00015576903  0.003837279  
  233  0.65370805  0.00015966692  0.0039982063  
  234  0.64723012  0.00016371204  0.0041565875  
  235  0.64076978  0.00016790306  0.0043123923  
  236  0.63432763  0.00017223832  0.0044655902  
  237  0.62790425  0.0001767164  0.0046161509  
  238  0.62150026  0.00018133565  0.0047640441  
  239  0.61511625  0.00018609462  0.0049092395  
  240  0.60875283  0.00019099168  0.0050517067  
  241  0.60241058  0.00019602538  0.0051914153  
  242  0.59609011  0.00020119419  0.0053283351  
  243  0.58979203  0.00020649655  0.0054624357  
  244  0.58351692  0.00021193093  0.0055936867  
  245  0.5772654  0.00021749579  0.0057220578  
  246  0.57103805  0.00022318949  0.0058475187  
  247  0.56483548  0.00022901078  0.005970039  
  248  0.55865829  0.00023495782  0.0060895884  
  249  0.55250707  0.00024102917  0.0062061365  
  250  0.54638241  0.00024722312  0.0063196584  
  251  0.5402848  0.0002535368  0.006430151  
  252  0.53421473  0.00025996685  0.0065376166  
  253  0.52817266  0.00026651043  0.0066420575  
  254  0.52215907  0.00027316419  0.0067434759  
  255  0.51617444  0.00027992509  0.0068418741  
  256  0.51021925  0.00028678998  0.0069372544  
  257  0.50429397  0.00029375561  0.0070296192  
  258  0.49839909  0.00030081904  0.0071189706  
  259  0.49253507  0.00030797702  0.007205311  
  260  0.48670239  0.0003152264  0.0072886427  
  261  0.48090154  0.00032256404  0.0073689679  
  262  0.47513298  0.00032998689  0.007446289  
  263  0.4693972  0.0003374917  0.0075206082  
  264  0.46369467  0.00034507543  0.0075919278  
  265  0.45802586  0.00035273483  0.0076602502  
  266  0.45239126  0.00036046686  0.0077255775  
  267  0.44679134  0.00036826836  0.0077879121  
  268  0.44122658  0.00037613619  0.0078472562  
  269  0.43569746  0.00038406711  0.0079036122  
  270  0.43020444  0.00039205817  0.0079569824  
  271  0.42474802  0.00040010631  0.0080073689  
  272  0.41932866  0.0004082079  0.0080547742  
  273  0.41394684  0.00041636029  0.0080992005  
  274  0.40860304  0.00042456034  0.0081406501  
  275  0.40329774  0.00043280488  0.0081791252  
  276  0.3980314  0.00044108979  0.0082146282  
  277  0.39280452  0.0004494139  0.0082471614  
  278  0.38761756  0.00045777208  0.0082767269  
  279  0.38247096  0.00046616212  0.0083033319  
  280  0.37736494  0.00047458055  0.0083270015  
  281  0.3722997  0.00048302485  0.0083477659  
  282  0.36727541  0.00049148948  0.008365655  
  283  0.36229227  0.00049997193  0.0083806988  
  284  0.35735045  0.00050846867  0.0083929274  
  285  0.35245014  0.00051697617  0.0084023706  
  286  0.34759153  0.00052549091  0.0084090586  
  287  0.34277479  0.00053400935  0.0084130214  
  288  0.33800013  0.00054252798  0.0084142888  
  289  0.33326771  0.00055104327  0.008412891  
  290  0.32857773  0.00055955168  0.0084088579  
  291  0.32393037  0.00056804971  0.0084022196  
  292  0.31932581  0.0005765338  0.008393006  
  293  0.31476424  0.00058500046  0.0083812471  
  294  0.31024584  0.00059344713  0.0083669729  
  295  0.30577081  0.00060186831  0.0083502135  
  296  0.30133931  0.00061026246  0.0083309988  
  297  0.29695155  0.00061862406  0.0083093588  
  298  0.2926077  0.00062695158  0.0082853236  
  299  0.28830794  0.0006352405  0.0082589231  
  300  0.28405247  0.00064348828  0.0082301874  
  301  0.27984146  0.00065168941  0.0081991463  
  302  0.27567511  0.00065984235  0.0081658301  
  303  0.27155359  0.00066794258  0.0081302685  
  304  0.2674771  0.00067598658  0.0080924917  
  305  0.26344581  0.00068397082  0.0080525297  
  306  0.25945991  0.00069189277  0.0080104123  
  307  0.25551958  0.0006997479  0.0079661697  
  308  0.25162502  0.00070753269  0.0079198319  
  309  0.2477764  0.00071524462  0.0078714288  
  310  0.24397391  0.00072287915  0.0078209904  
  311  0.24021774  0.00073043377  0.0077685468  
  312  0.23650801  0.00073790317  0.00771413  
  313  0.23284462  0.00074528798  0.0076577807  
  314  0.22922743  0.00075258306  0.0075995414  
  315  0.22565627  0.00075978827  0.007539455  
  316  0.22213099  0.00076690146  0.0074775639  
  317  0.21865144  0.00077391949  0.007413911  
  318  0.21521747  0.00078084021  0.0073485389  
  319  0.21182891  0.00078766349  0.0072814903  
  320  0.20848562  0.00079438418  0.0072128078  
  321  0.20518743  0.00080100214  0.0071425341  
  322  0.20193421  0.00080751522  0.007070712  
  323  0.19872578  0.00081392028  0.006997384  
  324  0.195562  0.00082021618  0.0069225929  
  325  0.19244272  0.00082640078  0.0068463813  
  326  0.18936777  0.00083247093  0.0067687919  
  327  0.18633701  0.00083842549  0.0066898674  
  328  0.18335028  0.00084426231  0.0066096504  
  329  0.18040742  0.00084997926  0.0065281837  
  330  0.17750829  0.00085557319  0.0064455099  
  331  0.17465272  0.00086104296  0.0063616717  
  332  0.17184056  0.00086638642  0.0062767117  
  333  0.16907167  0.00087160143  0.0061906727  
  334  0.16634587  0.00087668485  0.0061035973  
  335  0.16366303  0.00088163653  0.0060155282  
  336  0.16102298  0.00088645234  0.005926508  
  337  0.15842557  0.00089113112  0.0058365795  
  338  0.15587065  0.00089567174  0.0057457853  
  339  0.15335806  0.00090007006  0.0056541681  
  340  0.15088765  0.00090432492  0.0055617706  
  341  0.14845926  0.00090843519  0.0054686354  
  342  0.14607274  0.00091239673  0.0053748052  
  343  0.14372794  0.00091620939  0.0052803228  
  344  0.14142469  0.00091987002  0.0051852307  
  345  0.13916286  0.00092337649  0.0050895716  
  346  0.13694227  0.00092672665  0.0049933883  
  347  0.13476278  0.00092991836  0.0048967234  
  348  0.13262424  0.00093295048  0.0047996195  
  349  0.13052644  0.00093582028  0.004702118  
  350  0.12846906  0.0009385278  0.0046042544  
  351  0.12645169  0.00094107446  0.0045060628  
  352  0.12447397  0.00094345971  0.0044075775  
  353  0.12253551  0.000945684  0.0043088325  
  354  0.12063593  0.00094774876  0.004209862  
  355  0.11877484  0.00094965345  0.0041107002  
  356  0.11695187  0.00095139949  0.0040113812  
  357  0.11516663  0.00095298734  0.0039119392  
  358  0.11341874  0.00095441643  0.0038124083  
  359  0.11170781  0.00095568821  0.0037128227  
  360  0.11003347  0.00095680213  0.0036132165  
  361  0.10839533  0.00095776062  0.0035136239  
  362  0.10679301  0.00095856213  0.0034140791  
  363  0.10522613  0.00095920709  0.0033146161  
  364  0.10369431  0.00095969796  0.0032152692  
  365  0.10219716  0.00096003318  0.0031160725  
  366  0.1007343  0.00096021518  0.0030170601  
  367  0.099305352  0.00096024242  0.0029182662  
  368  0.097909931  0.00096011733  0.002819725  
  369  0.096547655  0.00095983835  0.0027214705  
  370  0.095218142  0.00095940794  0.0026235371  
  371  0.09392101  0.00095882452  0.0025259587  
  372  0.092655876  0.00095809055  0.0024287696  
  373  0.091422359  0.00095720547  0.0023320039  
  374  0.090220077  0.00095617072  0.0022356958  
  375  0.089048645  0.00095498474  0.0021398794  
  376  0.087907684  0.00095365097  0.0020445889  
  377  0.086796811  0.00095216686  0.0019498584  
  378  0.085715644  0.00095053485  0.001855722  
  379  0.084663799  0.00094875539  0.001762214  
  380  0.083640897  0.00094682791  0.0016693685  
  381  0.082646553  0.00094475385  0.0015772197  
  382  0.081680385  0.00094253267  0.0014858016  
  383  0.080742013  0.00094016581  0.0013951484  
  384  0.079831054  0.0009376537  0.0013052944  
  385  0.078947124  0.00093499679  0.0012162736  
  386  0.078089842  0.00093219552  0.0011281202  
  387  0.077258827  0.00092924933  0.0010408683  
  388  0.076453691  0.00092616102  0.00095454845  
  389  0.07567403  0.0009229318  0.00086917603  
  390  0.074919435  0.00091956423  0.00078476283  
  391  0.074189496  0.00091606085  0.0007013206  
  392  0.073483805  0.00091242523  0.0006188611  
  393  0.072801952  0.00090865893  0.00053739609  
  394  0.072143529  0.0009047645  0.00045693732  
  395  0.071508126  0.0009007455  0.00037749655  
  396  0.070895335  0.0008966035  0.00029908553  
  397  0.070304746  0.00089234204  0.00022171603  
  398  0.069735951  0.00088796268  0.00014539979  
  399  0.06918854  0.00088347  7.0148573e-05  
  400  0.068662103  0.00087886453  -4.0258605e-06  
  401  0.068156235  0.00087414984  -7.7111757e-05  
  402  0.067670521  0.00086932849  -0.00014909736  
  403  0.067204557  0.00086440303  -0.00021997092  
  404  0.066757932  0.00085937603  -0.00028972066  
  405  0.066330237  0.00085425003  -0.00035833485  
  406  0.065921063  0.00084902861  -0.00042580172  
  407  0.065530001  0.00084371331  -0.00049210951  
  408  0.065156642  0.0008383067  -0.00055724648  
  409  0.064800576  0.00083281233  -0.00062120085  
  410  0.064461396  0.00082723176  -0.00068396088  
  411  0.064138691  0.00082156954  -0.00074551482  
  412  0.063832053  0.00081582625  -0.00080585089  
  413  0.063541073  0.00081000542  -0.00086495735  
  414  0.063265341  0.00080410863  -0.00092282245  
  415  0.06300445  0.00079814043  -0.00097943442  
  416  0.062757988  0.00079210237  -0.0010347815  
  417  0.062525549  0.00078599802  -0.001088852  
  418  0.062306722  0.00077982793  -0.001141634  
  419  0.062101099  0.00077359666  -0.0011931159  
  420  0.061908271  0.00076730678  -0.0012432859  
  421  0.061727827  0.00076095982  -0.0012921322  
  422  0.061559361  0.00075455937  -0.0013396432  
  423  0.061402461  0.00074810796  -0.0013858069  
  424  0.061256721  0.00074160816  -0.0014306117  
  425  0.06112173  0.00073506254  -0.0014740458  
  426  0.060997078  0.00072847364  -0.0015160975  
  427  0.06088238  0.00072184407  -0.0015567585  
  428  0.060777332  0.00071517766  -0.001596035  
  429  0.06068165  0.00070847627  -0.0016339366  
  430  0.060595055  0.00070174377  -0.0016704729  
  431  0.060517264  0.00069498304  -0.0017056537  
  432  0.060447996  0.00068819695  -0.0017394885  
  433  0.060386969  0.00068138735  -0.001771987  
  434  0.060333899  0.00067455913  -0.0018031589  
  435  0.060288507  0.00066771415  -0.0018330138  
  436  0.06025051  0.00066085529  -0.0018615614  
  437  0.060219627  0.00065398641  -0.0018888113  
  438  0.060195576  0.00064711038  -0.0019147731  
  439  0.060178073  0.00064022907  -0.0019394566  
  440  0.06016684  0.00063334736  -0.0019628713  
  441  0.060161592  0.00062646611  -0.001985027  
  442  0.06016205  0.0006195902  -0.0020059333  
  443  0.060167929  0.00061272148  -0.0020255997  
  444  0.06017895  0.00060586384  -0.0020440361  
  445  0.06019483  0.00059901915  -0.002061252  
  446  0.060215287  0.00059219126  -0.0020772571  
  447  0.06024004  0.00058538406  -0.002092061  
  448  0.060268806  0.00057859841  -0.0021056734  
  449  0.060301305  0.00057183919  -0.002118104  
  450  0.060337254  0.00056510825  -0.0021293624  
  451  0.060376372  0.00055840948  -0.0021394582  
  452  0.060418376  0.00055174574  -0.002148401  
  453  0.060462986  0.00054511891  -0.0021562007  
  454  0.060509918  0.00053853385  -0.0021628667  
  455  0.060558893  0.00053199342  -0.0021684088  
  456  0.060609627  0.00052549952  -0.0021728367  
  457  0.060661839  0.00051905499  -0.0021761598  
  458  0.060715246  0.00051266472  -0.002178388  
  459  0.060769569  0.00050633057  -0.0021795308  
  460  0.060824524  0.00050005541  -0.002179598  
  461  0.06087983  0.00049384311  -0.0021785991  
  462  0.060935205  0.00048769554  -0.0021765438  
  463  0.060990368  0.00048161758  -0.0021734418  
  464  0.061045038  0.00047561009  -0.0021693028  
  465  0.06109893  0.00046967794  -0.0021641363  
  466  0.061151795  0.00046382378  -0.0021579537  
  467  0.0612035  0.00045804935  -0.0021507733  
  468  0.061253945  0.00045235516  -0.002142615  
  469  0.061303026  0.00044674474  -0.0021334988  
  470  0.061350644  0.00044121961  -0.0021234445  
  471  0.061396697  0.00043578028  -0.0021124722  
  472  0.061441081  0.00043043027  -0.0021006017  
  473  0.061483697  0.0004251691  -0.002087853  
  474  0.061524442  0.00042000128  -0.002074246  
  475  0.061563216  0.00041492634  -0.0020598007  
  476  0.061599916  0.00040994679  -0.002044537  
  477  0.06163444  0.00040506515  -0.0020284749  
  478  0.061666688  0.00040028195  -0.0020116343  
  479  0.061696557  0.00039559969  -0.001994035  
  480  0.061723947  0.00039101989  -0.0019756972  
  481  0.061748755  0.00038654508  -0.0019566407  
  482  0.06177088  0.00038217677  -0.0019368854  
  483  0.06179022  0.00037791547  -0.0019164512  
  484  0.061806674  0.00037376472  -0.0018953582  
  485  0.061820141  0.00036972602  -0.0018736263  
  486  0.061830519  0.00036580089  -0.0018512753  
  487  0.061837705  0.00036199086  -0.0018283253  
  488  0.0618416  0.00035829844  -0.0018047962  
  489  0.0618421  0.00035472514  -0.0017807079  
  490  0.061839106  0.00035127249  -0.0017560803  
  491  0.061832513  0.00034794301  -0.0017309334  
  492  0.061822223  0.0003447412  -0.0017052872  
  493  0.061808132  0.0003416646  -0.0016791615  
  494  0.061790141  0.00033871472  -0.0016525763  
  495  0.061768146  0.00033589307  -0.0016255516  
  496  0.061742047  0.00033320118  -0.0015981072  
  497  0.061711742  0.00033065056  -0.0015702632  
  498  0.06167713  0.00032823273  -0.0015420394  
  499  0.061638108  0.0003259592  -0.0015134559  
  500  0.061594576  0.00032382151  -0.0014845324  
  501  0.061546432  0.00032182116  -0.0014552891  
  502  0.061493575  0.00031996968  -0.0014257457  
  503  0.061435903  0.00031825857  -0.0013959223  
  504  0.061373315  0.00031670937  -0.0013658388  
  505  0.061305732  0.00031529324  -0.0013355146  
  506  0.061233169  0.00031403002  -0.0013049671  
  507  0.061155666  0.0003129292  -0.001274213  
  508  0.06107326  0.00031196026  -0.0012432693  
  509  0.060985988  0.00031115269  -0.0012121527  
  510  0.060893891  0.00031049599  -0.00118088  
  511  0.060797007  0.00030997964  -0.0011494682  
  512  0.060695373  0.00030962313  -0.0011179339  
  513  0.060589028  0.00030940596  -0.0010862941  
  514  0.060478011  0.0003093476  -0.0010545656  
  515  0.06036236  0.00030942755  -0.0010227652  
  516  0.060242113  0.0003096653  -0.00099090967  
  517  0.060117308  0.00031005034  -0.0009590159  
  518  0.059987984  0.00031059216  -0.00092710071  
  519  0.05985418  0.00031127024  -0.00089518092  
  520  0.059715935  0.00031211407  -0.00086327336  
  521  0.059573285  0.00031309315  -0.00083139485  
  522  0.05942627  0.00031423697  -0.00079956222  
  523  0.059274928  0.00031552501  -0.0007677923  
  524  0.059119298  0.00031695675  -0.00073610191  
  525  0.058959419  0.0003185417  -0.00070450789  
  526  0.058795327  0.00032027934  -0.00067302705  
  527  0.058627063  0.00032216916  -0.00064167622  
  528  0.058454665  0.00032421065  -0.00061047223  
  529  0.05827817  0.0003264033  -0.00057943191  
  530  0.058097619  0.00032874659  -0.00054857208  
  531  0.057913048  0.00033125002  -0.00051790956  
  532  0.057724497  0.00033389307  -0.0004874612  
  533  0.057532003  0.00033669524  -0.00045724381  
  534  0.057335607  0.00033964601  -0.00042727421  
  535  0.057135347  0.00034275488  -0.00039756924  
  536  0.05693126  0.00034601133  -0.00036814572  
  537  0.056723385  0.00034942484  -0.00033902048  
  538  0.056511762  0.00035298492  -0.00031021035  
  539  0.056296427  0.00035670105  -0.00028173214  
  540  0.056077426  0.00036058272  -0.0002536027  
  541  0.055854784  0.00036460941  -0.00022583884  
  542  0.055628547  0.00036879063  -0.00019845738  
  543  0.055398765  0.00037313585  -0.00017147517  
  544  0.055165464  0.00037763433  -0.00014490715  
  545  0.054928738  0.00038228438  -0.00011876081  
  546  0.054688692  0.00038708409  -9.304175e-05  
  547  0.054445408  0.00039204153  -6.7755593e-05  
  548  0.054198979  0.00039715479  -4.290795e-05  
  549  0.05394951  0.00040242194  -1.850443e-05  
  550  0.053697083  0.00040783107  5.4493532e-06  
  551  0.053441793  0.00041340024  2.8947788e-05  
  552  0.053183741  0.00041910755  5.1985262e-05  
  553  0.052923023  0.00042497108  7.4556163e-05  
  554  0.05265972  0.00043097889  9.6654879e-05  
  555  0.052393937  0.00043713908  0.0001182758  
  556  0.052125767  0.00044343971  0.00013941331  
  557  0.051855303  0.00044988888  0.0001600618  
  558  0.051582639  0.00045647466  0.00018021565  
  559  0.051307868  0.00046321513  0.00019986926  
  560  0.051031083  0.00047008836  0.00021901701  
  561  0.050752389  0.00047711245  0.0002376533  
  562  0.050471867  0.00048427547  0.0002557725  
  563  0.050189612  0.00049158549  0.000273369  
  564  0.049905728  0.0004990306  0.0002904372  
  565  0.049620296  0.00050661888  0.00030697149  
  566  0.049333422  0.00051434841  0.00032296624  
  567  0.049045198  0.00052221726  0.00033841585  
  568  0.048755707  0.00053022352  0.0003533147  
  569  0.048465064  0.00053837527  0.00036765719  
  570  0.048173351  0.00054666058  0.0003814377  
  571  0.047880662  0.00055508754  0.00039465062  
  572  0.04758709  0.00056364422  0.00040729033  
  573  0.047292738  0.00057234871  0.00041935123  
  574  0.046997691  0.00058117909  0.0004308277  
  575  0.046702041  0.00059016342  0.00044171413  
  576  0.046405902  0.0005992698  0.00045200492  
  577  0.046109347  0.00060852631  0.00046169443  
  578  0.045812479  0.00061791101  0.00047077707  
  579  0.045515403  0.000627432  0.00047924723  
  580  0.045218191  0.00063709735  0.00048709928  
  581  0.044920956  0.00064689515  0.00049432762  
  582  0.044623793  0.00065683346  0.00050092664  
  583  0.044326771  0.00066691036  0.00050689259  
  584  0.044029995  0.00067712386  0.00051222923  
  585  0.043733527  0.00068747196  0.00051694217  
  586  0.04343743  0.00069796264  0.00052103705  
  587  0.043141793  0.00070859392  0.00052451947  
  588  0.042846681  0.00071935378  0.00052739507  
  589  0.042552163  0.00073026023  0.00052966947  
  590  0.042258323  0.00074130125  0.00053134828  
  591  0.041965231  0.00075248486  0.00053243713  
  592  0.04167296  0.00076380904  0.00053294165  
  593  0.041381572  0.00077527179  0.00053286745  
  594  0.041091157  0.00078688111  0.00053222015  
  595  0.040801789  0.00079862499  0.00053100538  
  596  0.040513528  0.00081052144  0.00052922876  
  597  0.040226447  0.00082254845  0.00052689591  
  598  0.039940637  0.00083473401  0.00052401245  
  599  0.03965616  0.00084705613  0.00052058401  
  600  0.039373088  0.0008595228  0.00051661621  
  601  0.039091503  0.00087213202  0.00051211467  
  602  0.038811466  0.00088490178  0.000507085  
  603  0.03853307  0.00089781009  0.00050153285  
  604  0.038256365  0.00091087493  0.00049546381  
  605  0.037981445  0.00092408431  0.00048888353  
  606  0.03770837  0.00093745623  0.00048179761  
  607  0.037437232  0.00095096867  0.00047421169  
  608  0.037168083  0.00096464964  0.00046613137  
  609  0.036901006  0.00097847714  0.0004575623  
  610  0.036636081  0.00099246916  0.00044851008  
  611  0.03637338  0.0010066237  0.00043898034  
  612  0.036112966  0.0010209388  0.0004289787  
  613  0.03585493  0.0010354223  0.00041851079  
  614  0.035599334  0.0010500624  0.00040758222  
  615  0.03534626  0.001064877  0.00039619861  
  616  0.035095779  0.0010798541  0.0003843656  
  617  0.034847973  0.0010950117  0.0003720888  
  618  0.034602904  0.0011103377  0.00035937383  
  619  0.034360644  0.0011258403  0.00034622632  
  620  0.034121284  0.0011415274  0.00033265188  
  621  0.033884897  0.001157387  0.00031865614  
  622  0.033651534  0.0011734372  0.0003042456  
  623  0.03342123  0.001189677  0.00028943022  
  624  0.033194008  0.0012061054  0.00027422084  
  625  0.032969872  0.0012227315  0.00025862832  
  626  0.032748857  0.0012395543  0.00024266348  
  627  0.032530967  0.001256583  0.00022633718  
  628  0.032316225  0.0012738266  0.00020966026  
  629  0.032104636  0.0012912742  0.00019264355  
  630  0.031896244  0.0013089448  0.00017529791  
  631  0.031691043  0.0013268374  0.00015763416  
  632  0.031489067  0.0013449513  0.00013966317  
  633  0.03129032  0.0013633054  0.00012139576  
  634  0.031094826  0.0013818888  0.00010284279  
  635  0.03090261  0.0014007206  8.401509e-05  
  636  0.030713686  0.0014197999  6.4923506e-05  
  637  0.030528067  0.0014391256  4.5578881e-05  
  638  0.030345777  0.001458717  2.5992057e-05  
  639  0.030166832  0.0014785429  6.1738778e-06  
  640  0.029991254  0.0014987127  -1.3864816e-05  
  641  0.029819058  0.0015191152  -3.411318e-05  
  642  0.029650269  0.0015397495  -5.4560373e-05  
  643  0.029484899  0.0015607148  -7.5195552e-05  
  644  0.029322964  0.0015820101  -9.6007874e-05  
  645  0.029164497  0.0016035344  -0.0001169865  
  646  0.029009513  0.0016254869  -0.00013812058  
  647  0.028858025  0.0016476666  -0.00015939928  
  648  0.028710058  0.0016701726  -0.00018081175  
  649  0.028565625  0.0016930038  -0.00020234715  
  650  0.028424752  0.0017161595  -0.00022399464  
  651  0.028287461  0.0017396387  -0.00024574338  
  652  0.028153767  0.0017635404  -0.00026758252  
  653  0.028023685  0.0017877637  -0.00028950122  
  654  0.027897257  0.0018124078  -0.00031148864  
  655  0.027774479  0.0018373715  -0.00033353394  
  656  0.027655385  0.0018627541  -0.00035562627  
  657  0.027539998  0.0018885546  -0.00037775479  
  658  0.027428332  0.001914672  -0.00039990866  
  659  0.027320413  0.0019413054  -0.00042207703  
  660  0.027216263  0.001968354  -0.00044424907  
  661  0.027115888  0.0019957169  -0.00046641429  
  662  0.027019272  0.0020236945  -0.00048856363  
  663  0.026926388  0.0020519872  -0.0005106884  
  664  0.02683721  0.0020807955  -0.00053277989  
  665  0.026751702  0.0021101199  -0.00055482942  
  666  0.026669849  0.0021398609  -0.00057682828  
  667  0.026591614  0.0021702189  -0.00059876778  
  668  0.026516982  0.0022009944  -0.00062063921  
  669  0.026445877  0.002232388  -0.00064243389  
  670  0.026378433  0.0022643001  -0.00066414311  
  671  0.026314374  0.0022967312  -0.00068575818  
  672  0.026253864  0.0023297817  -0.0007072704  
  673  0.026196767  0.0023633522  -0.00072867107  
  674  0.026143147  0.0023975431  -0.0007499515  
  675  0.026092969  0.0024324549  -0.00077110299  
  676  0.026046097  0.0024678881  -0.00079211683  
  677  0.026002694  0.0025040432  -0.00081298434  
  678  0.025962525  0.0025408206  -0.00083369681  
  679  0.025925754  0.0025783209  -0.00085424555  
  680  0.025892245  0.0026164445  -0.00087462186  
  681  0.025861962  0.0026553919  -0.00089481705  
  682  0.025834969  0.0026949635  -0.00091482241  
  683  0.025811131  0.00273536  -0.00093462925  
  684  0.025790511  0.0027764817  -0.00095422887  
  685  0.025773073  0.0028184291  -0.00097361257  
  686  0.025758883  0.0028612028  -0.00099277166  
  687  0.025747703  0.0029048031  -0.0010116974  
  688  0.025739698  0.0029492306  -0.0010303812  
  689  0.025734732  0.0029944858  -0.0010488143  
  690  0.025732769  0.0030406691  -0.0010669879  
  691  0.025733974  0.003087781  -0.0010848935  
  692  0.025738109  0.0031358221  -0.0011025223  
  693  0.025745341  0.0031847927  -0.0011198655  
  694  0.025755531  0.0032347934  -0.0011369146  
  695  0.025768646  0.0032857246  -0.0011536608  
  696  0.025784748  0.0033377869  -0.0011700954  
  697  0.025803702  0.0033907807  -0.0011862097  
  698  0.025825673  0.0034449065  -0.001201995  
  699  0.025850423  0.0035001648  -0.0012174427  
  700  0.025878115  0.0035565562  -0.001232545  
  701  0.025908698  0.0036140819  -0.0012472989  
  702  0.025942019  0.0036727434  -0.0012617021  
  703  0.025978126  0.0037327419  -0.0012757526  
  704  0.026017065  0.0037938789  -0.0012894481  
  705  0.026058584  0.0038563558  -0.0013027866  
  706  0.026102929  0.0039200739  -0.0013157659  
  707  0.026149849  0.0039851346  -0.0013283839  
  708  0.026199388  0.0040516393  -0.0013406385  
  709  0.026251496  0.0041194894  -0.0013525275  
  710  0.026306218  0.0041887862  -0.0013640488  
  711  0.026363503  0.0042595311  -0.0013752002  
  712  0.026423296  0.0043318256  -0.0013859797  
  713  0.026485546  0.0044056709  -0.0013963851  
  714  0.026550198  0.0044810684  -0.0014064143  
  715  0.026617401  0.0045581197  -0.0014160651  
  716  0.0266869  0.0046368259  -0.0014253354  
  717  0.026758845  0.0047171885  -0.001434223  
  718  0.02683318  0.0047993089  -0.0014427259  
  719  0.026909854  0.0048831884  -0.0014508419  
  720  0.026988813  0.0049689285  -0.0014585688  
  721  0.027070105  0.0050565304  -0.0014659046  
  722  0.027153576  0.0051459957  -0.0014728471  
  723  0.027239374  0.0052375256  -0.0014793942  
  724  0.027327446  0.0053309216  -0.0014855437  
  725  0.027417638  0.0054264849  -0.0014912935  
  726  0.027510098  0.0055241171  -0.0014966415  
  727  0.027604774  0.0056238195  -0.0015015855  
  728  0.027701611  0.0057257934  -0.0015061235  
  729  0.027800557  0.0058300402  -0.0015102532  
  730  0.027901659  0.0059365613  -0.0015139725  
  731  0.028004964  0.0060454582  -0.0015172794  
  732  0.028110319  0.0061567321  -0.0015201716  
  733  0.028217872  0.0062705844  -0.0015226471  
  734  0.028327469  0.0063868166  -0.0015247037  
  735  0.028439157  0.0065057299  -0.0015263392  
  736  0.028552984  0.0066273259  -0.0015275516  
  737  0.028668796  0.0067516058  -0.0015283388  
  738  0.028786741  0.006878671  -0.0015286985  
  739  0.028906868  0.007008523  -0.0015286297  
  740  0.029028937  0.007141363  -0.0015281356  
  741  0.029153212  0.0072771924  -0.0015272204  
  742  0.029279655  0.0074160125  -0.0015258884  
  743  0.029408128  0.0075580248  -0.0015241438  
  744  0.029538795  0.0077032304  -0.0015219909  
  745  0.029671719  0.0078516308  -0.0015194339  
  746  0.029806761  0.0080035274  -0.001516477  
  747  0.029944086  0.0081587213  -0.0015131246  
  748  0.030083656  0.0083175141  -0.0015093807  
  749  0.030225533  0.008479907  -0.0015052497  
  750  0.030369681  0.0086459014  -0.0015007358  
  751  0.030516262  0.0088157986  -0.0014958433  
  752  0.030665139  0.0089895  -0.0014905764  
  753  0.030816475  0.0091671069  -0.0014849393  
  754  0.030970232  0.0093488206  -0.0014789363  
  755  0.031126474  0.0095346425  -0.0014725716  
  756  0.031285264  0.0097246739  -0.0014658495  
  757  0.031446663  0.0099191162  -0.0014587742  
  758  0.031610636  0.010117971  -0.0014513499  
  759  0.031777244  0.010321239  -0.0014435809  
  760  0.03194655  0.010529522  -0.0014354715  
  761  0.032118718  0.010741821  -0.0014270258  
  762  0.03229361  0.010960138  -0.0014182482  
  763  0.032471389  0.011182474  -0.0014091428  
  764  0.032652118  0.01141083  -0.0013997139  
  765  0.032835859  0.011643207  -0.0013899658  
  766  0.033022676  0.011882608  -0.0013799026  
  767  0.033212531  0.012126033  -0.0013695287  
  768  0.033405586  0.012375483  -0.0013588483  
  769  0.033601906  0.012630961  -0.0013478655  
  770  0.033801552  0.012892466  -0.0013365847  
  771  0.034004587  0.013160002  -0.0013250102  
  772  0.034211175  0.013433568  -0.001313146  
  773  0.034421277  0.013713167  -0.0013009966  
  774  0.034635058  0.0139988  -0.001288566  
  775  0.034852678  0.014292467  -0.0012758587  
  776  0.035074003  0.014592171  -0.0012628787  
  777  0.035298993  0.014898913  -0.0012496304  
  778  0.035528918  0.015212693  -0.0012361185  
  779  0.035762366  0.015533513  -0.0012223494  
  780  0.036000331  0.015862374  -0.0012083303  
  781  0.036242807  0.016198275  -0.0011940681  
  782  0.036488789  0.016543217  -0.0011795697  
  783  0.03674127  0.016895201  -0.0011648424  
  784  0.036997244  0.017255228  -0.0011498929  
  785  0.037258706  0.017624297  -0.0011347284  
  786  0.03752565  0.01800241  -0.0011193558  
  787  0.03779807  0.018388568  -0.0011037822  
  788  0.038075959  0.018783769  -0.0010880145  
  789  0.038359313  0.019189017  -0.0010720597  
  790  0.038649125  0.019602309  -0.001055925  
  791  0.038944388  0.020026649  -0.0010396172  
  792  0.039246098  0.020461035  -0.0010231434  
  793  0.039555249  0.020904468  -0.0010065105  
  794  0.039869833  0.02135895  -0.0009897257  
  795  0.040191847  0.02182448  -0.00097279585  
  796  0.040521282  0.022301059  -0.000955728  
  797  0.040858135  0.022788688  -0.00093852916  
  798  0.041201398  0.023287367  -0.00092120632  
  799  0.041554066  0.023799097  -0.00090376651  
  800  0.041914133  0.024321878  -0.00088621672  
  801  0.042282593  0.024856711  -0.00086856395  
  802  0.04265944  0.025405597  -0.00085081522  
  803  0.043044669  0.025966535  -0.00083297754  
  804  0.043439272  0.026540528  -0.0008150579  
  805  0.043843245  0.027128574  -0.00079706331  
  806  0.044257582  0.027730675  -0.00077900078  
  807  0.044681276  0.028347832  -0.00076087732  
  808  0.045115321  0.028979044  -0.00074269992  
  809  0.045559713  0.029625313  -0.00072447561  
  810  0.046014444  0.030286638  -0.00070621137  
  811  0.046481509  0.030964021  -0.00068791422  
  812  0.046959902  0.031658462  -0.00066959117  
  813  0.047449617  0.032368962  -0.00065124922  
  814  0.047951649  0.033096521  -0.00063289537  
  815  0.04846599  0.03384114  -0.00061453664  
  816  0.048993636  0.034603819  -0.00059618002  
  817  0.049535585  0.035384559  -0.00057783227  
  818  0.050089852  0.036185359  -0.00055949912  
  819  0.050658459  0.037004219  -0.00054118604  
  820  0.051242425  0.037843139  -0.00052289852  
  821  0.05184177  0.038702119  -0.00050464203  
  822  0.052455515  0.039582157  -0.00048642204  
  823  0.053085681  0.040484253  -0.00046824403  
  824  0.053732287  0.041407408  -0.00045011349  
  825  0.054396355  0.042352621  -0.00043203587  
  826  0.055077903  0.04332089  -0.00041401667  
  827  0.055777953  0.044313217  -0.00039606135  
  828  0.056495524  0.0453286  -0.0003781754  
  829  0.057233638  0.046370039  -0.00036036429  
  830  0.057990314  0.047435534  -0.00034263349  
  831  0.058767573  0.048528085  -0.00032498849  
  832  0.059566435  0.04964669  -0.00030743476  
  833  0.06038592  0.05079235  -0.00028997777  
  834  0.061229049  0.051967064  -0.000272623  
  835  0.062093842  0.053169832  -0.00025537593  
  836  0.062982319  0.054401653  -0.00023824204  
  837  0.063895501  0.055663527  -0.00022122679  
  838  0.064834407  0.056957453  -0.00020433568  
  839  0.065798059  0.058282432  -0.00018757417  
  840  0.066788476  0.059640462  -0.00017094773  
  841  0.067805679  0.061031544  -0.00015446186  
  842  0.068851688  0.062456677  -0.00013812202  
  843  0.069925523  0.063917861  -0.00012193368  
  844  0.071030205  0.065414094  -0.00010590233  
  845  0.072164754  0.066947378  -9.0033448e-05  
  846  0.073331191  0.06851971  -7.4332501e-05  
  847  0.074530535  0.070130092  -5.8804968e-05  
  848  0.075761807  0.071780523  -4.3456326e-05  
  849  0.077029027  0.073471001  -2.8292051e-05  
  850  0.078330216  0.075204528  -1.3317621e-05  
  851  0.079668393  0.076981102  1.4614896e-06  
  852  0.08104358  0.078801722  1.6039803e-05  
  853  0.082457796  0.08066739  3.0411844e-05  
  854  0.083911062  0.082580104  4.4572135e-05  
  855  0.085404398  0.084540863  5.8515201e-05  
  856  0.086940826  0.086549668  7.223624e-05  
  857  0.088519373  0.088609517  8.5733159e-05  
  858  0.09014307  0.09072041  9.9004537e-05  
  859  0.091811944  0.092884346  0.00011204896  
  860  0.093528026  0.095102323  0.000124865  
  861  0.095291345  0.097376341  0.00013745124  
  862  0.09710593  0.099707398  0.00014980627  
  863  0.09897081  0.10209649  0.00016192867  
  864  0.10088801  0.10454763  0.00017381701  
  865  0.10285957  0.1070588  0.00018546988  
  866  0.10488751  0.10963001  0.00019688585  
  867  0.10697187  0.11227125  0.00020806352  
  868  0.10911566  0.11498252  0.00021900145  
  869  0.11131993  0.11775383  0.00022969824  
  870  0.1135857  0.12060517  0.00024015246  
  871  0.11591699  0.12351654  0.0002503627  
  872  0.11831385  0.12651794  0.00026032753  
  873  0.12078129  0.12957938  0.00027004553  
  874  0.12331535  0.13273083  0.00027951529  
  875  0.12591905  0.13595232  0.00028873539  
  876  0.12860244  0.13926383  0.00029770441  
  877  0.13135552  0.14265537  0.00030642093  
  878  0.13418834  0.14613693  0.00031488353  
  879  0.13711093  0.14970852  0.00032309079  
  880  0.14010331  0.15337013  0.0003310413  
  881  0.14318551  0.15712176  0.00033873363  
  882  0.14635756  0.16097341  0.00034616637  
  883  0.14961949  0.16492508  0.00035333809  
  884  0.15297133  0.16897676  0.00036024738  
  885  0.15642311  0.17312847  0.00036689281  
  886  0.15997486  0.17739019  0.00037327298  
  887  0.16361661  0.18176193  0.00037938646  
  888  0.16737838  0.18625368  0.00038523183  
  889  0.17123021  0.19085545  0.00039080767  
  890  0.17520213  0.19556723  0.00039611257  
  891  0.17928416  0.20041902  0.0004011451  
  892  0.18348633  0.20538082  0.00040590385  
  893  0.18780868  0.21048264  0.00041038739  
  894  0.19225123  0.21571446  0.00041459431  
  895  0.19682401  0.22107629  0.00041852384  
  896  0.20151704  0.22657813  0.00042217777  
  897  0.20636035  0.23222997  0.00042555857  
  898  0.21133395  0.23803182  0.00042866867  
  899  0.21644787  0.24397367  0.00043151054  
  900  0.22171213  0.25007553  0.00043408661  
  901  0.22712674  0.25634739  0.00043639935  
  902  0.23269173  0.26276925  0.00043845119  
  903  0.23841712  0.26937111  0.0004402446  
  904  0.24431294  0.27613297  0.00044178201  
  905  0.25036919  0.28308483  0.00044306589  
  906  0.25660591  0.29021669  0.00044409868  
  907  0.26302311  0.29752855  0.00044488282  
  908  0.26962082  0.3050404  0.00044542078  
  909  0.27640905  0.31275225  0.000445715  
  910  0.28338783  0.3206641  0.00044576794  
  911  0.29057717  0.32878593  0.00044558203  
  912  0.29796711  0.33711777  0.00044515974  
  913  0.30556765  0.34567959  0.00044450351  
  914  0.31338883  0.3544614  0.00044361579  
  915  0.32144066  0.36348321  0.00044249903  
  916  0.32971316  0.372735  0.00044115569  
  917  0.33823635  0.38223678  0.0004395882  
  918  0.34700026  0.39199855  0.00043779903  
  919  0.3560149  0.40201031  0.00043579063  
  920  0.3653003  0.41230205  0.00043356544  
  921  0.37484648  0.42285378  0.00043112591  
  922  0.38466346  0.43369549  0.00042847449  
  923  0.39477126  0.44482718  0.00042561364  
  924  0.4051699  0.45625886  0.0004225458  
  925  0.4158794  0.46800052  0.00041927343  
  926  0.42688978  0.48005216  0.00041579897  
  927  0.43822107  0.49242377  0.00041212487  
  928  0.44988328  0.50513537  0.00040825359  
  929  0.46187644  0.51818695  0.00040418757  
  930  0.47423056  0.5315885  0.00039992927  
  931  0.48693567  0.54535002  0.00039548114  
  932  0.5000118  0.55948153  0.00039084561  
  933  0.51346895  0.574003  0.00038602516  
  934  0.52732714  0.58891445  0.0003810225  
  935  0.5415764  0.60423588  0.00037584151  
  936  0.55624671  0.61995727  0.00037048635  
  937  0.57134809  0.63611864  0.00036496116  
  938  0.58689053  0.65271998  0.00035927011  
  939  0.60288405  0.66976129  0.00035341733  
  940  0.61934864  0.68727258  0.000347407  
  941  0.63629432  0.70526383  0.00034124325  
  942  0.65374107  0.72374506  0.00033493026  
  943  0.67169892  0.74273625  0.00032847216  
  944  0.69017787  0.76223742  0.00032187311  
  945  0.70920791  0.78227855  0.00031513727  
  946  0.72878905  0.80285965  0.00030826879  
  947  0.7489513  0.82401073  0.00030127183  
  948  0.76970466  0.84574177  0.00029415053  
  949  0.79106913  0.86807278  0.00028690906  
  950  0.81306473  0.89101375  0.00027955156  
  951  0.83571145  0.9145947  0.00027208219  
  952  0.85902929  0.93881561  0.0002645051  
  953  0.88303827  0.96370649  0.00025682445  
  954  0.90774839  0.98928733  0.00024904439  
  955  0.93318965  1.0155681  0.00024116908  
  956  0.95939205  1.0425689  0.00023320266  
  957  0.9863756  1.0703697  0.00022514929  
  958  1.0141303  1.0988704  0.00021701313  
  959  1.0427562  1.128171  0.00020879833  
  960  1.0721832  1.1583717  0.00020050904  
  961  1.1025114  1.1893723  0.00019214942  
  962  1.1337408  1.2211728  0.00018372361  
  963  1.1659713  1.2538734  0.00017523579  
  964  1.199103  1.2874738  0.00016669009  
  965  1.2331359  1.3220743  0.00015809067  
  966  1.26827  1.3576747  0.00014944168  
  967  1.3045053  1.3941751  0.00014074729  
  968  1.3417418  1.4317754  0.00013201164  
  969  1.3800795  1.4703757  0.00012323888  
  970  1.4196184  1.510076  0.00011443318  
  971  1.4603584  1.5508762  0.00010559868  
  972  1.5022998  1.5927764  9.6739535e-05  
  973  1.5455423  1.6359765  8.7859764e-05  
  974  1.589986  1.6802766  7.8962819e-05  
  975  1.635831  1.7258767  7.0052015e-05  
  976  1.6830771  1.7727767  6.1130666e-05  
  977  1.7317244  1.8209767  5.2202087e-05  
  978  1.7818729  1.8705766  4.3269593e-05  
  979  1.8335225  1.9214765  3.4336498e-05  
  980  1.8866733  1.9739764  2.5406117e-05  
  981  1.9415252  2.0278762  1.6481764e-05  
  982  1.9979782  2.083276  7.5667541e-06  
  983  2.0561324  2.1402758  -1.3355982e-06  
  984  2.1160876  2.1988755  -1.0221978e-05  
  985  2.177844  2.2591752  -1.9089072e-05  
  986  2.2415014  2.3211748  -2.7933563e-05  
  987  2.3070599  2.3849744  -3.6752139e-05  
  988  2.3746195  2.450574  -4.5541485e-05  
  989  2.4442802  2.5180735  -5.4298285e-05  
  990  2.5160418  2.587473  -6.3019225e-05  
  991  2.5900046  2.6588725  -7.1700991e-05  
  992  2.6662683  2.7322719  -8.0340267e-05  
  993  2.7447331  2.8078713  -8.893374e-05  
  994  2.8256988  2.8855707  -9.7478095e-05  
  995  2.9091656  2.96547  -0.00010597002  
  996  2.9951333  3.0477693  -0.00011440619  
  997  3.0838021  3.1323685  -0.0001227833  
  998  3.1751718  3.2193678  -0.00013109804  
  999  3.2693424  3.308967  -0.00013934708  
 1000  3.366414  3.4010661  -0.00014752712  
 1001  3.4664865  3.4958652  -0.00015563484  
 1002  3.5696599  3.5933643  -0.00016366692  
 1003  3.6759343  3.6937634  -0.00017162006  
 1004  3.7856096  3.7970624  -0.00017949093  
 1005  3.8985857  3.9032614  -0.00018727622  
 1006  4.0151627  4.0126604  -0.00019497261  
 1007  4.1352406  4.1251593  -0.0002025768  
 1008  4.2591194  4.2409582  -0.00021008547  
 1009  4.386799  4.3601571  -0.00021749529  
 1010  4.5184795  4.482756  -0.00022480297  
 1011  4.6542608  4.6090548  -0.00023200518  
 1012  4.7942429  4.7389536  -0.000239099  
 1013  4.9386258  4.8726523  -0.00024608305  
 1014  5.0875096  5.0102511  -0.00025295635  
 1015  5.240994  5.1518498  -0.00025971793  
 1016  5.3993793  5.2976484  -0.00026636678  
 1017  5.5626653  5.4477471  -0.00027290194  
 1018  5.730952  5.6021457  -0.00027932242  
 1019  5.9046394  5.7611443  -0.00028562722  
 1020  6.0837276  5.9248429  -0.00029181538  
 1021  6.2685164  6.0933414  -0.00029788591  
 1022  6.4590059  6.26684  -0.00030383782  
 1023  6.655496  6.4454385  -0.00030967012  
 1024  6.8582868  6.629237  -0.00031538185  
 1025  7.0673781  6.8185354  -0.000320972  
 1026  7.2830701  7.0134339  -0.0003264396  
 1027  7.5055627  7.2140323  -0.00033178367  
 1028  7.7350559  7.4206307  -0.00033700322  
 1029  7.9718496  7.6333291  -0.00034209727  
 1030  8.2161438  7.8524274  -0.00034706483  
 1031  8.4682386  8.0779258  -0.00035190492  
 1032  8.7282338  8.3101241  -0.00035661656  
 1033  8.9965296  8.5493224  -0.00036119876  
 1034  9.2733259  8.7956207  -0.00036565054  
 1035  9.5589226  9.049219  -0.00036997092  
 1036  9.8536197  9.3104173  -0.00037415891  
 1037  10.158217  9.5794156  -0.00037821353  
 1038  10.471215  9.8564138  -0.0003821338  
 1039  10.795214  10.142212  -0.00038591872  
 1040  11.129213  10.43521  -0.00038956733  
 1041  11.474212  10.738208  -0.00039307862  
 1042  11.830211  11.050207  -0.00039645163  
 1043  12.197211  11.371205  -0.00039968537  
 1044  12.576211  11.702203  -0.00040277885  
 1045  12.968212  12.043201  -0.00040573109  
 1046  13.371212  12.394199  -0.00040854111  
 1047  13.788214  12.755198  -0.00041120792  
 1048  14.218215  13.128196  -0.00041373054  
 1049  14.662216  13.511194  -0.00041610799  
 1050  15.121218  13.907192  -0.00041833927  
 1051  15.59422  14.31419  -0.00042042379  
 1052  16.082222  14.734188  -0.00042236243  
 1053  16.587225  15.166186  -0.00042415644  
 1054  17.107227  15.612184  -0.00042580708  
 1055  17.64523  16.071183  -0.00042731561  
 1056  18.199233  16.543181  -0.00042868329  
 1057  18.772236  17.031179  -0.00042991137  
 1058  19.364239  17.533177  -0.00043100111  
 1059  19.974242  18.050175  -0.00043195378  
 1060  20.605246  18.584173  -0.00043277062  
 1061  21.256249  19.133171  -0.0004334529  
 1062  21.928253  19.700169  -0.00043400187  
 1063  22.622256  20.283168  -0.00043441879  
 1064  23.33926  20.885166  -0.00043470492  
 1065  24.080264  21.505164  -0.00043486152  
 1066  24.844267  22.144162  -0.00043488984  
 1067  25.634271  22.80216  -0.00043479114  
 1068  26.449275  23.481158  -0.00043456668  
 1069  27.291279  24.181156  -0.00043421771  
 1070  28.161283  24.902154  -0.0004337455  
 1071  29.060286  25.645153  -0.00043315131  
 1072  29.98729  26.412151  -0.00043243638  
 1073  30.946294  27.202149  -0.00043160198  
 1074  31.936297  28.016147  -0.00043064937  
 1075  32.959301  28.856145  -0.0004295798  
 1076  34.015304  29.721144  -0.00042839453  
 1077  35.107308  30.614142  -0.00042709481  
 1078  36.234311  31.53414  -0.00042568192  
 1079  37.399314  32.482138  -0.00042415709  
 1080  38.602317  33.460136  -0.0004225216  
 1081  39.84632  34.468135  -0.0004207767  
 1082  41.130323  35.508133  -0.00041892364  
 1083  42.457325  36.580131  -0.00041696369  
 1084  43.829327  37.68613  -0.0004148981  
 1085  45.24633  38.826128  -0.00041272813  
 1086  46.710331  40.001126  -0.00041045504  
 1087  48.223333  41.214125  -0.00040808008  
 1088  49.786335  42.464123  -0.00040560452  
 1089  51.402336  43.753121  -0.00040302961  
 1090  53.071337  45.08312  -0.00040035677  
 1091  54.796338  46.454118  -0.00039758809  
 1092  56.580338  47.869117  -0.00039472584  
 1093  58.423339  49.328115  -0.00039177227  
 1094  60.327339  50.833113  -0.00038872964  
 1095  62.296338  52.385112  -0.00038560021  
 1096  64.331338  53.98611  -0.00038238623  
 1097  66.434337  55.637109  -0.00037908997  
 1098  68.608336  57.340107  -0.00037571367  
 1099  70.855334  59.098106  -0.00037225961  
 1100  73.178333  60.911105  -0.00036873002  
 1101  75.579331  62.781103  -0.00036512718  
 1102  78.062329  64.710102  -0.00036145335  
 1103  80.628326  66.700101  -0.00035771077  
 1104  83.281323  68.754099  -0.00035390171  
 1105  86.02432  70.873098  -0.00035002842  
 1106  88.860317  73.059097  -0.00034609316  
 1107  91.792313  75.314095  -0.0003420982  
 1108  94.824309  77.642094  -0.00033804578  
 1109  97.959304  80.043093  -0.00033393817  
 1110  101.1963  82.521092  -0.00032977762  
 1111  104.55629  85.07809  -0.00032556639  
 1112  108.01629  87.717089  -0.00032130674  
 1113  111.60628  90.440088  -0.00031700093  
 1114  115.30628  93.250087  -0.00031265121  
 1115  119.13627  96.150086  -0.00030825984  
 1116  123.10626  99.143085  -0.00030382908  
 1117  127.20626  102.23008  -0.00029936119  
 1118  131.44625  105.42008  -0.00029485843  
 1119  135.82624  108.71008  -0.00029032304  
 1120  140.36623  112.11008  -0.0002857573  
 1121  145.05623  115.61008  -0.00028116346  
 1122  149.90622  119.23008  -0.00027654377  
 1123  154.92621  122.96008  -0.0002719005  
 1124  160.1162  126.82008  -0.0002672359  
 1125  165.48619  130.80008  -0.00026255223  
 1126  171.04618  134.91008  -0.00025785174  
 1127  176.79617  139.15007  -0.0002531367  
 1128  182.74616  143.53007  -0.00024840936  
 1129  188.89615  148.05007  -0.00024367191  
 1130  195.25613  152.72007  -0.00023892623  
 1131  201.84612  157.54007  -0.00023417411  
 1132  208.65611  162.51007  -0.00022941737  
 1133  215.7061  167.65007  -0.00022465782  
 1134  223.00608  172.95007  -0.00021989725  
 1135  230.54607  178.43007  -0.00021513747  
 1136  238.35605  184.08007  -0.0002103803  
 1137  246.44604  189.92007  -0.00020562752  
 1138  254.80603  195.95007  -0.00020088096  
 1139  263.46601  202.18007  -0.00019614241  
 1140  272.416  208.61007  -0.00019141369  
 1141  281.68598  215.25007  -0.00018669659  
 1142  291.28596  222.11007  -0.00018199292  
 1143  301.21595  229.19007  -0.00017730448  
 1144  311.48593  236.51007  -0.00017263309  
 1145  322.12591  244.07006  -0.00016798055  
 1146  333.1359  251.87006  -0.00016334866  
 1147  344.53588  259.93006  -0.00015873923  
 1148  356.33586  268.26006  -0.00015415406  
 1149  368.54584  276.86006  -0.00014959496  
 1150  381.18582  285.75006  -0.00014506374  
 1151  394.27581  294.92006  -0.0001405622  
 1152  407.82579  304.41006  -0.00013609215  
 1153  421.84577  314.20006  -0.00013165538  
 1154  436.37575  324.32006  -0.00012725371  
 1155  451.40573  334.77006  -0.00012288895  
 1156  466.97571  345.57006  -0.00011856289  
 1157  483.08569  356.73006  -0.00011427735  
 1158  499.77567  368.26006  -0.00011003413  
 1159  517.05564  380.17006  -0.00010583502  
 1160  534.95562  392.48006  -0.00010168185  
 1161  553.4856  405.20006  -9.7576419e-05  
 1162  572.66558  418.34006  -9.3520524e-05  
 1163  592.53556  431.92006  -8.9515975e-05  
 1164  613.11554  445.95006  -8.5564578e-05  
 1165  634.42551  460.45006  -8.1668137e-05  
 1166  656.49549  475.44006  -7.782846e-05  
 1167  679.35547  490.92006  -7.404735e-05  
 1168  703.02544  506.93006  -7.0326396e-05  
 1169  727.55542  523.47006  -6.6666316e-05  
 1170  752.9454  540.56006  -6.3067613e-05  
 1171  779.25537  558.23006  -5.9530786e-05  
 1172  806.50535  576.49006  -5.6056338e-05  
 1173  834.73532  595.37006  -5.2644768e-05  
 1174  863.9753  614.88006  -4.929658e-05  
 1175  894.27527  635.05006  -4.6012272e-05  
 1176  925.65525  655.90007  -4.2792348e-05  
 1177  958.16523  677.45007  -3.9637307e-05  
 1178  991.8452  699.73007  -3.6547652e-05  
 1179  1026.7052  722.76007  -3.3523883e-05  
 1180  1062.9051  746.57007  -3.0566502e-05  
 1181  1100.4051  771.18007  -2.7676009e-05  
 1182  1139.2051  796.63007  -2.4852906e-05  
 1183  1179.4051  822.94007  -2.2097694e-05  
 1184  1221.105  850.14007  -1.9410874e-05  
 1185  1264.205  878.27007  -1.6792948e-05  
 1186  1309.005  907.35007  -1.4244416e-05  
 1187  1355.405  937.42007  -1.176578e-05  
 1188  1403.4049  968.51007  -9.3575412e-06  
 1189  1453.2049  1000.7001  -7.0202001e-06  
 1190  1504.8049  1033.9001  -4.7542584e-06  
 1191  1558.3049  1068.3001  -2.5602171e-06  
 1192  1613.8048  1103.8001  -4.3857737e-07  
 1193  1671.2048  1140.6001  1.6101595e-06  
 1194  1730.8048  1178.6001  3.5854925e-06  
 1195  1792.5048  1218.0001  5.4869203e-06  
 1196  1856.5047  1258.6001  7.3139417e-06  
 1197  1922.9047  1300.7001  9.0660557e-06  
 1198  1991.6047  1344.2001  1.0742761e-05  
 1199  2062.9046  1389.2001  1.2343556e-05  
 1200  2136.8046  1435.8001  1.3867941e-05  
 1201  2213.4046  1483.9001  1.5315413e-05  
 1202  2292.8046  1533.8001  1.6685472e-05  
 1203  2375.2045  1585.3001  1.7977616e-05  
 1204  2460.5045  1638.6001  1.9191345e-05  
 1205  2549.0045  1693.7001  2.0326156e-05  
 1206  2640.8045  1750.8001  2.138155e-05  
 1207  2736.0044  1809.8001  2.2357232e-05  
 1208  2834.6044  1870.8001  2.3253744e-05  
 1209  2937.0044  1934.0001  2.4071834e-05  
 1210  3043.0044  1999.4001  2.4812251e-05  
 1211  3153.1043  2067.0001  2.5475743e-05  
 1212  3267.2043  2137.0001  2.606306e-05  
 1213  3385.5043  2209.3001  2.6574948e-05  
 1214  3508.2042  2284.3001  2.7012159e-05  
 1215  3635.5042  2361.8001  2.7375439e-05  
 1216  3767.5042  2442.0001  2.7665538e-05  
 1217  3904.4042  2525.0001  2.7883204e-05  
 1218  4046.4041  2610.9001  2.8029186e-05  
 1219  4193.6041  2699.8001  2.8104233e-05  
 1220  4346.4041  2791.8001  2.8109094e-05  
 1221  4504.9041  2887.0001  2.8044516e-05  
 1222  4669.204  2985.6001  2.7911249e-05  
 1223  4839.804  3087.6001  2.7710041e-05  
 1224  5016.704  3193.1001  2.7441641e-05  
 1225  5200.204  3302.4001  2.7106798e-05  
 1226  5390.6039  3415.5001  2.670626e-05  
 1227  5588.1039  3532.6001  2.6240776e-05  
 1228  5793.0039  3653.7001  2.5711094e-05  
 1229  6005.6039  3779.2001  2.5117964e-05  
 1230  6226.2038  3909.1001  2.4462134e-05  
 1231  6455.1038  4043.5001  2.3744352e-05  
 1232  6692.6038  4182.7001  2.2965368e-05  
 1233  6939.1038  4326.7001  2.2125929e-05  
 1234  7194.8037  4475.9001  2.1226785e-05  
 1235  7460.2037  4630.3001  2.0268685e-05  
 1236  7735.6037  4790.2001  1.9252376e-05  
 1237  8021.4037  4955.8001  1.8178607e-05  
 1238  8318.0037  5127.2001  1.7048128e-05  
 1239  8625.8036  5304.7001  1.5861687e-05  
 1240  8945.3036  5488.5001  1.4620032e-05  
 1241  9276.8036  5678.8001  1.3323913e-05  
 1242  9621.0036  5875.8001  1.1974077e-05  
 1243  9978.2035  6079.9001  1.0571274e-05  
 1244  10349.004  6291.2001  9.1162518e-06  
 1245  10734.003  6510.1001  7.6097595e-06  
 1246  11133.003  6736.8001  6.0526344e-06  
 1247  11548.003  6971.5001  4.4460687e-06  
 1248  11979.003  7214.6001  2.7913431e-06  
 1249  12425.003  7466.4001  1.0897385e-06  
 1250  12889.003  7727.2001  -6.5746433e-07  
 1251  13371.003  7997.3001  -2.4489845e-06  
 1252  13871.003  8277.1001  -4.2835411e-06  
 1253  14390.003  8567.0001  -6.1598534e-06  
 1254  14930.003  8867.2001  -8.0766406e-06  
 1255  15489.003  9178.2001  -1.0032622e-05  
 1256  16071.003  9500.3001  -1.2026516e-05  
 1257  16674.003  9834.1001  -1.4057043e-05  
 1258  17301.003  10180  -1.6122921e-05  
 1259  17952.003  10538  -1.822287e-05  
 1260  18627.003  10909  -2.0355608e-05  
 1261  19329.003  11294  -2.2519856e-05  
 1262  20058.003  11692  -2.4714332e-05  
 1263  20815.003  12105  -2.6937755e-05  
 1264  21601.003  12532  -2.9188845e-05  
 1265  22417.003  12975  -3.146632e-05  
 1266  23265.003  13434  -3.37689e-05  
 1267  24146.003  13910  -3.6095304e-05  
 1268  25061.003  14403  -3.8444252e-05  
 1269  26011.003  14914  -4.0814461e-05  
 1270  26999.003  15443  -4.3204652e-05  
 1271  28024.003  15992  -4.5613544e-05  
 1272  29089.003  16561  -4.8039855e-05  
 1273  30196.003  17150  -5.0482306e-05  
 1274  31345.003  17761  -5.2939614e-05  
 1275  32540.003  18394  -5.54105e-05  
 1276  33780.003  19050  -5.7893683e-05  
 1277  35070.003  19730  -6.0387881e-05  
 1278  36409.003  20435  -6.2891814e-05  
 1279  37801.003  21165  -6.54042e-05  
 1280  39247.003  21923  -6.792376e-05  
 1281  40749.003  22708  -7.0449213e-05  
 1282  42311.003  23522  -7.2979276e-05  
 1283  43933.003  24365  -7.5512671e-05  
 1284  45619.003  25240  -7.8048115e-05  
 1285  47371.003  26147  -8.0584368e-05  
 1286  49192.003  27087  -8.3120355e-05  
 1287  51084.003  28062  -8.5655038e-05  
 1288  53051.003  29072  -8.8187381e-05  
 1289  55095.003  30120  -9.0716348e-05  
 1290  57219.003  31206  -9.3240902e-05  
 1291  59427.003  32333  -9.5760008e-05  
 1292  61722.003  33501  -9.8272629e-05  
 1293  64108.003  34712  -0.00010077773  
 1294  66587.003  35968  -0.00010327427  
 1295  69165.003  37270  -0.00010576122  
 1296  71844.003  38621  -0.00010823754  
 1297  74630.003  40021  -0.00011070219  
 1298  77526.003  41474  -0.00011315414  
 1299  80536.003  42980  -0.00011559235  
 1300  83666.003  44543  -0.00011801578  
 1301  86920.003  46163  -0.00012042341  
 1302  90304.003  47844  -0.00012281418  
 1303  93821.003  49587  -0.00012518708  
 1304  97479.003  51395  -0.00012754105  
 1305  101280  53271  -0.00012987506  
 1306  105240  55217  -0.00013218808  
 1307  109350  57235  -0.00013447908  
 1308  113630  59329  -0.00013674701  
 1309  118070  61501  -0.00013899083  
 1310  122700  63754  -0.00014120952  
 1311  127510  66091  -0.00014340203  
 1312  132510  68516  -0.00014556734  
 1313  137710  71033  -0.00014770439  
 1314  143120  73643  -0.00014981217  
 1315  148750  76352  -0.00015188962  
 1316  154600  79162  -0.00015393572  
 1317  160690  82078  -0.00015594943  
 1318  167020  85104  -0.00015792971  
 1319  173610  88243  -0.00015987552  
 1320  180470  91501  -0.00016178584  
 1321  187590  94882  -0.00016365961  
 1322  195010  98391  -0.00016549582  
 1323  202730  102030  -0.00016729341  
 1324  210750  105810  -0.00016905151  
 1325  219100  109730  -0.00017076983  
 1326  227790  113800  -0.00017244822  
 1327  236830  118030  -0.00017408655  
 1328  246240  122410  -0.00017568469  
 1329  256030  126960  -0.0001772425  
 1330  266210  131690  -0.00017875983  
 1331  276810  136590  -0.00018023655  
 1332  287840  141680  -0.00018167252  
 1333  299310  146960  -0.00018306761  
 1334  311250  152450  -0.00018442168  
 1335  323680  158140  -0.00018573458  
 1336  336620  164050  -0.00018700619  
 1337  350080  170190  -0.00018823636  
 1338  364090  176560  -0.00018942496  
 1339  378670  183180  -0.00019057184  
 1340  393850  190040  -0.00019167688  
 1341  409650  197170  -0.00019273992  
 1342  426090  204580  -0.00019376085  
 1343  443210  212260  -0.00019473951  
 1344  461030  220250  -0.00019567577  
 1345  479580  228530  -0.00019656949  
 1346  498890  237140  -0.00019742054  
 1347  518990  246080  -0.00019822877  
 1348  539920  255360  -0.00019899405  
 1349  561710  265000  -0.00019971625  
 1350  584400  275010  -0.00020039521  
