2 1.4170e-06 1.3309e-05 4.1126e-07 0.6000
3 1.4171e-06 1.5939e-05 3.5564e-07 0.6000
4 1.4173e-06 1.1662e-05 3.3617e-07 0.6000
5 1.4175e-06 1.2466e-05 3.2889e-07 0.6000
6 1.4177e-06 1.0443e-05 3.2342e-07 0.6000
7 1.4180e-06 9.8983e-06 3.2137e-07 0.6000
8 1.4183e-06 9.1409e-06 3.1884e-07 0.6000
9 1.4187e-06 8.4971e-06 3.1813e-07 0.6000
10 1.4191e-06 8.4303e-06 3.1664e-07 0.6000
11 1.4196e-06 7.7068e-06 3.1440e-07 0.6000
12 1.4201e-06 7.3498e-06 3.1209e-07 0.6000
13 1.4206e-06 6.8513e-06 3.1012e-07 0.6000
14 1.4212e-06 6.6719e-06 3.0877e-07 0.6000
15 1.4218e-06 6.3965e-06 3.0815e-07 0.6000
16 1.4225e-06 6.3308e-06 3.0827e-07 0.6000
17 1.4232e-06 5.8686e-06 3.0904e-07 0.6000
18 1.4240e-06 5.6279e-06 3.1029e-07 0.6000
19 1.4248e-06 5.0965e-06 3.1174e-07 0.6000
20 1.4256e-06 5.0781e-06 3.1308e-07 0.6000
21 1.4265e-06 4.8434e-06 3.1401e-07 0.6000
22 1.4274e-06 4.6962e-06 3.1452e-07 0.6000
23 1.4284e-06 4.3847e-06 3.1469e-07 0.6000
24 1.4294e-06 4.4049e-06 3.1461e-07 0.6000
25 1.4304e-06 4.1573e-06 3.1433e-07 0.6000
26 1.4315e-06 4.0600e-06 3.1391e-07 0.6000
27 1.4326e-06 3.9721e-06 3.1342e-07 0.6000
28 1.4338e-06 3.8761e-06 3.1289e-07 0.6000
29 1.4350e-06 3.7642e-06 3.1238e-07 0.6000
30 1.4363e-06 3.7728e-06 3.1191e-07 0.6000
31 1.4376e-06 3.7818e-06 3.1153e-07 0.6000
32 1.4390e-06 3.7910e-06 3.1125e-07 0.6000
33 1.4404e-06 3.8006e-06 3.1105e-07 0.6000
34 1.4418e-06 3.8104e-06 3.1096e-07 0.6000
35 1.4433e-06 3.8206e-06 3.1094e-07 0.6000
36 1.4448e-06 3.8311e-06 3.1100e-07 0.6000
37 1.4464e-06 3.8420e-06 3.1112e-07 0.6000
38 1.4480e-06 3.8531e-06 3.1127e-07 0.6000
39 1.4496e-06 3.8646e-06 3.1143e-07 0.6000
40 1.4513e-06 3.8764e-06 3.1159e-07 0.6000
41 1.4531e-06 3.8886e-06 3.1170e-07 0.6000
42 1.4549e-06 3.9010e-06 3.1178e-07 0.6000
43 1.4567e-06 3.9139e-06 3.1184e-07 0.6000
44 1.4586e-06 3.9270e-06 3.1188e-07 0.6000
45 1.4605e-06 3.9405e-06 3.1191e-07 0.6000
46 1.4625e-06 3.9544e-06 3.1194e-07 0.6000
47 1.4645e-06 3.9686e-06 3.1196e-07 0.6000
48 1.4666e-06 3.9832e-06 3.1199e-07 0.6000
49 1.4687e-06 3.9981e-06 3.1203e-07 0.6000
50 1.4708e-06 4.0134e-06 3.1209e-07 0.6000
51 1.4730e-06 4.0290e-06 3.1215e-07 0.6000
52 1.4753e-06 4.0450e-06 3.1224e-07 0.6000
53 1.4776e-06 4.0614e-06 3.1233e-07 0.6000
54 1.4799e-06 4.0782e-06 3.1245e-07 0.6000
55 1.4823e-06 4.0953e-06 3.1258e-07 0.6000
56 1.4847e-06 4.1129e-06 3.1273e-07 0.6000
57 1.4872e-06 4.1308e-06 3.1288e-07 0.6000
58 1.4898e-06 4.1491e-06 3.1305e-07 0.6000
59 1.4923e-06 4.1678e-06 3.1323e-07 0.6000
60 1.4950e-06 4.1869e-06 3.1341e-07 0.6000
61 1.4976e-06 4.2065e-06 3.1360e-07 0.6000
62 1.5004e-06 4.2264e-06 3.1379e-07 0.6000
63 1.5031e-06 4.2468e-06 3.1398e-07 0.6000
64 1.5060e-06 4.2676e-06 3.1417e-07 0.6000
65 1.5088e-06 4.2888e-06 3.1438e-07 0.6000
66 1.5118e-06 4.3104e-06 3.1458e-07 0.6000
67 1.5147e-06 4.3325e-06 3.1480e-07 0.6000
68 1.5178e-06 4.3551e-06 3.1502e-07 0.6000
69 1.5208e-06 4.3781e-06 3.1525e-07 0.6000
70 1.5240e-06 4.4015e-06 3.1548e-07 0.6000
71 1.5271e-06 4.4254e-06 3.1572e-07 0.6000
72 1.5304e-06 4.4498e-06 3.1597e-07 0.6000
73 1.5337e-06 4.4746e-06 3.1622e-07 0.6000
74 1.5370e-06 4.5000e-06 3.1647e-07 0.6000
75 1.5404e-06 4.5258e-06 3.1674e-07 0.6000
76 1.5438e-06 4.5521e-06 3.1701e-07 0.6000
77 1.5473e-06 4.5789e-06 3.1728e-07 0.6000
78 1.5508e-06 4.6063e-06 3.1756e-07 0.6000
79 1.5544e-06 4.6341e-06 3.1784e-07 0.6000
80 1.5581e-06 4.6625e-06 3.1813e-07 0.6000
81 1.5618e-06 4.6914e-06 3.1841e-07 0.6000
82 1.5656e-06 4.7208e-06 3.1870e-07 0.6000
83 1.5694e-06 4.7508e-06 3.1900e-07 0.6000
84 1.5732e-06 4.7814e-06 3.1929e-07 0.6000
85 1.5772e-06 4.8125e-06 3.1959e-07 0.6000
86 1.5812e-06 4.8442e-06 3.1989e-07 0.6000
87 1.5852e-06 4.8764e-06 3.2020e-07 0.6000
88 1.5893e-06 4.9093e-06 3.2050e-07 0.6000
89 1.5934e-06 4.9427e-06 3.2081e-07 0.6000
90 1.5977e-06 4.9768e-06 3.2112e-07 0.6000
91 1.6019e-06 5.0115e-06 3.2143e-07 0.6000
92 1.6063e-06 5.0468e-06 3.2174e-07 0.6000
93 1.6106e-06 5.0827e-06 3.2205e-07 0.6000
94 1.6151e-06 5.1193e-06 3.2236e-07 0.6000
95 1.6196e-06 5.1565e-06 3.2267e-07 0.6000
96 1.6242e-06 5.1944e-06 3.2298e-07 0.6000
97 1.6288e-06 5.2330e-06 3.2329e-07 0.6000
98 1.6335e-06 5.2723e-06 3.2360e-07 0.6000
99 1.6382e-06 5.3123e-06 3.2391e-07 0.6000
100 1.6430e-06 5.3530e-06 3.2421e-07 0.6000
101 1.6479e-06 5.3944e-06 3.2452e-07 0.6000
102 1.6528e-06 5.4365e-06 3.2482e-07 0.6000
103 1.6578e-06 5.4794e-06 3.2511e-07 0.6000
104 1.6629e-06 5.5230e-06 3.2540e-07 0.6000
105 1.6680e-06 5.5675e-06 3.2570e-07 0.6000
106 1.6732e-06 5.6127e-06 3.2598e-07 0.6000
107 1.6785e-06 5.6587e-06 3.2627e-07 0.6000
108 1.6838e-06 5.7055e-06 3.2655e-07 0.6000
109 1.6892e-06 5.7532e-06 3.2684e-07 0.6000
110 1.6947e-06 5.8016e-06 3.2711e-07 0.6000
111 1.7002e-06 5.8510e-06 3.2739e-07 0.6000
112 1.7058e-06 5.9012e-06 3.2766e-07 0.6000
113 1.7114e-06 5.9523e-06 3.2793e-07 0.6000
114 1.7172e-06 6.0043e-06 3.2820e-07 0.6000
115 1.7230e-06 6.0572e-06 3.2847e-07 0.6000
116 1.7289e-06 6.1111e-06 3.2873e-07 0.6000
117 1.7348e-06 6.1659e-06 3.2898e-07 0.6000
118 1.7408e-06 6.2216e-06 3.2924e-07 0.6000
119 1.7469e-06 6.2784e-06 3.2948e-07 0.6000
120 1.7531e-06 6.3361e-06 3.2973e-07 0.6000
121 1.7593e-06 6.3949e-06 3.2996e-07 0.6000
122 1.7656e-06 6.4547e-06 3.3020e-07 0.6000
123 1.7720e-06 6.5155e-06 3.3042e-07 0.6000
124 1.7784e-06 6.5775e-06 3.3064e-07 0.6000
125 1.7850e-06 6.6405e-06 3.3085e-07 0.6000
126 1.7916e-06 6.7046e-06 3.3106e-07 0.6000
127 1.7983e-06 6.7699e-06 3.3125e-07 0.6000
128 1.8050e-06 6.8364e-06 3.3144e-07 0.6000
129 1.8119e-06 6.9040e-06 3.3162e-07 0.6000
130 1.8188e-06 6.9728e-06 3.3180e-07 0.6000
131 1.8258e-06 7.0428e-06 3.3197e-07 0.6000
132 1.8329e-06 7.1141e-06 3.3213e-07 0.6000
133 1.8400e-06 7.1867e-06 3.3229e-07 0.6000
134 1.8473e-06 7.2605e-06 3.3243e-07 0.6000
135 1.8546e-06 7.3357e-06 3.3258e-07 0.6000
136 1.8620e-06 7.4122e-06 3.3271e-07 0.6000
137 1.8695e-06 7.4901e-06 3.3284e-07 0.6000
138 1.8771e-06 7.5694e-06 3.3297e-07 0.6000
139 1.8848e-06 7.6501e-06 3.3309e-07 0.6000
140 1.8925e-06 7.7322e-06 3.3320e-07 0.6000
141 1.9004e-06 7.8159e-06 3.3331e-07 0.6000
142 1.9083e-06 7.9010e-06 3.3341e-07 0.6000
143 1.9163e-06 7.9877e-06 3.3350e-07 0.6000
144 1.9244e-06 8.0759e-06 3.3359e-07 0.6000
145 1.9326e-06 8.1658e-06 3.3368e-07 0.6000
146 1.9409e-06 8.2572e-06 3.3376e-07 0.6000
147 1.9493e-06 8.3504e-06 3.3383e-07 0.6000
148 1.9578e-06 8.4452e-06 3.3390e-07 0.6000
149 1.9664e-06 8.5418e-06 3.3396e-07 0.6000
150 1.9750e-06 8.6401e-06 3.3402e-07 0.6000
151 1.9838e-06 8.7402e-06 3.3407e-07 0.6000
152 1.9927e-06 8.8421e-06 3.3411e-07 0.6000
153 2.0016e-06 8.9460e-06 3.3415e-07 0.6000
154 2.0107e-06 9.0517e-06 3.3419e-07 0.6000
155 2.0198e-06 9.1594e-06 3.3422e-07 0.6000
156 2.0291e-06 9.2690e-06 3.3424e-07 0.6000
157 2.0385e-06 9.3807e-06 3.3426e-07 0.6000
158 2.0479e-06 9.4945e-06 3.3428e-07 0.6000
159 2.0575e-06 9.6104e-06 3.3429e-07 0.6000
160 2.0672e-06 9.7284e-06 3.3430e-07 0.6000
161 2.0770e-06 9.8487e-06 3.3431e-07 0.6000
162 2.0869e-06 9.9712e-06 3.3431e-07 0.6000
163 2.0969e-06 1.0096e-05 3.3431e-07 0.6000
164 2.1070e-06 1.0223e-05 3.3431e-07 0.6000
165 2.1172e-06 1.0353e-05 3.3431e-07 0.6000
166 2.1275e-06 1.0485e-05 3.3430e-07 0.6000
167 2.1380e-06 1.0619e-05 3.3429e-07 0.6000
168 2.1485e-06 1.0756e-05 3.3428e-07 0.6000
169 2.1592e-06 1.0896e-05 3.3427e-07 0.6000
170 2.1700e-06 1.1038e-05 3.3426e-07 0.6000
171 2.1809e-06 1.1183e-05 3.3424e-07 0.6000
172 2.1919e-06 1.1330e-05 3.3422e-07 0.6000
173 2.2031e-06 1.1481e-05 3.3421e-07 0.6000
174 2.2144e-06 1.1634e-05 3.3419e-07 0.6000
175 2.2258e-06 1.1791e-05 3.3417e-07 0.6000
176 2.2373e-06 1.1950e-05 3.3415e-07 0.6000
177 2.2489e-06 1.2113e-05 3.3413e-07 0.6000
178 2.2607e-06 1.2278e-05 3.3411e-07 0.6000
179 2.2726e-06 1.2447e-05 3.3409e-07 0.6000
180 2.2846e-06 1.2619e-05 3.3408e-07 0.6000
181 2.2968e-06 1.2795e-05 3.3406e-07 0.6000
182 2.3091e-06 1.2974e-05 3.3404e-07 0.6000
183 2.3215e-06 1.3156e-05 3.3403e-07 0.6000
184 2.3341e-06 1.3342e-05 3.3402e-07 0.6000
185 2.3468e-06 1.3532e-05 3.3401e-07 0.6000
186 2.3596e-06 1.3725e-05 3.3400e-07 0.6000
187 2.3726e-06 1.3922e-05 3.3400e-07 0.6000
188 2.3857e-06 1.4123e-05 3.3400e-07 0.6000
189 2.3989e-06 1.4329e-05 3.3400e-07 0.6000
190 2.4123e-06 1.4538e-05 3.3401e-07 0.6000
191 2.4259e-06 1.4751e-05 3.3402e-07 0.6000
192 2.4396e-06 1.4969e-05 3.3403e-07 0.6000
193 2.4534e-06 1.5191e-05 3.3405e-07 0.6000
194 2.4674e-06 1.5418e-05 3.3408e-07 0.6000
195 2.4816e-06 1.5649e-05 3.3410e-07 0.6000
196 2.4959e-06 1.5884e-05 3.3414e-07 0.6000
197 2.5104e-06 1.6125e-05 3.3418e-07 0.6000
198 2.5250e-06 1.6370e-05 3.3423e-07 0.6000
199 2.5398e-06 1.6621e-05 3.3428e-07 0.6000
200 2.5547e-06 1.6876e-05 3.3434e-07 0.6000
201 2.5698e-06 1.7137e-05 3.3441e-07 0.6000
202 2.5851e-06 1.7403e-05 3.3448e-07 0.6000
203 2.6005e-06 1.7675e-05 3.3456e-07 0.6000
204 2.6161e-06 1.7952e-05 3.3465e-07 0.6000
205 2.6319e-06 1.8235e-05 3.3474e-07 0.6000
206 2.6479e-06 1.8524e-05 3.3485e-07 0.6000
207 2.6640e-06 1.8819e-05 3.3496e-07 0.6000
208 2.6803e-06 1.9120e-05 3.3508e-07 0.6000
209 2.6968e-06 1.9427e-05 3.3521e-07 0.6000
210 2.7134e-06 1.9741e-05 3.3535e-07 0.6000
211 2.7303e-06 2.0062e-05 3.3550e-07 0.6000
212 2.7473e-06 2.0389e-05 3.3566e-07 0.6000
213 2.7645e-06 2.0723e-05 3.3583e-07 0.6000
214 2.7819e-06 2.1064e-05 3.3601e-07 0.6000
215 2.7995e-06 2.1412e-05 3.3620e-07 0.6000
216 2.8173e-06 2.1768e-05 3.3640e-07 0.6000
217 2.8353e-06 2.2131e-05 3.3662e-07 0.6000
218 2.8535e-06 2.2503e-05 3.3684e-07 0.6000
219 2.8719e-06 2.2882e-05 3.3707e-07 0.6000
220 2.8904e-06 2.3269e-05 3.3732e-07 0.6000
221 2.9092e-06 2.3665e-05 3.3758e-07 0.6000
222 2.9282e-06 2.4069e-05 3.3785e-07 0.6000
223 2.9475e-06 2.4482e-05 3.3814e-07 0.6000
224 2.9669e-06 2.4904e-05 3.3843e-07 0.6000
225 2.9865e-06 2.5335e-05 3.3874e-07 0.6000
226 3.0064e-06 2.5776e-05 3.3906e-07 0.6000
227 3.0265e-06 2.6226e-05 3.3940e-07 0.6000
228 3.0468e-06 2.6686e-05 3.3975e-07 0.6000
229 3.0673e-06 2.7157e-05 3.4011e-07 0.6000
230 3.0881e-06 2.7638e-05 3.4049e-07 0.6000
231 3.1091e-06 2.8129e-05 3.4089e-07 0.6000
232 3.1303e-06 2.8631e-05 3.4129e-07 0.6000
233 3.1518e-06 2.9145e-05 3.4172e-07 0.6000
234 3.1735e-06 2.9670e-05 3.4215e-07 0.6000
235 3.1954e-06 3.0207e-05 3.4261e-07 0.6000
236 3.2176e-06 3.0755e-05 3.4308e-07 0.6000
237 3.2400e-06 3.1317e-05 3.4356e-07 0.6000
238 3.2627e-06 3.1891e-05 3.4407e-07 0.6000
239 3.2857e-06 3.2477e-05 3.4458e-07 0.6000
240 3.3089e-06 3.3078e-05 3.4512e-07 0.6000
241 3.3324e-06 3.3691e-05 3.4567e-07 0.6000
242 3.3561e-06 3.4319e-05 3.4624e-07 0.6000
243 3.3801e-06 3.4961e-05 3.4683e-07 0.6000
244 3.4044e-06 3.5618e-05 3.4744e-07 0.6000
245 3.4289e-06 3.6290e-05 3.4806e-07 0.6000
246 3.4538e-06 3.6978e-05 3.4870e-07 0.6000
247 3.4789e-06 3.7682e-05 3.4936e-07 0.6000
248 3.5043e-06 3.8401e-05 3.5004e-07 0.6000
249 3.5300e-06 3.9138e-05 3.5074e-07 0.6000
250 3.5559e-06 3.9892e-05 3.5145e-07 0.6000
251 3.5822e-06 4.0663e-05 3.5219e-07 0.6000
252 3.6088e-06 4.1452e-05 3.5295e-07 0.6000
253 3.6357e-06 4.2260e-05 3.5372e-07 0.6000
254 3.6628e-06 4.3087e-05 3.5452e-07 0.6000
255 3.6903e-06 4.3934e-05 3.5534e-07 0.6000
256 3.7182e-06 4.4800e-05 3.5617e-07 0.6000
257 3.7463e-06 4.5687e-05 3.5703e-07 0.6000
258 3.7747e-06 4.6595e-05 3.5791e-07 0.6000
259 3.8035e-06 4.7525e-05 3.5881e-07 0.6000
260 3.8326e-06 4.8478e-05 3.5974e-07 0.6000
261 3.8621e-06 4.9453e-05 3.6068e-07 0.6000
262 3.8919e-06 5.0451e-05 3.6165e-07 0.6000
263 3.9220e-06 5.1474e-05 3.6264e-07 0.6000
264 3.9525e-06 5.2521e-05 3.6365e-07 0.6000
265 3.9833e-06 5.3594e-05 3.6469e-07 0.6000
266 4.0145e-06 5.4693e-05 3.6575e-07 0.6000
267 4.0461e-06 5.5818e-05 3.6683e-07 0.6000
268 4.0780e-06 5.6971e-05 3.6793e-07 0.6000
269 4.1103e-06 5.8153e-05 3.6906e-07 0.6000
270 4.1430e-06 5.9363e-05 3.7022e-07 0.6000
271 4.1761e-06 6.0603e-05 3.7139e-07 0.6000
272 4.2095e-06 6.1874e-05 3.7260e-07 0.6000
273 4.2433e-06 6.3176e-05 3.7382e-07 0.6000
274 4.2776e-06 6.4511e-05 3.7508e-07 0.6000
275 4.3122e-06 6.5879e-05 3.7635e-07 0.6000
276 4.3473e-06 6.7281e-05 3.7766e-07 0.6000
277 4.3827e-06 6.8718e-05 3.7898e-07 0.6000
278 4.4186e-06 7.0191e-05 3.8034e-07 0.6000
279 4.4549e-06 7.1701e-05 3.8172e-07 0.6000
280 4.4916e-06 7.3249e-05 3.8313e-07 0.6000
281 4.5288e-06 7.4837e-05 3.8456e-07 0.6000
282 4.5664e-06 7.6464e-05 3.8602e-07 0.6000
283 4.6045e-06 7.8133e-05 3.8751e-07 0.6000
284 4.6430e-06 7.9845e-05 3.8903e-07 0.6000
285 4.6820e-06 8.1600e-05 3.9057e-07 0.6000
286 4.7214e-06 8.3400e-05 3.9215e-07 0.6000
287 4.7613e-06 8.5246e-05 3.9375e-07 0.6000
288 4.8017e-06 8.7140e-05 3.9538e-07 0.6000
289 4.8426e-06 8.9083e-05 3.9704e-07 0.6000
290 4.8839e-06 9.1076e-05 3.9872e-07 0.6000
291 4.9258e-06 9.3121e-05 4.0044e-07 0.6000
292 4.9682e-06 9.5219e-05 4.0219e-07 0.6000
293 5.0110e-06 9.7371e-05 4.0397e-07 0.6000
294 5.0544e-06 9.9580e-05 4.0577e-07 0.6000
295 5.0984e-06 1.0185e-04 4.0761e-07 0.6000
296 5.1428e-06 1.0417e-04 4.0948e-07 0.6000
297 5.1878e-06 1.0656e-04 4.1138e-07 0.6000
298 5.2333e-06 1.0901e-04 4.1331e-07 0.6000
299 5.2794e-06 1.1153e-04 4.1527e-07 0.6000
300 5.3261e-06 1.1411e-04 4.1727e-07 0.6000
301 5.3733e-06 1.1676e-04 4.1929e-07 0.6000
302 5.4211e-06 1.1948e-04 4.2135e-07 0.6000
303 5.4695e-06 1.2228e-04 4.2344e-07 0.6000
304 5.5185e-06 1.2514e-04 4.2557e-07 0.6000
305 5.5681e-06 1.2809e-04 4.2772e-07 0.6000
306 5.6183e-06 1.3112e-04 4.2991e-07 0.6000
307 5.6691e-06 1.3422e-04 4.3213e-07 0.6000
308 5.7205e-06 1.3742e-04 4.3439e-07 0.6000
309 5.7726e-06 1.4069e-04 4.3668e-07 0.6000
310 5.8253e-06 1.4406e-04 4.3901e-07 0.6000
311 5.8787e-06 1.4752e-04 4.4136e-07 0.6000
312 5.9328e-06 1.5107e-04 4.4376e-07 0.6000
313 5.9875e-06 1.5473e-04 4.4619e-07 0.6000
314 6.0429e-06 1.5848e-04 4.4865e-07 0.6000
315 6.0989e-06 1.6233e-04 4.5114e-07 0.6000
316 6.1557e-06 1.6629e-04 4.5368e-07 0.6000
317 6.2132e-06 1.7036e-04 4.5625e-07 0.6000
318 6.2714e-06 1.7455e-04 4.5885e-07 0.6000
319 6.3304e-06 1.7885e-04 4.6149e-07 0.6000
320 6.3901e-06 1.8327e-04 4.6417e-07 0.6000
321 6.4505e-06 1.8781e-04 4.6688e-07 0.6000
322 6.5117e-06 1.9248e-04 4.6963e-07 0.6000
323 6.5737e-06 1.9729e-04 4.7241e-07 0.6000
324 6.6365e-06 2.0222e-04 4.7523e-07 0.6000
325 6.7000e-06 2.0730e-04 4.7809e-07 0.6000
326 6.7644e-06 2.1252e-04 4.8099e-07 0.6000
327 6.8296e-06 2.1789e-04 4.8392e-07 0.6000
328 6.8956e-06 2.2341e-04 4.8689e-07 0.6000
329 6.9625e-06 2.2909e-04 4.8990e-07 0.6000
330 7.0302e-06 2.3493e-04 4.9295e-07 0.6000
331 7.0988e-06 2.4094e-04 4.9603e-07 0.6000
332 7.1682e-06 2.4712e-04 4.9915e-07 0.6000
333 7.2386e-06 2.5348e-04 5.0231e-07 0.6000
334 7.3098e-06 2.6002e-04 5.0550e-07 0.6000
335 7.3820e-06 2.6676e-04 5.0874e-07 0.6000
336 7.4551e-06 2.7368e-04 5.1201e-07 0.6000
337 7.5292e-06 2.8081e-04 5.1531e-07 0.6000
338 7.6042e-06 2.8815e-04 5.1866e-07 0.6000
339 7.6801e-06 2.9570e-04 5.2204e-07 0.6000
340 7.7571e-06 3.0347e-04 5.2545e-07 0.6000
341 7.8351e-06 3.1147e-04 5.2891e-07 0.6000
342 7.9141e-06 3.1970e-04 5.3240e-07 0.6000
343 7.9941e-06 3.2818e-04 5.3593e-07 0.6000
344 8.0751e-06 3.3691e-04 5.3950e-07 0.6000
345 8.1573e-06 3.4589e-04 5.4310e-07 0.6000
346 8.2405e-06 3.5515e-04 5.4674e-07 0.6000
347 8.3247e-06 3.6467e-04 5.5042e-07 0.6000
348 8.4101e-06 3.7449e-04 5.5413e-07 0.6000
349 8.4967e-06 3.8459e-04 5.5788e-07 0.6000
350 8.5843e-06 3.9500e-04 5.6167e-07 0.6000
351 8.6732e-06 4.0572e-04 5.6550e-07 0.6000
352 8.7632e-06 4.1676e-04 5.6936e-07 0.6000
353 8.8544e-06 4.2814e-04 5.7325e-07 0.6000
354 8.9468e-06 4.3986e-04 5.7719e-07 0.6000
355 9.0404e-06 4.5194e-04 5.8115e-07 0.6000
356 9.1353e-06 4.6438e-04 5.8515e-07 0.6000
357 9.2314e-06 4.7721e-04 5.8918e-07 0.6000
358 9.3289e-06 4.9042e-04 5.9325e-07 0.6000
359 9.4276e-06 5.0404e-04 5.9735e-07 0.6000
360 9.5277e-06 5.1808e-04 6.0148e-07 0.6000
361 9.6291e-06 5.3254e-04 6.0564e-07 0.6000
362 9.7319e-06 5.4746e-04 6.0983e-07 0.6000
363 9.8360e-06 5.6283e-04 6.1405e-07 0.6000
364 9.9416e-06 5.7868e-04 6.1830e-07 0.6000
365 1.0049e-05 5.9502e-04 6.2258e-07 0.6000
366 1.0157e-05 6.1187e-04 6.2689e-07 0.6000
367 1.0267e-05 6.2925e-04 6.3122e-07 0.6000
368 1.0378e-05 6.4717e-04 6.3559e-07 0.6000
369 1.0491e-05 6.6564e-04 6.3997e-07 0.6000
370 1.0606e-05 6.8470e-04 6.4439e-07 0.6000
371 1.0722e-05 7.0436e-04 6.4882e-07 0.6000
372 1.0839e-05 7.2464e-04 6.5329e-07 0.6000
373 1.0959e-05 7.4556e-04 6.5777e-07 0.6000
374 1.1080e-05 7.6714e-04 6.6228e-07 0.6000
375 1.1202e-05 7.8940e-04 6.6681e-07 0.6000
376 1.1326e-05 8.1238e-04 6.7136e-07 0.6000
377 1.1452e-05 8.3609e-04 6.7594e-07 0.6000
378 1.1580e-05 8.6055e-04 6.8053e-07 0.6000
379 1.1709e-05 8.8580e-04 6.8514e-07 0.6000
380 1.1841e-05 9.1185e-04 6.8976e-07 0.6000
381 1.1974e-05 9.3875e-04 6.9441e-07 0.6000
382 1.2108e-05 9.6651e-04 6.9906e-07 0.6000
383 1.2245e-05 9.9517e-04 7.0373e-07 0.6000
384 1.2384e-05 1.0248e-03 7.0841e-07 0.6000
385 1.2525e-05 1.0553e-03 7.1310e-07 0.6000
386 1.2667e-05 1.0869e-03 7.1780e-07 0.6000
387 1.2812e-05 1.1194e-03 7.2251e-07 0.6000
388 1.2958e-05 1.1531e-03 7.2722e-07 0.6000
389 1.3107e-05 1.1878e-03 7.3193e-07 0.6000
390 1.3258e-05 1.2237e-03 7.3666e-07 0.6000
391 1.3411e-05 1.2607e-03 7.4138e-07 0.6000
392 1.3566e-05 1.2990e-03 7.4610e-07 0.6000
393 1.3723e-05 1.3385e-03 7.5083e-07 0.6000
394 1.3883e-05 1.3794e-03 7.5555e-07 0.6000
395 1.4044e-05 1.4216e-03 7.6026e-07 0.6000
396 1.4208e-05 1.4652e-03 7.6498e-07 0.6000
397 1.4375e-05 1.5103e-03 7.6968e-07 0.6000
398 1.4544e-05 1.5568e-03 7.7438e-07 0.6000
399 1.4715e-05 1.6049e-03 7.7908e-07 0.6000
400 1.4888e-05 1.6547e-03 7.8376e-07 0.6000
401 1.5065e-05 1.7061e-03 7.8843e-07 0.6000
402 1.5243e-05 1.7592e-03 7.9308e-07 0.6000
403 1.5424e-05 1.8142e-03 7.9772e-07 0.6000
404 1.5608e-05 1.8709e-03 8.0235e-07 0.6000
405 1.5795e-05 1.9297e-03 8.0696e-07 0.6000
406 1.5984e-05 1.9904e-03 8.1155e-07 0.6000
407 1.6176e-05 2.0531e-03 8.1613e-07 0.6000
408 1.6371e-05 2.1181e-03 8.2068e-07 0.6000
409 1.6568e-05 2.1852e-03 8.2521e-07 0.6000
410 1.6769e-05 2.2546e-03 8.2972e-07 0.6000
411 1.6972e-05 2.3265e-03 8.3421e-07 0.6000
412 1.7178e-05 2.4007e-03 8.3867e-07 0.6000
413 1.7388e-05 2.4776e-03 8.4310e-07 0.6000
414 1.7600e-05 2.5571e-03 8.4751e-07 0.6000
415 1.7816e-05 2.6394e-03 8.5188e-07 0.6000
416 1.8034e-05 2.7245e-03 8.5623e-07 0.6000
417 1.8256e-05 2.8126e-03 8.6055e-07 0.6000
418 1.8481e-05 2.9037e-03 8.6483e-07 0.6000
419 1.8710e-05 2.9980e-03 8.6908e-07 0.6000
420 1.8942e-05 3.0957e-03 8.7329e-07 0.6000
421 1.9177e-05 3.1967e-03 8.7747e-07 0.6000
422 1.9416e-05 3.3013e-03 8.8160e-07 0.6000
423 1.9658e-05 3.4096e-03 8.8570e-07 0.6000
424 1.9904e-05 3.5217e-03 8.8976e-07 0.6000
425 2.0154e-05 3.6378e-03 8.9378e-07 0.6000
426 2.0407e-05 3.7579e-03 8.9775e-07 0.6000
427 2.0664e-05 3.8824e-03 9.0168e-07 0.6000
428 2.0926e-05 4.0113e-03 9.0557e-07 0.6000
429 2.1190e-05 4.1447e-03 9.0941e-07 0.6000
430 2.1459e-05 4.2830e-03 9.1321e-07 0.6000
431 2.1732e-05 4.4261e-03 9.1697e-07 0.6000
432 2.2009e-05 4.5745e-03 9.2068e-07 0.6000
433 2.2291e-05 4.7281e-03 9.2435e-07 0.6000
434 2.2576e-05 4.8873e-03 9.2798e-07 0.6000
435 2.2866e-05 5.0522e-03 9.3157e-07 0.6000
436 2.3160e-05 5.2231e-03 9.3511e-07 0.6000
437 2.3459e-05 5.4002e-03 9.3862e-07 0.6000
438 2.3763e-05 5.5837e-03 9.4207e-07 0.6000
439 2.4070e-05 5.7739e-03 9.4549e-07 0.6000
440 2.4383e-05 5.9710e-03 9.4887e-07 0.6000
441 2.4700e-05 6.1753e-03 9.5220e-07 0.6000
442 2.5023e-05 6.3871e-03 9.5549e-07 0.6000
443 2.5350e-05 6.6067e-03 9.5874e-07 0.6000
444 2.5682e-05 6.8344e-03 9.6195e-07 0.6000
445 2.6020e-05 7.0704e-03 9.6511e-07 0.6000
446 2.6362e-05 7.3151e-03 9.6823e-07 0.6000
447 2.6710e-05 7.5689e-03 9.7132e-07 0.6000
448 2.7063e-05 7.8321e-03 9.7436e-07 0.6000
449 2.7422e-05 8.1050e-03 9.7736e-07 0.6000
450 2.7786e-05 8.3881e-03 9.8032e-07 0.6000
451 2.8156e-05 8.6818e-03 9.8323e-07 0.6000
452 2.8532e-05 8.9864e-03 9.8611e-07 0.6000
453 2.8914e-05 9.3025e-03 9.8895e-07 0.6000
454 2.9301e-05 9.6303e-03 9.9175e-07 0.6000
455 2.9695e-05 9.9705e-03 9.9452e-07 0.6000
456 3.0095e-05 1.0324e-02 9.9725e-07 0.6000
457 3.0501e-05 1.0690e-02 9.9995e-07 0.6000
458 3.0913e-05 1.1070e-02 1.0026e-06 0.6000
459 3.1332e-05 1.1464e-02 1.0052e-06 0.6000
460 3.1758e-05 1.1874e-02 1.0078e-06 0.6000
461 3.2190e-05 1.2299e-02 1.0104e-06 0.6000
462 3.2629e-05 1.2740e-02 1.0130e-06 0.6000
463 3.3075e-05 1.3198e-02 1.0155e-06 0.6000
464 3.3529e-05 1.3674e-02 1.0180e-06 0.6000
465 3.3989e-05 1.4168e-02 1.0205e-06 0.6000
466 3.4457e-05 1.4681e-02 1.0229e-06 0.6000
467 3.4932e-05 1.5213e-02 1.0253e-06 0.6000
468 3.5415e-05 1.5766e-02 1.0278e-06 0.6000
469 3.5905e-05 1.6341e-02 1.0301e-06 0.6000
470 3.6403e-05 1.6937e-02 1.0325e-06 0.6000
471 3.6910e-05 1.7557e-02 1.0349e-06 0.6000
472 3.7424e-05 1.8201e-02 1.0372e-06 0.6000
473 3.7947e-05 1.8870e-02 1.0396e-06 0.6000
474 3.8478e-05 1.9564e-02 1.0419e-06 0.6000
475 3.9018e-05 2.0287e-02 1.0442e-06 0.6000
476 3.9567e-05 2.1037e-02 1.0465e-06 0.6000
477 4.0124e-05 2.1817e-02 1.0488e-06 0.6000
478 4.0690e-05 2.2627e-02 1.0511e-06 0.6000
479 4.1266e-05 2.3469e-02 1.0533e-06 0.6000
480 4.1851e-05 2.4344e-02 1.0556e-06 0.6000
481 4.2446e-05 2.5254e-02 1.0579e-06 0.6000
482 4.3050e-05 2.6201e-02 1.0602e-06 0.6000
483 4.3664e-05 2.7184e-02 1.0625e-06 0.6000
484 4.4288e-05 2.8207e-02 1.0647e-06 0.6000
485 4.4923e-05 2.9270e-02 1.0670e-06 0.6000
486 4.5568e-05 3.0376e-02 1.0693e-06 0.6000
487 4.6223e-05 3.1526e-02 1.0716e-06 0.6000
488 4.6890e-05 3.2721e-02 1.0739e-06 0.6000
489 4.7567e-05 3.3965e-02 1.0762e-06 0.6000
490 4.8256e-05 3.5259e-02 1.0785e-06 0.6000
491 4.8955e-05 3.6605e-02 1.0809e-06 0.6000
492 4.9667e-05 3.8005e-02 1.0832e-06 0.6000
493 5.0390e-05 3.9462e-02 1.0856e-06 0.6000
494 5.1126e-05 4.0978e-02 1.0880e-06 0.6000
495 5.1873e-05 4.2555e-02 1.0904e-06 0.6000
496 5.2633e-05 4.4196e-02 1.0928e-06 0.6000
497 5.3406e-05 4.5904e-02 1.0952e-06 0.6000
498 5.4192e-05 4.7682e-02 1.0977e-06 0.6000
499 5.4991e-05 4.9533e-02 1.1002e-06 0.6000
500 5.5803e-05 5.1459e-02 1.1027e-06 0.6000
501 5.6629e-05 5.3464e-02 1.1052e-06 0.6000
502 5.7469e-05 5.5551e-02 1.1078e-06 0.6000
503 5.8323e-05 5.7724e-02 1.1104e-06 0.6000
504 5.9192e-05 5.9987e-02 1.1130e-06 0.6000
505 6.0075e-05 6.2344e-02 1.1157e-06 0.6000
506 6.0973e-05 6.4798e-02 1.1184e-06 0.6000
507 6.1887e-05 6.7353e-02 1.1211e-06 0.6000
508 6.2816e-05 7.0015e-02 1.1239e-06 0.6000
509 6.3760e-05 7.2788e-02 1.1267e-06 0.6000
510 6.4721e-05 7.5676e-02 1.1295e-06 0.6000
511 6.5698e-05 7.8685e-02 1.1324e-06 0.6000
512 6.6692e-05 8.1819e-02 1.1353e-06 0.6000
513 6.7703e-05 8.5085e-02 1.1383e-06 0.6000
514 6.8732e-05 8.8488e-02 1.1413e-06 0.6000
515 6.9778e-05 9.2034e-02 1.1443e-06 0.6000
516 7.0842e-05 9.5730e-02 1.1474e-06 0.6000
517 7.1924e-05 9.9581e-02 1.1506e-06 0.6000
518 7.3025e-05 1.0360e-01 1.1538e-06 0.6000
519 7.4145e-05 1.0778e-01 1.1570e-06 0.6000
520 7.5285e-05 1.1214e-01 1.1603e-06 0.6000
521 7.6444e-05 1.1669e-01 1.1636e-06 0.6000
522 7.7623e-05 1.2143e-01 1.1670e-06 0.6000
523 7.8823e-05 1.2637e-01 1.1704e-06 0.6000
524 8.0044e-05 1.3153e-01 1.1739e-06 0.6000
525 8.1286e-05 1.3690e-01 1.1775e-06 0.6000
526 8.2549e-05 1.4251e-01 1.1811e-06 0.6000
527 8.3835e-05 1.4836e-01 1.1847e-06 0.6000
528 8.5144e-05 1.5446e-01 1.1884e-06 0.6000
529 8.6475e-05 1.6082e-01 1.1922e-06 0.6000
530 8.7830e-05 1.6745e-01 1.1961e-06 0.6000
531 8.9208e-05 1.7438e-01 1.1999e-06 0.6000
532 9.0611e-05 1.8160e-01 1.2039e-06 0.6000
533 9.2038e-05 1.8914e-01 1.2079e-06 0.6000
534 9.3491e-05 1.9700e-01 1.2120e-06 0.6000
535 9.4970e-05 2.0521e-01 1.2162e-06 0.6000
536 9.6475e-05 2.1378e-01 1.2204e-06 0.6000
537 9.8006e-05 2.2272e-01 1.2247e-06 0.6000
538 9.9565e-05 2.3205e-01 1.2290e-06 0.6000
539 1.0115e-04 2.4179e-01 1.2335e-06 0.6000
540 1.0277e-04 2.5196e-01 1.2380e-06 0.6000
541 1.0441e-04 2.6258e-01 1.2425e-06 0.6000
542 1.0608e-04 2.7367e-01 1.2472e-06 0.6000
543 1.0779e-04 2.8524e-01 1.2519e-06 0.6000
544 1.0952e-04 2.9733e-01 1.2566e-06 0.6000
545 1.1128e-04 3.0995e-01 1.2615e-06 0.6000
546 1.1308e-04 3.2314e-01 1.2664e-06 0.6000
547 1.1491e-04 3.3691e-01 1.2714e-06 0.6000
548 1.1677e-04 3.5130e-01 1.2765e-06 0.6000
549 1.1867e-04 3.6632e-01 1.2817e-06 0.6000
550 1.2060e-04 3.8202e-01 1.2869e-06 0.6000
551 1.2256e-04 3.9842e-01 1.2922e-06 0.6000
552 1.2456e-04 4.1556e-01 1.2976e-06 0.6000
553 1.2660e-04 4.3347e-01 1.3031e-06 0.6000
554 1.2867e-04 4.5219e-01 1.3087e-06 0.6000
555 1.3078e-04 4.7175e-01 1.3143e-06 0.6000
556 1.3293e-04 4.9219e-01 1.3200e-06 0.6000
557 1.3512e-04 5.1356e-01 1.3259e-06 0.6000
558 1.3735e-04 5.3589e-01 1.3317e-06 0.6000
559 1.3962e-04 5.5924e-01 1.3377e-06 0.6000
560 1.4193e-04 5.8365e-01 1.3438e-06 0.6000
561 1.4429e-04 6.0918e-01 1.3499e-06 0.6000
562 1.4669e-04 6.3587e-01 1.3562e-06 0.6000
563 1.4913e-04 6.6378e-01 1.3625e-06 0.6000
564 1.5162e-04 6.9296e-01 1.3689e-06 0.6000
565 1.5415e-04 7.2349e-01 1.3754e-06 0.6000
566 1.5673e-04 7.5542e-01 1.3820e-06 0.6000
567 1.5936e-04 7.8881e-01 1.3886e-06 0.6000
568 1.6203e-04 8.2375e-01 1.3954e-06 0.6000
569 1.6476e-04 8.6030e-01 1.4022e-06 0.6000
570 1.6754e-04 8.9854e-01 1.4092e-06 0.6000
571 1.7037e-04 9.3855e-01 1.4162e-06 0.6000
572 1.7325e-04 9.8041e-01 1.4233e-06 0.6000
573 1.7619e-04 1.0242e+00 1.4305e-06 0.6000
574 1.7918e-04 1.0701e+00 1.4378e-06 0.6000
575 1.8222e-04 1.1181e+00 1.4452e-06 0.6000
576 1.8533e-04 1.1683e+00 1.4527e-06 0.6000
577 1.8849e-04 1.2209e+00 1.4603e-06 0.6000
578 1.9171e-04 1.2759e+00 1.4679e-06 0.6000
579 1.9500e-04 1.3336e+00 1.4757e-06 0.6000
580 1.9834e-04 1.3939e+00 1.4836e-06 0.6000
581 2.0175e-04 1.4571e+00 1.4915e-06 0.6000
582 2.0523e-04 1.5232e+00 1.4996e-06 0.6000
583 2.0876e-04 1.5925e+00 1.5077e-06 0.6000
584 2.1237e-04 1.6651e+00 1.5159e-06 0.6000
585 2.1605e-04 1.7411e+00 1.5242e-06 0.6000
586 2.1979e-04 1.8207e+00 1.5326e-06 0.6000
587 2.2361e-04 1.9041e+00 1.5411e-06 0.6000
588 2.2750e-04 1.9915e+00 1.5497e-06 0.6000
589 2.3146e-04 2.0830e+00 1.5584e-06 0.6000
590 2.3550e-04 2.1789e+00 1.5672e-06 0.6000
591 2.3962e-04 2.2794e+00 1.5761e-06 0.6000
592 2.4382e-04 2.3847e+00 1.5850e-06 0.6000
593 2.4809e-04 2.4951e+00 1.5941e-06 0.6000
594 2.5245e-04 2.6108e+00 1.6032e-06 0.6000
595 2.5690e-04 2.7320e+00 1.6124e-06 0.6000
596 2.6143e-04 2.8591e+00 1.6218e-06 0.6000
597 2.6604e-04 2.9924e+00 1.6312e-06 0.6000
598 2.7075e-04 3.1320e+00 1.6407e-06 0.6000
599 2.7555e-04 3.2785e+00 1.6503e-06 0.6000
600 2.8044e-04 3.4321e+00 1.6600e-06 0.6000
601 2.8543e-04 3.5931e+00 1.6697e-06 0.6000
602 2.9051e-04 3.7620e+00 1.6796e-06 0.6000
603 2.9570e-04 3.9391e+00 1.6896e-06 0.6000
604 3.0098e-04 4.1249e+00 1.6996e-06 0.6000
605 3.0637e-04 4.3198e+00 1.7097e-06 0.6000
606 3.1186e-04 4.5242e+00 1.7200e-06 0.6000
607 3.1747e-04 4.7386e+00 1.7303e-06 0.6000
608 3.2318e-04 4.9636e+00 1.7407e-06 0.6000
609 3.2900e-04 5.1997e+00 1.7511e-06 0.6000
610 3.3494e-04 5.4474e+00 1.7617e-06 0.6000
611 3.4100e-04 5.7074e+00 1.7724e-06 0.6000
612 3.4717e-04 5.9802e+00 1.7831e-06 0.6000
613 3.5347e-04 6.2665e+00 1.7939e-06 0.6000
614 3.5989e-04 6.5671e+00 1.8048e-06 0.6000
615 3.6644e-04 6.8826e+00 1.8158e-06 0.6000
616 3.7312e-04 7.2138e+00 1.8269e-06 0.6000
617 3.7994e-04 7.5615e+00 1.8380e-06 0.6000
618 3.8689e-04 7.9266e+00 1.8493e-06 0.6000
619 3.9397e-04 8.3099e+00 1.8606e-06 0.6000
620 4.0120e-04 8.7124e+00 1.8720e-06 0.6000
621 4.0858e-04 9.1352e+00 1.8835e-06 0.6000
622 4.1610e-04 9.5791e+00 1.8950e-06 0.6000
623 4.2377e-04 1.0045e+01 1.9067e-06 0.6000
624 4.3160e-04 1.0535e+01 1.9184e-06 0.6000
625 4.3958e-04 1.1050e+01 1.9302e-06 0.6000
626 4.4773e-04 1.1590e+01 1.9420e-06 0.6000
627 4.5604e-04 1.2158e+01 1.9540e-06 0.6000
628 4.6452e-04 1.2755e+01 1.9660e-06 0.6000
629 4.7316e-04 1.3382e+01 1.9781e-06 0.6000
630 4.8199e-04 1.4041e+01 1.9903e-06 0.6000
631 4.9099e-04 1.4734e+01 2.0026e-06 0.6000
632 5.0018e-04 1.5461e+01 2.0149e-06 0.6000
633 5.0955e-04 1.6227e+01 2.0273e-06 0.6000
634 5.1911e-04 1.7031e+01 2.0398e-06 0.6000
635 5.2887e-04 1.7876e+01 2.0524e-06 0.6000
636 5.3883e-04 1.8765e+01 2.0651e-06 0.6000
637 5.4899e-04 1.9700e+01 2.0778e-06 0.6000
638 5.5936e-04 2.0682e+01 2.0906e-06 0.6000
639 5.6994e-04 2.1715e+01 2.1035e-06 0.6000
640 5.8074e-04 2.2802e+01 2.1165e-06 0.6000
641 5.9176e-04 2.3945e+01 2.1296e-06 0.6000
642 6.0301e-04 2.5147e+01 2.1427e-06 0.6000
643 6.1449e-04 2.6412e+01 2.1560e-06 0.6000
644 6.2620e-04 2.7742e+01 2.1693e-06 0.6000
645 6.3816e-04 2.9141e+01 2.1827e-06 0.6000
646 6.5037e-04 3.0613e+01 2.1962e-06 0.6000
647 6.6283e-04 3.2162e+01 2.2097e-06 0.6000
648 6.7555e-04 3.3793e+01 2.2234e-06 0.6000
649 6.8853e-04 3.5508e+01 2.2371e-06 0.6000
650 7.0178e-04 3.7313e+01 2.2509e-06 0.6000
651 7.1531e-04 3.9213e+01 2.2648e-06 0.6000
652 7.2912e-04 4.1213e+01 2.2788e-06 0.6000
653 7.4321e-04 4.3319e+01 2.2929e-06 0.6000
654 7.5761e-04 4.5535e+01 2.3071e-06 0.6000
655 7.7230e-04 4.7869e+01 2.3213e-06 0.6000
656 7.8730e-04 5.0325e+01 2.3357e-06 0.6000
657 8.0262e-04 5.2912e+01 2.3501e-06 0.6000
658 8.1826e-04 5.5637e+01 2.3646e-06 0.6000
659 8.3423e-04 5.8506e+01 2.3793e-06 0.6000
660 8.5054e-04 6.1527e+01 2.3940e-06 0.6000
661 8.6719e-04 6.4710e+01 2.4088e-06 0.6000
662 8.8419e-04 6.8062e+01 2.4238e-06 0.6000
663 9.0155e-04 7.1593e+01 2.4388e-06 0.6000
664 9.1928e-04 7.5314e+01 2.4540e-06 0.6000
665 9.3738e-04 7.9234e+01 2.4692e-06 0.6000
666 9.5587e-04 8.3364e+01 2.4846e-06 0.6000
667 9.7475e-04 8.7716e+01 2.5001e-06 0.6000
668 9.9404e-04 9.2303e+01 2.5156e-06 0.6000
669 1.0137e-03 9.7136e+01 2.5313e-06 0.6000
670 1.0339e-03 1.0223e+02 2.5471e-06 0.6000
671 1.0544e-03 1.0760e+02 2.5631e-06 0.6000
672 1.0754e-03 1.1326e+02 2.5791e-06 0.6000
673 1.0968e-03 1.1923e+02 2.5953e-06 0.6000
674 1.1187e-03 1.2552e+02 2.6115e-06 0.6000
675 1.1411e-03 1.3215e+02 2.6279e-06 0.6000
676 1.1639e-03 1.3915e+02 2.6445e-06 0.6000
677 1.1873e-03 1.4653e+02 2.6611e-06 0.6000
678 1.2111e-03 1.5430e+02 2.6779e-06 0.6000
679 1.2355e-03 1.6251e+02 2.6948e-06 0.6000
680 1.2604e-03 1.7116e+02 2.7118e-06 0.6000
681 1.2858e-03 1.8029e+02 2.7290e-06 0.6000
682 1.3118e-03 1.8992e+02 2.7462e-06 0.6000
683 1.3383e-03 2.0008e+02 2.7636e-06 0.6000
684 1.3654e-03 2.1080e+02 2.7811e-06 0.6000
685 1.3931e-03 2.2211e+02 2.7988e-06 0.6000
686 1.4215e-03 2.3404e+02 2.8165e-06 0.6000
687 1.4504e-03 2.4664e+02 2.8344e-06 0.6000
688 1.4800e-03 2.5993e+02 2.8524e-06 0.6000
689 1.5102e-03 2.7396e+02 2.8706e-06 0.6000
690 1.5410e-03 2.8877e+02 2.8888e-06 0.6000
691 1.5726e-03 3.0440e+02 2.9072e-06 0.6000
692 1.6048e-03 3.2091e+02 2.9257e-06 0.6000
693 1.6378e-03 3.3833e+02 2.9443e-06 0.6000
694 1.6715e-03 3.5673e+02 2.9630e-06 0.6000
695 1.7059e-03 3.7616e+02 2.9819e-06 0.6000
696 1.7411e-03 3.9667e+02 3.0009e-06 0.6000
697 1.7770e-03 4.1834e+02 3.0200e-06 0.6000
698 1.8138e-03 4.4122e+02 3.0392e-06 0.6000
699 1.8513e-03 4.6539e+02 3.0585e-06 0.6000
700 1.8897e-03 4.9092e+02 3.0780e-06 0.6000
701 1.9290e-03 5.1789e+02 3.0976e-06 0.6000
702 1.9691e-03 5.4638e+02 3.1173e-06 0.6000
703 2.0101e-03 5.7649e+02 3.1371e-06 0.6000
704 2.0521e-03 6.0830e+02 3.1570e-06 0.6000
705 2.0949e-03 6.4192e+02 3.1770e-06 0.6000
706 2.1388e-03 6.7744e+02 3.1971e-06 0.6000
707 2.1836e-03 7.1499e+02 3.2173e-06 0.6000
708 2.2294e-03 7.5468e+02 3.2376e-06 0.6000
709 2.2762e-03 7.9662e+02 3.2580e-06 0.6000
710 2.3241e-03 8.4097e+02 3.2785e-06 0.6000
711 2.3731e-03 8.8785e+02 3.2990e-06 0.6000
712 2.4232e-03 9.3741e+02 3.3196e-06 0.6000
713 2.4744e-03 9.8982e+02 3.3403e-06 0.6000
714 2.5267e-03 1.0452e+03 3.3611e-06 0.6000
715 2.5803e-03 1.1038e+03 3.3819e-06 0.6000
716 2.6350e-03 1.1658e+03 3.4027e-06 0.6000
717 2.6910e-03 1.2314e+03 3.4236e-06 0.6000
718 2.7483e-03 1.3007e+03 3.4445e-06 0.6000
719 2.8069e-03 1.3741e+03 3.4655e-06 0.6000
720 2.8668e-03 1.4517e+03 3.4865e-06 0.6000
721 2.9281e-03 1.5337e+03 3.5076e-06 0.6000
722 2.9907e-03 1.6206e+03 3.5287e-06 0.6000
723 3.0548e-03 1.7125e+03 3.5497e-06 0.6000
724 3.1204e-03 1.8098e+03 3.5708e-06 0.6000
725 3.1874e-03 1.9127e+03 3.5920e-06 0.6000
726 3.2560e-03 2.0216e+03 3.6131e-06 0.6000
727 3.3262e-03 2.1369e+03 3.6342e-06 0.6000
728 3.3980e-03 2.2590e+03 3.6553e-06 0.6000
729 3.4714e-03 2.3882e+03 3.6764e-06 0.6000
730 3.5465e-03 2.5250e+03 3.6975e-06 0.6000
731 3.6234e-03 2.6698e+03 3.7186e-06 0.6000
732 3.7020e-03 2.8232e+03 3.7397e-06 0.6000
733 3.7825e-03 2.9855e+03 3.7607e-06 0.6000
734 3.8648e-03 3.1575e+03 3.7817e-06 0.6000
735 3.9490e-03 3.3396e+03 3.8026e-06 0.6000
736 4.0352e-03 3.5325e+03 3.8235e-06 0.6000
737 4.1233e-03 3.7369e+03 3.8444e-06 0.6000
738 4.2135e-03 3.9533e+03 3.8652e-06 0.6000
739 4.3059e-03 4.1826e+03 3.8859e-06 0.6000
740 4.4003e-03 4.4256e+03 3.9066e-06 0.6000
741 4.4970e-03 4.6830e+03 3.9272e-06 0.6000
742 4.5960e-03 4.9557e+03 3.9477e-06 0.6000
743 4.6972e-03 5.2448e+03 3.9682e-06 0.6000
744 4.8008e-03 5.5511e+03 3.9886e-06 0.6000
745 4.9069e-03 5.8758e+03 4.0088e-06 0.6000
746 5.0154e-03 6.2199e+03 4.0290e-06 0.6000
747 5.1265e-03 6.5847e+03 4.0491e-06 0.6000
748 5.2402e-03 6.9715e+03 4.0691e-06 0.6000
749 5.3566e-03 7.3814e+03 4.0889e-06 0.6000
750 5.4757e-03 7.8162e+03 4.1087e-06 0.6000
751 5.5977e-03 8.2771e+03 4.1283e-06 0.6000
752 5.7225e-03 8.7659e+03 4.1478e-06 0.6000
753 5.8503e-03 9.2842e+03 4.1672e-06 0.6000
754 5.9811e-03 9.8340e+03 4.1865e-06 0.6000
755 6.1150e-03 1.0417e+04 4.2056e-06 0.6000
756 6.2521e-03 1.1036e+04 4.2246e-06 0.6000
757 6.3925e-03 1.1692e+04 4.2436e-06 0.6000
758 6.5362e-03 1.2388e+04 4.2623e-06 0.6000
759 6.6833e-03 1.3126e+04 4.2810e-06 0.6000
760 6.8339e-03 1.3910e+04 4.2996e-06 0.6000
761 6.9882e-03 1.4742e+04 4.3180e-06 0.6000
762 7.1461e-03 1.5624e+04 4.3364e-06 0.6000
763 7.3078e-03 1.6561e+04 4.3546e-06 0.6000
764 7.4734e-03 1.7555e+04 4.3727e-06 0.6000
765 7.6430e-03 1.8610e+04 4.3907e-06 0.6000
766 7.8167e-03 1.9730e+04 4.4086e-06 0.6000
767 7.9945e-03 2.0919e+04 4.4264e-06 0.6000
768 8.1766e-03 2.2181e+04 4.4441e-06 0.6000
769 8.3631e-03 2.3522e+04 4.4617e-06 0.6000
770 8.5541e-03 2.4945e+04 4.4791e-06 0.6000
771 8.7497e-03 2.6456e+04 4.4965e-06 0.6000
772 8.9501e-03 2.8061e+04 4.5138e-06 0.6000
773 9.1553e-03 2.9766e+04 4.5309e-06 0.6000
774 9.3655e-03 3.1577e+04 4.5480e-06 0.6000
775 9.5809e-03 3.3500e+04 4.5649e-06 0.6000
776 9.8014e-03 3.5544e+04 4.5818e-06 0.6000
777 1.0027e-02 3.7714e+04 4.5985e-06 0.6000
778 1.0259e-02 4.0021e+04 4.6152e-06 0.6000
779 1.0496e-02 4.2472e+04 4.6318e-06 0.6000
780 1.0739e-02 4.5076e+04 4.6483e-06 0.6000
781 1.0988e-02 4.7844e+04 4.6647e-06 0.6000
782 1.1242e-02 5.0785e+04 4.6811e-06 0.6000
783 1.1504e-02 5.3911e+04 4.6974e-06 0.6000
784 1.1771e-02 5.7235e+04 4.7137e-06 0.6000
785 1.2045e-02 6.0767e+04 4.7299e-06 0.6000
786 1.2326e-02 6.4523e+04 4.7461e-06 0.6000
787 1.2614e-02 6.8516e+04 4.7622e-06 0.6000
788 1.2909e-02 7.2762e+04 4.7783e-06 0.6000
789 1.3211e-02 7.7276e+04 4.7944e-06 0.6000
790 1.3521e-02 8.2077e+04 4.8105e-06 0.6000
791 1.3838e-02 8.7183e+04 4.8266e-06 0.6000
792 1.4163e-02 9.2614e+04 4.8427e-06 0.6000
793 1.4497e-02 9.8390e+04 4.8587e-06 0.6000
794 1.4838e-02 1.0454e+05 4.8748e-06 0.6000
795 1.5188e-02 1.1107e+05 4.8909e-06 0.6000
796 1.5547e-02 1.1803e+05 4.9070e-06 0.6000
797 1.5915e-02 1.2543e+05 4.9232e-06 0.6000
798 1.6291e-02 1.3330e+05 4.9393e-06 0.6000
799 1.6678e-02 1.4168e+05 4.9556e-06 0.6000
800 1.7074e-02 1.5060e+05 4.9718e-06 0.6000
801 1.7480e-02 1.6009e+05 4.9881e-06 0.6000
802 1.7896e-02 1.7019e+05 5.0045e-06 0.6000
803 1.8322e-02 1.8094e+05 5.0210e-06 0.6000
804 1.8759e-02 1.9239e+05 5.0375e-06 0.6000
805 1.9207e-02 2.0458e+05 5.0541e-06 0.6000
806 1.9667e-02 2.1755e+05 5.0707e-06 0.6000
807 2.0138e-02 2.3137e+05 5.0875e-06 0.6000
808 2.0621e-02 2.4608e+05 5.1043e-06 0.6000
809 2.1116e-02 2.6175e+05 5.1213e-06 0.6000
810 2.1623e-02 2.7843e+05 5.1383e-06 0.6000
811 2.2144e-02 2.9621e+05 5.1555e-06 0.6000
812 2.2678e-02 3.1514e+05 5.1727e-06 0.6000
813 2.3225e-02 3.3530e+05 5.1901e-06 0.6000
814 2.3786e-02 3.5679e+05 5.2076e-06 0.6000
815 2.4361e-02 3.7968e+05 5.2253e-06 0.6000
816 2.4951e-02 4.0407e+05 5.2431e-06 0.6000
817 2.5557e-02 4.3006e+05 5.2610e-06 0.6000
818 2.6177e-02 4.5775e+05 5.2790e-06 0.6000
819 2.6813e-02 4.8727e+05 5.2973e-06 0.6000
820 2.7466e-02 5.1873e+05 5.3156e-06 0.6000
821 2.8136e-02 5.5226e+05 5.3342e-06 0.6000
822 2.8822e-02 5.8800e+05 5.3529e-06 0.6000
823 2.9526e-02 6.2611e+05 5.3718e-06 0.6000
824 3.0248e-02 6.6674e+05 5.3908e-06 0.6000
825 3.0989e-02 7.1005e+05 5.4101e-06 0.6000
826 3.1749e-02 7.5624e+05 5.4295e-06 0.6000
827 3.2529e-02 8.0549e+05 5.4492e-06 0.6000
828 3.3328e-02 8.5802e+05 5.4690e-06 0.6000
829 3.4149e-02 9.1405e+05 5.4890e-06 0.6000
830 3.4990e-02 9.7380e+05 5.5093e-06 0.6000
831 3.5853e-02 1.0375e+06 5.5297e-06 0.6000
832 3.6739e-02 1.1055e+06 5.5503e-06 0.6000
833 3.7647e-02 1.1781e+06 5.5712e-06 0.6000
834 3.8580e-02 1.2555e+06 5.5922e-06 0.6000
835 3.9536e-02 1.3381e+06 5.6135e-06 0.6000
836 4.0517e-02 1.4262e+06 5.6350e-06 0.6000
837 4.1524e-02 1.5202e+06 5.6567e-06 0.6000
838 4.2558e-02 1.6206e+06 5.6786e-06 0.6000
839 4.3618e-02 1.7278e+06 5.7008e-06 0.6000
840 4.4706e-02 1.8421e+06 5.7231e-06 0.6000
841 4.5822e-02 1.9642e+06 5.7457e-06 0.6000
842 4.6968e-02 2.0945e+06 5.7685e-06 0.6000
843 4.8143e-02 2.2337e+06 5.7916e-06 0.6000
844 4.9350e-02 2.3822e+06 5.8148e-06 0.6000
845 5.0588e-02 2.5409e+06 5.8384e-06 0.6000
846 5.1859e-02 2.7103e+06 5.8621e-06 0.6000
847 5.3164e-02 2.8912e+06 5.8861e-06 0.6000
848 5.4502e-02 3.0845e+06 5.9103e-06 0.6000
849 5.5877e-02 3.2909e+06 5.9348e-06 0.6000
850 5.7287e-02 3.5114e+06 5.9595e-06 0.6000
851 5.8735e-02 3.7469e+06 5.9845e-06 0.6000
852 6.0221e-02 3.9986e+06 6.0097e-06 0.6000
853 6.1747e-02 4.2675e+06 6.0352e-06 0.6000
854 6.3313e-02 4.5548e+06 6.0609e-06 0.6000
855 6.4920e-02 4.8618e+06 6.0868e-06 0.6000
856 6.6571e-02 5.1899e+06 6.1131e-06 0.6000
857 6.8265e-02 5.5406e+06 6.1395e-06 0.6000
858 7.0005e-02 5.9155e+06 6.1662e-06 0.6000
859 7.1791e-02 6.3161e+06 6.1932e-06 0.6000
860 7.3625e-02 6.7445e+06 6.2204e-06 0.6000
861 7.5507e-02 7.2024e+06 6.2479e-06 0.6000
862 7.7441e-02 7.6920e+06 6.2756e-06 0.6000
863 7.9426e-02 8.2155e+06 6.3036e-06 0.6000
864 8.1464e-02 8.7753e+06 6.3318e-06 0.6000
865 8.3557e-02 9.3740e+06 6.3603e-06 0.6000
866 8.5707e-02 1.0014e+07 6.3890e-06 0.6000
867 8.7914e-02 1.0699e+07 6.4180e-06 0.6000
868 9.0181e-02 1.1432e+07 6.4473e-06 0.6000
869 9.2509e-02 1.2215e+07 6.4768e-06 0.6000
870 9.4899e-02 1.3054e+07 6.5066e-06 0.6000
871 9.7355e-02 1.3951e+07 6.5366e-06 0.6000
872 9.9877e-02 1.4910e+07 6.5669e-06 0.6000
873 1.0247e-01 1.5937e+07 6.5974e-06 0.6000
874 1.0513e-01 1.7036e+07 6.6282e-06 0.6000
875 1.0786e-01 1.8212e+07 6.6592e-06 0.6000
876 1.1067e-01 1.9471e+07 6.6905e-06 0.6000
877 1.1355e-01 2.0819e+07 6.7221e-06 0.6000
878 1.1651e-01 2.2261e+07 6.7539e-06 0.6000
879 1.1956e-01 2.3805e+07 6.7860e-06 0.6000
880 1.2268e-01 2.5459e+07 6.8184e-06 0.6000
881 1.2589e-01 2.7229e+07 6.8510e-06 0.6000
882 1.2919e-01 2.9124e+07 6.8839e-06 0.6000
883 1.3258e-01 3.1154e+07 6.9170e-06 0.6000
884 1.3606e-01 3.3327e+07 6.9505e-06 0.6000
885 1.3964e-01 3.5655e+07 6.9841e-06 0.6000
886 1.4332e-01 3.8149e+07 7.0181e-06 0.6000
887 1.4709e-01 4.0820e+07 7.0523e-06 0.6000
888 1.5098e-01 4.3682e+07 7.0868e-06 0.6000
889 1.5496e-01 4.6747e+07 7.1215e-06 0.6000
890 1.5906e-01 5.0032e+07 7.1566e-06 0.6000
891 1.6327e-01 5.3551e+07 7.1919e-06 0.6000
892 1.6760e-01 5.7323e+07 7.2274e-06 0.6000
893 1.7205e-01 6.1364e+07 7.2633e-06 0.6000
894 1.7662e-01 6.5696e+07 7.2994e-06 0.6000
895 1.8132e-01 7.0339e+07 7.3358e-06 0.6000
896 1.8614e-01 7.5316e+07 7.3725e-06 0.6000
897 1.9111e-01 8.0651e+07 7.4094e-06 0.6000
898 1.9621e-01 8.6370e+07 7.4466e-06 0.6000
899 2.0145e-01 9.2502e+07 7.4841e-06 0.6000
900 2.0684e-01 9.9077e+07 7.5219e-06 0.6000
901 2.1238e-01 1.0613e+08 7.5600e-06 0.6000
902 2.1807e-01 1.1369e+08 7.5983e-06 0.6000
903 2.2392e-01 1.2180e+08 7.6369e-06 0.6000
904 2.2994e-01 1.3049e+08 7.6758e-06 0.6000
905 2.3612e-01 1.3982e+08 7.7150e-06 0.6000
906 2.4248e-01 1.4983e+08 7.7545e-06 0.6000
907 2.4902e-01 1.6057e+08 7.7943e-06 0.6000
908 2.5574e-01 1.7208e+08 7.8343e-06 0.6000
909 2.6265e-01 1.8444e+08 7.8747e-06 0.6000
910 2.6975e-01 1.9770e+08 7.9153e-06 0.6000
911 2.7706e-01 2.1193e+08 7.9563e-06 0.6000
912 2.8457e-01 2.2721e+08 7.9975e-06 0.6000
913 2.9229e-01 2.4360e+08 8.0391e-06 0.6000
914 3.0023e-01 2.6119e+08 8.0809e-06 0.6000
915 3.0840e-01 2.8008e+08 8.1230e-06 0.6000
916 3.1679e-01 3.0035e+08 8.1655e-06 0.6000
917 3.2543e-01 3.2212e+08 8.2082e-06 0.6000
918 3.3431e-01 3.4549e+08 8.2513e-06 0.6000
919 3.4344e-01 3.7058e+08 8.2947e-06 0.6000
920 3.5284e-01 3.9753e+08 8.3383e-06 0.6000
921 3.6250e-01 4.2647e+08 8.3823e-06 0.6000
922 3.7243e-01 4.5755e+08 8.4266e-06 0.6000
923 3.8265e-01 4.9093e+08 8.4712e-06 0.6000
924 3.9316e-01 5.2679e+08 8.5161e-06 0.6000
925 4.0398e-01 5.6531e+08 8.5614e-06 0.6000
926 4.1510e-01 6.0669e+08 8.6070e-06 0.6000
927 4.2654e-01 6.5116e+08 8.6528e-06 0.6000
928 4.3831e-01 6.9893e+08 8.6990e-06 0.6000
929 4.5041e-01 7.5027e+08 8.7456e-06 0.6000
930 4.6287e-01 8.0544e+08 8.7924e-06 0.6000
931 4.7568e-01 8.6474e+08 8.8396e-06 0.6000
932 4.8886e-01 9.2847e+08 8.8871e-06 0.6000
933 5.0242e-01 9.9697e+08 8.9350e-06 0.6000
934 5.1638e-01 1.0706e+09 8.9831e-06 0.6000
935 5.3073e-01 1.1498e+09 9.0316e-06 0.6000
936 5.4550e-01 1.2349e+09 9.0805e-06 0.6000
937 5.6070e-01 1.3264e+09 9.1297e-06 0.6000
938 5.7634e-01 1.4248e+09 9.1792e-06 0.6000
939 5.9243e-01 1.5306e+09 9.2290e-06 0.6000
940 6.0899e-01 1.6444e+09 9.2792e-06 0.6000
941 6.2603e-01 1.7668e+09 9.3298e-06 0.6000
942 6.4357e-01 1.8985e+09 9.3806e-06 0.6000
943 6.6162e-01 2.0401e+09 9.4319e-06 0.6000
944 6.8019e-01 2.1925e+09 9.4834e-06 0.6000
945 6.9931e-01 2.3564e+09 9.5354e-06 0.6000
946 7.1898e-01 2.5328e+09 9.5876e-06 0.6000
947 7.3923e-01 2.7225e+09 9.6403e-06 0.6000
948 7.6007e-01 2.9268e+09 9.6932e-06 0.6000
949 7.8152e-01 3.1465e+09 9.7466e-06 0.6000
950 8.0360e-01 3.3831e+09 9.8003e-06 0.6000
951 8.2633e-01 3.6377e+09 9.8543e-06 0.6000
952 8.4973e-01 3.9117e+09 9.9087e-06 0.6000
953 8.7382e-01 4.2067e+09 9.9635e-06 0.6000
954 8.9861e-01 4.5243e+09 1.0019e-05 0.6000
955 9.2413e-01 4.8663e+09 1.0074e-05 0.6000
956 9.5041e-01 5.2345e+09 1.0130e-05 0.6000
957 9.7747e-01 5.6310e+09 1.0186e-05 0.6000
958 1.0053e+00 6.0580e+09 1.0243e-05 0.6000
959 1.0340e+00 6.5179e+09 1.0300e-05 0.6000
960 1.0635e+00 7.0132e+09 1.0357e-05 0.6000
961 1.0939e+00 7.5468e+09 1.0415e-05 0.6000
962 1.1252e+00 8.1215e+09 1.0473e-05 0.6000
963 1.1575e+00 8.7407e+09 1.0531e-05 0.6000
964 1.1907e+00 9.4078e+09 1.0590e-05 0.6000
965 1.2248e+00 1.0127e+10 1.0649e-05 0.6000
966 1.2600e+00 1.0901e+10 1.0709e-05 0.6000
967 1.2963e+00 1.1736e+10 1.0769e-05 0.6000
968 1.3336e+00 1.2635e+10 1.0829e-05 0.6000
969 1.3720e+00 1.3605e+10 1.0890e-05 0.6000
970 1.4116e+00 1.4650e+10 1.0951e-05 0.6000
971 1.4524e+00 1.5777e+10 1.1012e-05 0.6000
972 1.4944e+00 1.6991e+10 1.1074e-05 0.6000
973 1.5377e+00 1.8300e+10 1.1137e-05 0.6000
974 1.5822e+00 1.9712e+10 1.1199e-05 0.6000
975 1.6281e+00 2.1235e+10 1.1262e-05 0.6000
976 1.6754e+00 2.2876e+10 1.1326e-05 0.6000
977 1.7241e+00 2.4647e+10 1.1389e-05 0.6000
978 1.7743e+00 2.6556e+10 1.1454e-05 0.6000
979 1.8260e+00 2.8616e+10 1.1518e-05 0.6000
980 1.8792e+00 3.0837e+10 1.1583e-05 0.6000
981 1.9341e+00 3.3234e+10 1.1649e-05 0.6000
982 1.9906e+00 3.5819e+10 1.1714e-05 0.6000
983 2.0488e+00 3.8609e+10 1.1780e-05 0.6000
984 2.1088e+00 4.1619e+10 1.1847e-05 0.6000
985 2.1706e+00 4.4868e+10 1.1914e-05 0.6000
986 2.2343e+00 4.8373e+10 1.1981e-05 0.6000
987 2.2999e+00 5.2157e+10 1.2049e-05 0.6000
988 2.3675e+00 5.6240e+10 1.2117e-05 0.6000
989 2.4372e+00 6.0648e+10 1.2186e-05 0.6000
990 2.5090e+00 6.5407e+10 1.2255e-05 0.6000
991 2.5830e+00 7.0544e+10 1.2324e-05 0.6000
992 2.6593e+00 7.6090e+10 1.2394e-05 0.6000
993 2.7378e+00 8.2079e+10 1.2464e-05 0.6000
994 2.8188e+00 8.8546e+10 1.2535e-05 0.6000
995 2.9023e+00 9.5530e+10 1.2606e-05 0.6000
996 2.9883e+00 1.0307e+11 1.2677e-05 0.6000
997 3.0770e+00 1.1122e+11 1.2749e-05 0.6000
998 3.1684e+00 1.2002e+11 1.2821e-05 0.6000
999 3.2626e+00 1.2952e+11 1.2894e-05 0.6000
1000 3.3597e+00 1.3979e+11 1.2967e-05 0.6000
1001 3.4598e+00 1.5089e+11 1.3040e-05 0.6000
1002 3.5630e+00 1.6288e+11 1.3114e-05 0.6000
1003 3.6693e+00 1.7583e+11 1.3189e-05 0.6000
1004 3.7790e+00 1.8983e+11 1.3263e-05 0.6000
1005 3.8920e+00 2.0496e+11 1.3339e-05 0.6000
1006 4.0086e+00 2.2131e+11 1.3414e-05 0.6000
1007 4.1287e+00 2.3898e+11 1.3490e-05 0.6000
1008 4.2526e+00 2.5808e+11 1.3567e-05 0.6000
1009 4.3803e+00 2.7874e+11 1.3643e-05 0.6000
1010 4.5120e+00 3.0107e+11 1.3721e-05 0.6000
1011 4.6478e+00 3.2521e+11 1.3799e-05 0.6000
1012 4.7878e+00 3.5131e+11 1.3877e-05 0.6000
1013 4.9322e+00 3.7954e+11 1.3955e-05 0.6000
1014 5.0811e+00 4.1007e+11 1.4034e-05 0.6000
1015 5.2346e+00 4.4309e+11 1.4114e-05 0.6000
1016 5.3930e+00 4.7880e+11 1.4194e-05 0.6000
1017 5.5563e+00 5.1743e+11 1.4274e-05 0.6000
1018 5.7246e+00 5.5923e+11 1.4355e-05 0.6000
1019 5.8983e+00 6.0444e+11 1.4436e-05 0.6000
1020 6.0774e+00 6.5336e+11 1.4518e-05 0.6000
1021 6.2622e+00 7.0629e+11 1.4600e-05 0.6000
1022 6.4527e+00 7.6356e+11 1.4683e-05 0.6000
1023 6.6492e+00 8.2555e+11 1.4766e-05 0.6000
1024 6.8520e+00 8.9263e+11 1.4849e-05 0.6000
1025 7.0611e+00 9.6524e+11 1.4933e-05 0.6000
1026 7.2768e+00 1.0438e+12 1.5018e-05 0.6000
1027 7.4993e+00 1.1289e+12 1.5103e-05 0.6000
1028 7.7288e+00 1.2210e+12 1.5188e-05 0.6000
1029 7.9656e+00 1.3208e+12 1.5274e-05 0.6000
1030 8.2099e+00 1.4287e+12 1.5360e-05 0.6000
1031 8.4620e+00 1.5457e+12 1.5447e-05 0.6000
1032 8.7220e+00 1.6723e+12 1.5534e-05 0.6000
1033 8.9903e+00 1.8094e+12 1.5622e-05 0.6000
1034 9.2671e+00 1.9579e+12 1.5710e-05 0.6000
1035 9.5527e+00 2.1188e+12 1.5798e-05 0.6000
1036 9.8474e+00 2.2931e+12 1.5888e-05 0.6000
1037 1.0152e+01 2.4819e+12 1.5977e-05 0.6000
1038 1.0465e+01 2.6865e+12 1.6067e-05 0.6000
1039 1.0789e+01 2.9081e+12 1.6158e-05 0.6000
1040 1.1123e+01 3.1482e+12 1.6249e-05 0.6000
1041 1.1468e+01 3.4085e+12 1.6340e-05 0.6000
1042 1.1824e+01 3.6905e+12 1.6432e-05 0.6000
1043 1.2191e+01 3.9962e+12 1.6525e-05 0.6000
1044 1.2570e+01 4.3276e+12 1.6618e-05 0.6000
1045 1.2962e+01 4.6867e+12 1.6711e-05 0.6000
1046 1.3365e+01 5.0761e+12 1.6805e-05 0.6000
1047 1.3782e+01 5.4982e+12 1.6899e-05 0.6000
1048 1.4212e+01 5.9559e+12 1.6994e-05 0.6000
1049 1.4656e+01 6.4522e+12 1.7090e-05 0.6000
1050 1.5115e+01 6.9903e+12 1.7186e-05 0.6000
1051 1.5588e+01 7.5740e+12 1.7282e-05 0.6000
1052 1.6076e+01 8.2070e+12 1.7379e-05 0.6000
1053 1.6581e+01 8.8935e+12 1.7476e-05 0.6000
1054 1.7101e+01 9.6382e+12 1.7574e-05 0.6000
1055 1.7639e+01 1.0446e+13 1.7673e-05 0.6000
1056 1.8193e+01 1.1323e+13 1.7771e-05 0.6000
1057 1.8766e+01 1.2274e+13 1.7871e-05 0.6000
1058 1.9358e+01 1.3305e+13 1.7971e-05 0.6000
1059 1.9968e+01 1.4425e+13 1.8071e-05 0.6000
1060 2.0599e+01 1.5640e+13 1.8172e-05 0.6000
1061 2.1250e+01 1.6959e+13 1.8273e-05 0.6000
1062 2.1922e+01 1.8390e+13 1.8375e-05 0.6000
1063 2.2616e+01 1.9944e+13 1.8477e-05 0.6000
1064 2.3333e+01 2.1631e+13 1.8579e-05 0.6000
1065 2.4074e+01 2.3461e+13 1.8683e-05 0.6000
1066 2.4838e+01 2.5449e+13 1.8786e-05 0.6000
1067 2.5628e+01 2.7608e+13 1.8890e-05 0.6000
1068 2.6443e+01 2.9952e+13 1.8995e-05 0.6000
1069 2.7285e+01 3.2497e+13 1.9100e-05 0.6000
1070 2.8155e+01 3.5261e+13 1.9205e-05 0.6000
1071 2.9054e+01 3.8264e+13 1.9311e-05 0.6000
1072 2.9981e+01 4.1525e+13 1.9417e-05 0.6000
1073 3.0940e+01 4.5067e+13 1.9524e-05 0.6000
1074 3.1930e+01 4.8916e+13 1.9631e-05 0.6000
1075 3.2953e+01 5.3097e+13 1.9739e-05 0.6000
1076 3.4009e+01 5.7640e+13 1.9847e-05 0.6000
1077 3.5101e+01 6.2576e+13 1.9955e-05 0.6000
1078 3.6228e+01 6.7941e+13 2.0064e-05 0.6000
1079 3.7393e+01 7.3770e+13 2.0174e-05 0.6000
1080 3.8596e+01 8.0107e+13 2.0284e-05 0.6000
1081 3.9840e+01 8.6994e+13 2.0394e-05 0.6000
1082 4.1124e+01 9.4480e+13 2.0504e-05 0.6000
1083 4.2451e+01 1.0262e+14 2.0616e-05 0.6000
1084 4.3823e+01 1.1147e+14 2.0727e-05 0.6000
1085 4.5240e+01 1.2109e+14 2.0839e-05 0.6000
1086 4.6704e+01 1.3155e+14 2.0951e-05 0.6000
1087 4.8217e+01 1.4292e+14 2.1064e-05 0.6000
1088 4.9780e+01 1.5529e+14 2.1177e-05 0.6000
1089 5.1396e+01 1.6875e+14 2.1291e-05 0.6000
1090 5.3065e+01 1.8338e+14 2.1405e-05 0.6000
1091 5.4790e+01 1.9930e+14 2.1519e-05 0.6000
1092 5.6574e+01 2.1661e+14 2.1634e-05 0.6000
1093 5.8417e+01 2.3545e+14 2.1749e-05 0.6000
1094 6.0321e+01 2.5595e+14 2.1864e-05 0.6000
1095 6.2290e+01 2.7825e+14 2.1980e-05 0.6000
1096 6.4325e+01 3.0252e+14 2.2096e-05 0.6000
1097 6.6428e+01 3.2893e+14 2.2213e-05 0.6000
1098 6.8602e+01 3.5767e+14 2.2330e-05 0.6000
1099 7.0849e+01 3.8896e+14 2.2448e-05 0.6000
1100 7.3172e+01 4.2301e+14 2.2565e-05 0.6000
1101 7.5573e+01 4.6008e+14 2.2683e-05 0.6000
1102 7.8056e+01 5.0043e+14 2.2802e-05 0.6000
1103 8.0622e+01 5.4437e+14 2.2921e-05 0.6000
1104 8.3275e+01 5.9221e+14 2.3040e-05 0.6000
1105 8.6018e+01 6.4430e+14 2.3160e-05 0.6000
1106 8.8854e+01 7.0103e+14 2.3280e-05 0.6000
1107 9.1786e+01 7.6282e+14 2.3400e-05 0.6000
1108 9.4818e+01 8.3011e+14 2.3521e-05 0.6000
1109 9.7953e+01 9.0340e+14 2.3642e-05 0.6000
1110 1.0119e+02 9.8324e+14 2.3763e-05 0.6000
1111 1.0455e+02 1.0702e+15 2.3885e-05 0.6000
1112 1.0801e+02 1.1650e+15 2.4007e-05 0.6000
1113 1.1160e+02 1.2682e+15 2.4129e-05 0.6000
1114 1.1530e+02 1.3807e+15 2.4252e-05 0.6000
1115 1.1913e+02 1.5033e+15 2.4375e-05 0.6000
1116 1.2310e+02 1.6370e+15 2.4499e-05 0.6000
1117 1.2720e+02 1.7826e+15 2.4622e-05 0.6000
1118 1.3144e+02 1.9413e+15 2.4747e-05 0.6000
1119 1.3582e+02 2.1143e+15 2.4871e-05 0.6000
1120 1.4036e+02 2.3030e+15 2.4996e-05 0.6000
1121 1.4505e+02 2.5086e+15 2.5121e-05 0.6000
1122 1.4990e+02 2.7328e+15 2.5246e-05 0.6000
1123 1.5492e+02 2.9773e+15 2.5372e-05 0.6000
1124 1.6011e+02 3.2439e+15 2.5498e-05 0.6000
1125 1.6548e+02 3.5346e+15 2.5624e-05 0.6000
1126 1.7104e+02 3.8517e+15 2.5750e-05 0.6000
1127 1.7679e+02 4.1975e+15 2.5877e-05 0.6000
1128 1.8274e+02 4.5748e+15 2.6004e-05 0.6000
1129 1.8889e+02 4.9863e+15 2.6132e-05 0.6000
1130 1.9525e+02 5.4353e+15 2.6259e-05 0.6000
1131 2.0184e+02 5.9251e+15 2.6387e-05 0.6000
1132 2.0865e+02 6.4596e+15 2.6516e-05 0.6000
1133 2.1570e+02 7.0429e+15 2.6644e-05 0.6000
1134 2.2300e+02 7.6794e+15 2.6773e-05 0.6000
1135 2.3054e+02 8.3740e+15 2.6902e-05 0.6000
1136 2.3835e+02 9.1322e+15 2.7032e-05 0.6000
1137 2.4644e+02 9.9598e+15 2.7161e-05 0.6000
1138 2.5480e+02 1.0863e+16 2.7291e-05 0.6000
1139 2.6346e+02 1.1850e+16 2.7421e-05 0.6000
1140 2.7241e+02 1.2926e+16 2.7552e-05 0.6000
1141 2.8168e+02 1.4102e+16 2.7683e-05 0.6000
1142 2.9128e+02 1.5386e+16 2.7814e-05 0.6000
1143 3.0121e+02 1.6788e+16 2.7945e-05 0.6000
1144 3.1148e+02 1.8319e+16 2.8076e-05 0.6000
1145 3.2212e+02 1.9991e+16 2.8208e-05 0.6000
1146 3.3313e+02 2.1818e+16 2.8340e-05 0.6000
1147 3.4453e+02 2.3813e+16 2.8472e-05 0.6000
1148 3.5633e+02 2.5993e+16 2.8604e-05 0.6000
1149 3.6854e+02 2.8375e+16 2.8737e-05 0.6000
1150 3.8118e+02 3.0977e+16 2.8870e-05 0.6000
1151 3.9427e+02 3.3820e+16 2.9003e-05 0.6000
1152 4.0782e+02 3.6928e+16 2.9136e-05 0.6000
1153 4.2184e+02 4.0323e+16 2.9270e-05 0.6000
1154 4.3637e+02 4.4035e+16 2.9404e-05 0.6000
1155 4.5140e+02 4.8091e+16 2.9538e-05 0.6000
1156 4.6697e+02 5.2525e+16 2.9672e-05 0.6000
1157 4.8308e+02 5.7373e+16 2.9807e-05 0.6000
1158 4.9977e+02 6.2673e+16 2.9942e-05 0.6000
1159 5.1705e+02 6.8467e+16 3.0078e-05 0.6000
1160 5.3495e+02 7.4803e+16 3.0213e-05 0.6000
1161 5.5348e+02 8.1731e+16 3.0350e-05 0.6000
1162 5.7266e+02 8.9308e+16 3.0486e-05 0.6000
1163 5.9253e+02 9.7595e+16 3.0623e-05 0.6000
1164 6.1311e+02 1.0666e+17 3.0760e-05 0.6000
1165 6.3442e+02 1.1657e+17 3.0898e-05 0.6000
1166 6.5649e+02 1.2742e+17 3.1036e-05 0.6000
1167 6.7935e+02 1.3929e+17 3.1174e-05 0.6000
1168 7.0302e+02 1.5227e+17 3.1313e-05 0.6000
1169 7.2755e+02 1.6647e+17 3.1453e-05 0.6000
1170 7.5294e+02 1.8202e+17 3.1593e-05 0.6000
1171 7.7925e+02 1.9903e+17 3.1733e-05 0.6000
1172 8.0650e+02 2.1764e+17 3.1874e-05 0.6000
1173 8.3473e+02 2.3802e+17 3.2016e-05 0.6000
1174 8.6397e+02 2.6032e+17 3.2158e-05 0.6000
1175 8.9427e+02 2.8474e+17 3.2300e-05 0.6000
1176 9.2565e+02 3.1147e+17 3.2444e-05 0.6000
1177 9.5816e+02 3.4073e+17 3.2587e-05 0.6000
1178 9.9184e+02 3.7278e+17 3.2732e-05 0.6000
1179 1.0267e+03 4.0786e+17 3.2877e-05 0.6000
1180 1.0629e+03 4.4629e+17 3.3022e-05 0.6000
1181 1.1004e+03 4.8837e+17 3.3168e-05 0.6000
1182 1.1392e+03 5.3446e+17 3.3315e-05 0.6000
1183 1.1794e+03 5.8494e+17 3.3463e-05 0.6000
1184 1.2211e+03 6.4024e+17 3.3611e-05 0.6000
1185 1.2642e+03 7.0083e+17 3.3760e-05 0.6000
1186 1.3090e+03 7.6720e+17 3.3909e-05 0.6000
1187 1.3554e+03 8.3993e+17 3.4060e-05 0.6000
1188 1.4034e+03 9.1962e+17 3.4211e-05 0.6000
1189 1.4532e+03 1.0069e+18 3.4362e-05 0.6000
1190 1.5048e+03 1.1026e+18 3.4515e-05 0.6000
1191 1.5583e+03 1.2075e+18 3.4668e-05 0.6000
1192 1.6138e+03 1.3225e+18 3.4822e-05 0.6000
1193 1.6712e+03 1.4485e+18 3.4977e-05 0.6000
1194 1.7308e+03 1.5867e+18 3.5133e-05 0.6000
1195 1.7925e+03 1.7382e+18 3.5290e-05 0.6000
1196 1.8565e+03 1.9042e+18 3.5447e-05 0.6000
1197 1.9229e+03 2.0863e+18 3.5605e-05 0.6000
1198 1.9916e+03 2.2860e+18 3.5765e-05 0.6000
1199 2.0629e+03 2.5050e+18 3.5925e-05 0.6000
1200 2.1368e+03 2.7452e+18 3.6086e-05 0.6000
1201 2.2134e+03 3.0086e+18 3.6248e-05 0.6000
1202 2.2928e+03 3.2976e+18 3.6410e-05 0.6000
1203 2.3752e+03 3.6145e+18 3.6574e-05 0.6000
1204 2.4605e+03 3.9623e+18 3.6738e-05 0.6000
1205 2.5490e+03 4.3439e+18 3.6904e-05 0.6000
1206 2.6408e+03 4.7625e+18 3.7070e-05 0.6000
1207 2.7360e+03 5.2219e+18 3.7237e-05 0.6000
1208 2.8346e+03 5.7261e+18 3.7405e-05 0.6000
1209 2.9370e+03 6.2794e+18 3.7573e-05 0.6000
1210 3.0430e+03 6.8867e+18 3.7742e-05 0.6000
1211 3.1531e+03 7.5534e+18 3.7912e-05 0.6000
1212 3.2672e+03 8.2852e+18 3.8083e-05 0.6000
1213 3.3855e+03 9.0885e+18 3.8254e-05 0.6000
1214 3.5082e+03 9.9706e+18 3.8426e-05 0.6000
1215 3.6355e+03 1.0939e+19 3.8598e-05 0.6000
1216 3.7675e+03 1.2003e+19 3.8771e-05 0.6000
1217 3.9044e+03 1.3170e+19 3.8944e-05 0.6000
1218 4.0464e+03 1.4453e+19 3.9119e-05 0.6000
1219 4.1936e+03 1.5862e+19 3.9293e-05 0.6000
1220 4.3464e+03 1.7409e+19 3.9468e-05 0.6000
1221 4.5049e+03 1.9109e+19 3.9644e-05 0.6000
1222 4.6692e+03 2.0976e+19 3.9820e-05 0.6000
1223 4.8398e+03 2.3028e+19 3.9996e-05 0.6000
1224 5.0167e+03 2.5282e+19 4.0173e-05 0.6000
1225 5.2002e+03 2.7759e+19 4.0350e-05 0.6000
1226 5.3906e+03 3.0480e+19 4.0528e-05 0.6000
1227 5.5881e+03 3.3472e+19 4.0706e-05 0.6000
1228 5.7930e+03 3.6759e+19 4.0884e-05 0.6000
1229 6.0056e+03 4.0373e+19 4.1062e-05 0.6000
1230 6.2262e+03 4.4345e+19 4.1241e-05 0.6000
1231 6.4551e+03 4.8712e+19 4.1420e-05 0.6000
1232 6.6926e+03 5.3513e+19 4.1599e-05 0.6000
1233 6.9391e+03 5.8792e+19 4.1778e-05 0.6000
1234 7.1948e+03 6.4596e+19 4.1958e-05 0.6000
1235 7.4602e+03 7.0978e+19 4.2138e-05 0.6000
1236 7.7356e+03 7.7998e+19 4.2317e-05 0.6000
1237 8.0214e+03 8.5718e+19 4.2497e-05 0.6000
1238 8.3180e+03 9.4209e+19 4.2677e-05 0.6000
1239 8.6258e+03 1.0355e+20 4.2857e-05 0.6000
1240 8.9453e+03 1.1382e+20 4.3037e-05 0.6000
1241 9.2768e+03 1.2513e+20 4.3217e-05 0.6000
1242 9.6210e+03 1.3757e+20 4.3397e-05 0.6000
1243 9.9782e+03 1.5125e+20 4.3577e-05 0.6000
1244 1.0349e+04 1.6631e+20 4.3757e-05 0.6000
1245 1.0734e+04 1.8288e+20 4.3937e-05 0.6000
1246 1.1133e+04 2.0112e+20 4.4116e-05 0.6000
1247 1.1548e+04 2.2120e+20 4.4296e-05 0.6000
1248 1.1979e+04 2.4329e+20 4.4475e-05 0.6000
1249 1.2425e+04 2.6762e+20 4.4654e-05 0.6000
1250 1.2889e+04 2.9440e+20 4.4833e-05 0.6000
1251 1.3371e+04 3.2388e+20 4.5012e-05 0.6000
1252 1.3871e+04 3.5635e+20 4.5190e-05 0.6000
1253 1.4390e+04 3.9209e+20 4.5369e-05 0.6000
1254 1.4930e+04 4.3146e+20 4.5548e-05 0.6000
1255 1.5489e+04 4.7482e+20 4.5727e-05 0.6000
1256 1.6071e+04 5.2257e+20 4.5907e-05 0.6000
1257 1.6674e+04 5.7517e+20 4.6087e-05 0.6000
1258 1.7301e+04 6.3311e+20 4.6268e-05 0.6000
1259 1.7952e+04 6.9694e+20 4.6449e-05 0.6000
1260 1.8627e+04 7.6727e+20 4.6632e-05 0.6000
1261 1.9329e+04 8.4476e+20 4.6816e-05 0.6000
1262 2.0058e+04 9.3014e+20 4.7001e-05 0.6000
1263 2.0815e+04 1.0242e+21 4.7187e-05 0.6000
1264 2.1601e+04 1.1279e+21 4.7375e-05 0.6000
1265 2.2417e+04 1.2422e+21 4.7565e-05 0.6000
1266 2.3265e+04 1.3682e+21 4.7757e-05 0.6000
1267 2.4146e+04 1.5071e+21 4.7950e-05 0.6000
1268 2.5061e+04 1.6601e+21 4.8146e-05 0.6000
1269 2.6011e+04 1.8289e+21 4.8344e-05 0.6000
1270 2.6999e+04 2.0150e+21 4.8544e-05 0.6000
1271 2.8024e+04 2.2202e+21 4.8747e-05 0.6000
1272 2.9089e+04 2.4465e+21 4.8953e-05 0.6000
1273 3.0196e+04 2.6960e+21 4.9161e-05 0.6000
1274 3.1345e+04 2.9712e+21 4.9372e-05 0.6000
1275 3.2540e+04 3.2748e+21 4.9587e-05 0.6000
1276 3.3780e+04 3.6096e+21 4.9804e-05 0.6000
1277 3.5070e+04 3.9790e+21 5.0026e-05 0.6000
1278 3.6409e+04 4.3866e+21 5.0250e-05 0.6000
1279 3.7801e+04 4.8362e+21 5.0478e-05 0.6000
1280 3.9247e+04 5.3323e+21 5.0710e-05 0.6000
1281 4.0749e+04 5.8798e+21 5.0946e-05 0.6000
1282 4.2311e+04 6.4840e+21 5.1186e-05 0.6000
1283 4.3933e+04 7.1508e+21 5.1431e-05 0.6000
1284 4.5619e+04 7.8868e+21 5.1679e-05 0.6000
1285 4.7371e+04 8.6992e+21 5.1933e-05 0.6000
1286 4.9192e+04 9.5960e+21 5.2191e-05 0.6000
1287 5.1084e+04 1.0586e+22 5.2453e-05 0.6000
1288 5.3051e+04 1.1679e+22 5.2721e-05 0.6000
1289 5.5095e+04 1.2886e+22 5.2994e-05 0.6000
1290 5.7219e+04 1.4219e+22 5.3272e-05 0.6000
1291 5.9427e+04 1.5691e+22 5.3555e-05 0.6000
1292 6.1722e+04 1.7316e+22 5.3844e-05 0.6000
1293 6.4108e+04 1.9112e+22 5.4139e-05 0.6000
1294 6.6587e+04 2.1095e+22 5.4439e-05 0.6000
1295 6.9165e+04 2.3286e+22 5.4746e-05 0.6000
1296 7.1844e+04 2.5706e+22 5.5058e-05 0.6000
1297 7.4630e+04 2.8380e+22 5.5377e-05 0.6000
1298 7.7526e+04 3.1334e+22 5.5703e-05 0.6000
1299 8.0536e+04 3.4599e+22 5.6034e-05 0.6000
1300 8.3666e+04 3.8207e+22 5.6373e-05 0.6000
1301 8.6920e+04 4.2194e+22 5.6718e-05 0.6000
1302 9.0304e+04 4.6600e+22 5.7070e-05 0.6000
1303 9.3821e+04 5.1471e+22 5.7427e-05 0.6000
1304 9.7479e+04 5.6856e+22 5.7791e-05 0.6000
1305 1.0128e+05 6.2808e+22 5.8159e-05 0.6000
1306 1.0524e+05 6.9389e+22 5.8532e-05 0.6000
1307 1.0935e+05 7.6665e+22 5.8909e-05 0.6000
1308 1.1363e+05 8.4711e+22 5.9289e-05 0.6000
1309 1.1807e+05 9.3608e+22 5.9673e-05 0.6000
1310 1.2270e+05 1.0345e+23 6.0060e-05 0.6000
1311 1.2751e+05 1.1433e+23 6.0449e-05 0.6000
1312 1.3251e+05 1.2637e+23 6.0839e-05 0.6000
1313 1.3771e+05 1.3968e+23 6.1231e-05 0.6000
1314 1.4312e+05 1.5441e+23 6.1625e-05 0.6000
1315 1.4875e+05 1.7071e+23 6.2018e-05 0.6000
1316 1.5460e+05 1.8874e+23 6.2412e-05 0.6000
1317 1.6069e+05 2.0869e+23 6.2805e-05 0.6000
1318 1.6702e+05 2.3077e+23 6.3197e-05 0.6000
1319 1.7361e+05 2.5520e+23 6.3588e-05 0.6000
1320 1.8047e+05 2.8224e+23 6.3977e-05 0.6000
1321 1.8759e+05 3.1217e+23 6.4364e-05 0.6000
1322 1.9501e+05 3.4530e+23 6.4748e-05 0.6000
1323 2.0273e+05 3.8197e+23 6.5129e-05 0.6000
1324 2.1075e+05 4.2257e+23 6.5506e-05 0.6000
1325 2.1910e+05 4.6753e+23 6.5879e-05 0.6000
1326 2.2779e+05 5.1730e+23 6.6248e-05 0.6000
1327 2.3683e+05 5.7242e+23 6.6611e-05 0.6000
1328 2.4624e+05 6.3346e+23 6.6969e-05 0.6000
1329 2.5603e+05 7.0106e+23 6.7320e-05 0.6000
1330 2.6621e+05 7.7593e+23 6.7666e-05 0.6000
1331 2.7681e+05 8.5887e+23 6.8004e-05 0.6000
1332 2.8784e+05 9.5074e+23 6.8335e-05 0.6000
1333 2.9931e+05 1.0525e+24 6.8658e-05 0.6000
1334 3.1125e+05 1.1653e+24 6.8972e-05 0.6000
1335 3.2368e+05 1.2902e+24 6.9278e-05 0.6000
1336 3.3662e+05 1.4287e+24 6.9574e-05 0.6000
1337 3.5008e+05 1.5821e+24 6.9860e-05 0.6000
1338 3.6409e+05 1.7522e+24 7.0137e-05 0.6000
1339 3.7867e+05 1.9406e+24 7.0402e-05 0.6000
1340 3.9385e+05 2.1495e+24 7.0656e-05 0.6000
1341 4.0965e+05 2.3811e+24 7.0899e-05 0.6000
1342 4.2609e+05 2.6378e+24 7.1129e-05 0.6000
1343 4.4321e+05 2.9225e+24 7.1347e-05 0.6000
1344 4.6103e+05 3.2380e+24 7.1551e-05 0.6000
1345 4.7958e+05 3.5880e+24 7.1742e-05 0.6000
1346 4.9889e+05 3.9760e+24 7.1919e-05 0.6000
1347 5.1899e+05 4.4064e+24 7.2081e-05 0.6000
1348 5.3992e+05 4.8837e+24 7.2228e-05 0.6000
1349 5.6171e+05 5.4131e+24 7.2360e-05 0.6000
1350 5.8440e+05 6.0004e+24 7.2475e-05 0.6000
