2 1.4170e-06 1.3309e-05 4.1126e-07 0.7000
3 1.4171e-06 1.5939e-05 3.5564e-07 0.7000
4 1.4173e-06 1.1662e-05 3.3617e-07 0.7000
5 1.4175e-06 1.2466e-05 3.2889e-07 0.7000
6 1.4177e-06 1.0443e-05 3.2342e-07 0.7000
7 1.4180e-06 9.8983e-06 3.2137e-07 0.7000
8 1.4183e-06 9.1409e-06 3.1884e-07 0.7000
9 1.4187e-06 8.4971e-06 3.1813e-07 0.7000
10 1.4191e-06 8.4303e-06 3.1664e-07 0.7000
11 1.4196e-06 7.7068e-06 3.1440e-07 0.7000
12 1.4201e-06 7.3498e-06 3.1209e-07 0.7000
13 1.4206e-06 6.8513e-06 3.1012e-07 0.7000
14 1.4212e-06 6.6719e-06 3.0877e-07 0.7000
15 1.4218e-06 6.3965e-06 3.0815e-07 0.7000
16 1.4225e-06 6.3308e-06 3.0827e-07 0.7000
17 1.4232e-06 5.8686e-06 3.0904e-07 0.7000
18 1.4240e-06 5.6279e-06 3.1029e-07 0.7000
19 1.4248e-06 5.0965e-06 3.1174e-07 0.7000
20 1.4256e-06 5.0781e-06 3.1308e-07 0.7000
21 1.4265e-06 4.8434e-06 3.1401e-07 0.7000
22 1.4274e-06 4.6962e-06 3.1452e-07 0.7000
23 1.4284e-06 4.3847e-06 3.1469e-07 0.7000
24 1.4294e-06 4.4049e-06 3.1461e-07 0.7000
25 1.4304e-06 4.1573e-06 3.1433e-07 0.7000
26 1.4315e-06 4.0600e-06 3.1391e-07 0.7000
27 1.4326e-06 3.9721e-06 3.1342e-07 0.7000
28 1.4338e-06 3.8761e-06 3.1289e-07 0.7000
29 1.4350e-06 3.6851e-06 3.1238e-07 0.7000
30 1.4363e-06 3.6881e-06 3.1191e-07 0.7000
31 1.4376e-06 3.6913e-06 3.1153e-07 0.7000
32 1.4390e-06 3.6945e-06 3.1125e-07 0.7000
33 1.4404e-06 3.6979e-06 3.1105e-07 0.7000
34 1.4418e-06 3.7013e-06 3.1096e-07 0.7000
35 1.4433e-06 3.7049e-06 3.1094e-07 0.7000
36 1.4448e-06 3.7086e-06 3.1100e-07 0.7000
37 1.4464e-06 3.7123e-06 3.1112e-07 0.7000
38 1.4480e-06 3.7162e-06 3.1127e-07 0.7000
39 1.4496e-06 3.7202e-06 3.1143e-07 0.7000
40 1.4513e-06 3.7243e-06 3.1159e-07 0.7000
41 1.4531e-06 3.7285e-06 3.1170e-07 0.7000
42 1.4549e-06 3.7328e-06 3.1178e-07 0.7000
43 1.4567e-06 3.7372e-06 3.1184e-07 0.7000
44 1.4586e-06 3.7417e-06 3.1188e-07 0.7000
45 1.4605e-06 3.7463e-06 3.1191e-07 0.7000
46 1.4625e-06 3.7511e-06 3.1194e-07 0.7000
47 1.4645e-06 3.7559e-06 3.1196e-07 0.7000
48 1.4666e-06 3.7609e-06 3.1199e-07 0.7000
49 1.4687e-06 3.7659e-06 3.1203e-07 0.7000
50 1.4708e-06 3.7711e-06 3.1209e-07 0.7000
51 1.4730e-06 3.7764e-06 3.1215e-07 0.7000
52 1.4753e-06 3.7818e-06 3.1224e-07 0.7000
53 1.4776e-06 3.7873e-06 3.1233e-07 0.7000
54 1.4799e-06 3.7929e-06 3.1245e-07 0.7000
55 1.4823e-06 3.7987e-06 3.1258e-07 0.7000
56 1.4847e-06 3.8045e-06 3.1273e-07 0.7000
57 1.4872e-06 3.8105e-06 3.1288e-07 0.7000
58 1.4898e-06 3.8165e-06 3.1305e-07 0.7000
59 1.4923e-06 3.8227e-06 3.1323e-07 0.7000
60 1.4950e-06 3.8290e-06 3.1341e-07 0.7000
61 1.4976e-06 3.8355e-06 3.1360e-07 0.7000
62 1.5004e-06 3.8420e-06 3.1379e-07 0.7000
63 1.5031e-06 3.8486e-06 3.1398e-07 0.7000
64 1.5060e-06 3.8554e-06 3.1417e-07 0.7000
65 1.5088e-06 3.8623e-06 3.1438e-07 0.7000
66 1.5118e-06 3.8693e-06 3.1458e-07 0.7000
67 1.5147e-06 3.8764e-06 3.1480e-07 0.7000
68 1.5178e-06 3.8837e-06 3.1502e-07 0.7000
69 1.5208e-06 3.8911e-06 3.1525e-07 0.7000
70 1.5240e-06 3.8985e-06 3.1548e-07 0.7000
71 1.5271e-06 3.9062e-06 3.1572e-07 0.7000
72 1.5304e-06 3.9139e-06 3.1597e-07 0.7000
73 1.5337e-06 3.9217e-06 3.1622e-07 0.7000
74 1.5370e-06 3.9297e-06 3.1647e-07 0.7000
75 1.5404e-06 3.9378e-06 3.1674e-07 0.7000
76 1.5438e-06 3.9461e-06 3.1701e-07 0.7000
77 1.5473e-06 3.9544e-06 3.1728e-07 0.7000
78 1.5508e-06 3.9629e-06 3.1756e-07 0.7000
79 1.5544e-06 3.9715e-06 3.1784e-07 0.7000
80 1.5581e-06 3.9802e-06 3.1813e-07 0.7000
81 1.5618e-06 3.9891e-06 3.1841e-07 0.7000
82 1.5656e-06 3.9981e-06 3.1870e-07 0.7000
83 1.5694e-06 4.0072e-06 3.1900e-07 0.7000
84 1.5732e-06 4.0165e-06 3.1929e-07 0.7000
85 1.5772e-06 4.0259e-06 3.1959e-07 0.7000
86 1.5812e-06 4.0354e-06 3.1989e-07 0.7000
87 1.5852e-06 4.0450e-06 3.2020e-07 0.7000
88 1.5893e-06 4.0548e-06 3.2050e-07 0.7000
89 1.5934e-06 4.0648e-06 3.2081e-07 0.7000
90 1.5977e-06 4.0748e-06 3.2112e-07 0.7000
91 1.6019e-06 4.0850e-06 3.2143e-07 0.7000
92 1.6063e-06 4.0953e-06 3.2174e-07 0.7000
93 1.6106e-06 4.1058e-06 3.2205e-07 0.7000
94 1.6151e-06 4.1164e-06 3.2236e-07 0.7000
95 1.6196e-06 4.1272e-06 3.2267e-07 0.7000
96 1.6242e-06 4.1381e-06 3.2298e-07 0.7000
97 1.6288e-06 4.1491e-06 3.2329e-07 0.7000
98 1.6335e-06 4.1603e-06 3.2360e-07 0.7000
99 1.6382e-06 4.1716e-06 3.2391e-07 0.7000
100 1.6430e-06 4.1831e-06 3.2421e-07 0.7000
101 1.6479e-06 4.1947e-06 3.2452e-07 0.7000
102 1.6528e-06 4.2065e-06 3.2482e-07 0.7000
103 1.6578e-06 4.2184e-06 3.2511e-07 0.7000
104 1.6629e-06 4.2305e-06 3.2540e-07 0.7000
105 1.6680e-06 4.2427e-06 3.2570e-07 0.7000
106 1.6732e-06 4.2551e-06 3.2598e-07 0.7000
107 1.6785e-06 4.2676e-06 3.2627e-07 0.7000
108 1.6838e-06 4.2803e-06 3.2655e-07 0.7000
109 1.6892e-06 4.2931e-06 3.2684e-07 0.7000
110 1.6947e-06 4.3061e-06 3.2711e-07 0.7000
111 1.7002e-06 4.3193e-06 3.2739e-07 0.7000
112 1.7058e-06 4.3326e-06 3.2766e-07 0.7000
113 1.7114e-06 4.3460e-06 3.2793e-07 0.7000
114 1.7172e-06 4.3597e-06 3.2820e-07 0.7000
115 1.7230e-06 4.3735e-06 3.2847e-07 0.7000
116 1.7289e-06 4.3874e-06 3.2873e-07 0.7000
117 1.7348e-06 4.4015e-06 3.2898e-07 0.7000
118 1.7408e-06 4.4158e-06 3.2924e-07 0.7000
119 1.7469e-06 4.4303e-06 3.2948e-07 0.7000
120 1.7531e-06 4.4449e-06 3.2973e-07 0.7000
121 1.7593e-06 4.4597e-06 3.2996e-07 0.7000
122 1.7656e-06 4.4747e-06 3.3020e-07 0.7000
123 1.7720e-06 4.4898e-06 3.3042e-07 0.7000
124 1.7784e-06 4.5051e-06 3.3064e-07 0.7000
125 1.7850e-06 4.5206e-06 3.3085e-07 0.7000
126 1.7916e-06 4.5363e-06 3.3106e-07 0.7000
127 1.7983e-06 4.5521e-06 3.3125e-07 0.7000
128 1.8050e-06 4.5682e-06 3.3144e-07 0.7000
129 1.8119e-06 4.5844e-06 3.3162e-07 0.7000
130 1.8188e-06 4.6008e-06 3.3180e-07 0.7000
131 1.8258e-06 4.6174e-06 3.3197e-07 0.7000
132 1.8329e-06 4.6342e-06 3.3213e-07 0.7000
133 1.8400e-06 4.6511e-06 3.3229e-07 0.7000
134 1.8473e-06 4.6683e-06 3.3243e-07 0.7000
135 1.8546e-06 4.6856e-06 3.3258e-07 0.7000
136 1.8620e-06 4.7031e-06 3.3271e-07 0.7000
137 1.8695e-06 4.7209e-06 3.3284e-07 0.7000
138 1.8771e-06 4.7388e-06 3.3297e-07 0.7000
139 1.8848e-06 4.7569e-06 3.3309e-07 0.7000
140 1.8925e-06 4.7753e-06 3.3320e-07 0.7000
141 1.9004e-06 4.7938e-06 3.3331e-07 0.7000
142 1.9083e-06 4.8125e-06 3.3341e-07 0.7000
143 1.9163e-06 4.8315e-06 3.3350e-07 0.7000
144 1.9244e-06 4.8506e-06 3.3359e-07 0.7000
145 1.9326e-06 4.8700e-06 3.3368e-07 0.7000
146 1.9409e-06 4.8895e-06 3.3376e-07 0.7000
147 1.9493e-06 4.9093e-06 3.3383e-07 0.7000
148 1.9578e-06 4.9293e-06 3.3390e-07 0.7000
149 1.9664e-06 4.9495e-06 3.3396e-07 0.7000
150 1.9750e-06 4.9700e-06 3.3402e-07 0.7000
151 1.9838e-06 4.9906e-06 3.3407e-07 0.7000
152 1.9927e-06 5.0115e-06 3.3411e-07 0.7000
153 2.0016e-06 5.0326e-06 3.3415e-07 0.7000
154 2.0107e-06 5.0539e-06 3.3419e-07 0.7000
155 2.0198e-06 5.0755e-06 3.3422e-07 0.7000
156 2.0291e-06 5.0973e-06 3.3424e-07 0.7000
157 2.0385e-06 5.1193e-06 3.3426e-07 0.7000
158 2.0479e-06 5.1416e-06 3.3428e-07 0.7000
159 2.0575e-06 5.1641e-06 3.3429e-07 0.7000
160 2.0672e-06 5.1868e-06 3.3430e-07 0.7000
161 2.0770e-06 5.2098e-06 3.3431e-07 0.7000
162 2.0869e-06 5.2330e-06 3.3431e-07 0.7000
163 2.0969e-06 5.2565e-06 3.3431e-07 0.7000
164 2.1070e-06 5.2803e-06 3.3431e-07 0.7000
165 2.1172e-06 5.3042e-06 3.3431e-07 0.7000
166 2.1275e-06 5.3285e-06 3.3430e-07 0.7000
167 2.1380e-06 5.3530e-06 3.3429e-07 0.7000
168 2.1485e-06 5.3777e-06 3.3428e-07 0.7000
169 2.1592e-06 5.4028e-06 3.3427e-07 0.7000
170 2.1700e-06 5.4280e-06 3.3426e-07 0.7000
171 2.1809e-06 5.4536e-06 3.3424e-07 0.7000
172 2.1919e-06 5.4794e-06 3.3422e-07 0.7000
173 2.2031e-06 5.5055e-06 3.3421e-07 0.7000
174 2.2144e-06 5.5319e-06 3.3419e-07 0.7000
175 2.2258e-06 5.5586e-06 3.3417e-07 0.7000
176 2.2373e-06 5.5855e-06 3.3415e-07 0.7000
177 2.2489e-06 5.6127e-06 3.3413e-07 0.7000
178 2.2607e-06 5.6402e-06 3.3411e-07 0.7000
179 2.2726e-06 5.6680e-06 3.3409e-07 0.7000
180 2.2846e-06 5.6961e-06 3.3408e-07 0.7000
181 2.2968e-06 5.7245e-06 3.3406e-07 0.7000
182 2.3091e-06 5.7532e-06 3.3404e-07 0.7000
183 2.3215e-06 5.7822e-06 3.3403e-07 0.7000
184 2.3341e-06 5.8115e-06 3.3402e-07 0.7000
185 2.3468e-06 5.8411e-06 3.3401e-07 0.7000
186 2.3596e-06 5.8710e-06 3.3400e-07 0.7000
187 2.3726e-06 5.9012e-06 3.3400e-07 0.7000
188 2.3857e-06 5.9318e-06 3.3400e-07 0.7000
189 2.3989e-06 5.9627e-06 3.3400e-07 0.7000
190 2.4123e-06 5.9939e-06 3.3401e-07 0.7000
191 2.4259e-06 6.0254e-06 3.3402e-07 0.7000
192 2.4396e-06 6.0572e-06 3.3403e-07 0.7000
193 2.4534e-06 6.0894e-06 3.3405e-07 0.7000
194 2.4674e-06 6.1220e-06 3.3408e-07 0.7000
195 2.4816e-06 6.1549e-06 3.3410e-07 0.7000
196 2.4959e-06 6.1881e-06 3.3414e-07 0.7000
197 2.5104e-06 6.2217e-06 3.3418e-07 0.7000
198 2.5250e-06 6.2556e-06 3.3423e-07 0.7000
199 2.5398e-06 6.2899e-06 3.3428e-07 0.7000
200 2.5547e-06 6.3245e-06 3.3434e-07 0.7000
201 2.5698e-06 6.3595e-06 3.3441e-07 0.7000
202 2.5851e-06 6.3949e-06 3.3448e-07 0.7000
203 2.6005e-06 6.4307e-06 3.3456e-07 0.7000
204 2.6161e-06 6.4668e-06 3.3465e-07 0.7000
205 2.6319e-06 6.5033e-06 3.3474e-07 0.7000
206 2.6479e-06 6.5402e-06 3.3485e-07 0.7000
207 2.6640e-06 6.5775e-06 3.3496e-07 0.7000
208 2.6803e-06 6.6152e-06 3.3508e-07 0.7000
209 2.6968e-06 6.6533e-06 3.3521e-07 0.7000
210 2.7134e-06 6.6918e-06 3.3535e-07 0.7000
211 2.7303e-06 6.7307e-06 3.3550e-07 0.7000
212 2.7473e-06 6.7700e-06 3.3566e-07 0.7000
213 2.7645e-06 6.8097e-06 3.3583e-07 0.7000
214 2.7819e-06 6.8498e-06 3.3601e-07 0.7000
215 2.7995e-06 6.8904e-06 3.3620e-07 0.7000
216 2.8173e-06 6.9314e-06 3.3640e-07 0.7000
217 2.8353e-06 6.9728e-06 3.3662e-07 0.7000
218 2.8535e-06 7.0147e-06 3.3684e-07 0.7000
219 2.8719e-06 7.0570e-06 3.3707e-07 0.7000
220 2.8904e-06 7.0998e-06 3.3732e-07 0.7000
221 2.9092e-06 7.1430e-06 3.3758e-07 0.7000
222 2.9282e-06 7.1867e-06 3.3785e-07 0.7000
223 2.9475e-06 7.2309e-06 3.3814e-07 0.7000
224 2.9669e-06 7.2755e-06 3.3843e-07 0.7000
225 2.9865e-06 7.3206e-06 3.3874e-07 0.7000
226 3.0064e-06 7.3662e-06 3.3906e-07 0.7000
227 3.0265e-06 7.4123e-06 3.3940e-07 0.7000
228 3.0468e-06 7.4588e-06 3.3975e-07 0.7000
229 3.0673e-06 7.5059e-06 3.4011e-07 0.7000
230 3.0881e-06 7.5535e-06 3.4049e-07 0.7000
231 3.1091e-06 7.6015e-06 3.4089e-07 0.7000
232 3.1303e-06 7.6501e-06 3.4129e-07 0.7000
233 3.1518e-06 7.6993e-06 3.4172e-07 0.7000
234 3.1735e-06 7.7489e-06 3.4215e-07 0.7000
235 3.1954e-06 7.7991e-06 3.4261e-07 0.7000
236 3.2176e-06 7.8498e-06 3.4308e-07 0.7000
237 3.2400e-06 7.9011e-06 3.4356e-07 0.7000
238 3.2627e-06 7.9529e-06 3.4407e-07 0.7000
239 3.2857e-06 8.0053e-06 3.4458e-07 0.7000
240 3.3089e-06 8.0582e-06 3.4512e-07 0.7000
241 3.3324e-06 8.1117e-06 3.4567e-07 0.7000
242 3.3561e-06 8.1658e-06 3.4624e-07 0.7000
243 3.3801e-06 8.2205e-06 3.4683e-07 0.7000
244 3.4044e-06 8.2758e-06 3.4744e-07 0.7000
245 3.4289e-06 8.3317e-06 3.4806e-07 0.7000
246 3.4538e-06 8.3881e-06 3.4870e-07 0.7000
247 3.4789e-06 8.4453e-06 3.4936e-07 0.7000
248 3.5043e-06 8.5030e-06 3.5004e-07 0.7000
249 3.5300e-06 8.5613e-06 3.5074e-07 0.7000
250 3.5559e-06 8.6203e-06 3.5145e-07 0.7000
251 3.5822e-06 8.6800e-06 3.5219e-07 0.7000
252 3.6088e-06 8.7402e-06 3.5295e-07 0.7000
253 3.6357e-06 8.8012e-06 3.5372e-07 0.7000
254 3.6628e-06 8.8628e-06 3.5452e-07 0.7000
255 3.6903e-06 8.9251e-06 3.5534e-07 0.7000
256 3.7182e-06 8.9881e-06 3.5617e-07 0.7000
257 3.7463e-06 9.0517e-06 3.5703e-07 0.7000
258 3.7747e-06 9.1161e-06 3.5791e-07 0.7000
259 3.8035e-06 9.1812e-06 3.5881e-07 0.7000
260 3.8326e-06 9.2470e-06 3.5974e-07 0.7000
261 3.8621e-06 9.3135e-06 3.6068e-07 0.7000
262 3.8919e-06 9.3808e-06 3.6165e-07 0.7000
263 3.9220e-06 9.4488e-06 3.6264e-07 0.7000
264 3.9525e-06 9.5176e-06 3.6365e-07 0.7000
265 3.9833e-06 9.5871e-06 3.6469e-07 0.7000
266 4.0145e-06 9.6574e-06 3.6575e-07 0.7000
267 4.0461e-06 9.7285e-06 3.6683e-07 0.7000
268 4.0780e-06 9.8004e-06 3.6793e-07 0.7000
269 4.1103e-06 9.8730e-06 3.6906e-07 0.7000
270 4.1430e-06 9.9465e-06 3.7022e-07 0.7000
271 4.1761e-06 1.0021e-05 3.7139e-07 0.7000
272 4.2095e-06 1.0096e-05 3.7260e-07 0.7000
273 4.2433e-06 1.0172e-05 3.7382e-07 0.7000
274 4.2776e-06 1.0249e-05 3.7508e-07 0.7000
275 4.3122e-06 1.0327e-05 3.7635e-07 0.7000
276 4.3473e-06 1.0405e-05 3.7766e-07 0.7000
277 4.3827e-06 1.0485e-05 3.7898e-07 0.7000
278 4.4186e-06 1.0565e-05 3.8034e-07 0.7000
279 4.4549e-06 1.0646e-05 3.8172e-07 0.7000
280 4.4916e-06 1.0728e-05 3.8313e-07 0.7000
281 4.5288e-06 1.0812e-05 3.8456e-07 0.7000
282 4.5664e-06 1.0896e-05 3.8602e-07 0.7000
283 4.6045e-06 1.0981e-05 3.8751e-07 0.7000
284 4.6430e-06 1.1067e-05 3.8903e-07 0.7000
285 4.6820e-06 1.1154e-05 3.9057e-07 0.7000
286 4.7214e-06 1.1242e-05 3.9215e-07 0.7000
287 4.7613e-06 1.1331e-05 3.9375e-07 0.7000
288 4.8017e-06 1.1421e-05 3.9538e-07 0.7000
289 4.8426e-06 1.1512e-05 3.9704e-07 0.7000
290 4.8839e-06 1.1604e-05 3.9872e-07 0.7000
291 4.9258e-06 1.1697e-05 4.0044e-07 0.7000
292 4.9682e-06 1.1791e-05 4.0219e-07 0.7000
293 5.0110e-06 1.1886e-05 4.0397e-07 0.7000
294 5.0544e-06 1.1983e-05 4.0577e-07 0.7000
295 5.0984e-06 1.2080e-05 4.0761e-07 0.7000
296 5.1428e-06 1.2179e-05 4.0948e-07 0.7000
297 5.1878e-06 1.2278e-05 4.1138e-07 0.7000
298 5.2333e-06 1.2379e-05 4.1331e-07 0.7000
299 5.2794e-06 1.2481e-05 4.1527e-07 0.7000
300 5.3261e-06 1.2585e-05 4.1727e-07 0.7000
301 5.3733e-06 1.2689e-05 4.1929e-07 0.7000
302 5.4211e-06 1.2795e-05 4.2135e-07 0.7000
303 5.4695e-06 1.2902e-05 4.2344e-07 0.7000
304 5.5185e-06 1.3010e-05 4.2557e-07 0.7000
305 5.5681e-06 1.3119e-05 4.2772e-07 0.7000
306 5.6183e-06 1.3230e-05 4.2991e-07 0.7000
307 5.6691e-06 1.3342e-05 4.3213e-07 0.7000
308 5.7205e-06 1.3455e-05 4.3439e-07 0.7000
309 5.7726e-06 1.3570e-05 4.3668e-07 0.7000
310 5.8253e-06 1.3686e-05 4.3901e-07 0.7000
311 5.8787e-06 1.3804e-05 4.4136e-07 0.7000
312 5.9328e-06 1.3922e-05 4.4376e-07 0.7000
313 5.9875e-06 1.4043e-05 4.4619e-07 0.7000
314 6.0429e-06 1.4164e-05 4.4865e-07 0.7000
315 6.0989e-06 1.4287e-05 4.5114e-07 0.7000
316 6.1557e-06 1.4412e-05 4.5368e-07 0.7000
317 6.2132e-06 1.4538e-05 4.5625e-07 0.7000
318 6.2714e-06 1.4665e-05 4.5885e-07 0.7000
319 6.3304e-06 1.4795e-05 4.6149e-07 0.7000
320 6.3901e-06 1.4925e-05 4.6417e-07 0.7000
321 6.4505e-06 1.5057e-05 4.6688e-07 0.7000
322 6.5117e-06 1.5191e-05 4.6963e-07 0.7000
323 6.5737e-06 1.5326e-05 4.7241e-07 0.7000
324 6.6365e-06 1.5463e-05 4.7523e-07 0.7000
325 6.7000e-06 1.5602e-05 4.7809e-07 0.7000
326 6.7644e-06 1.5742e-05 4.8099e-07 0.7000
327 6.8296e-06 1.5884e-05 4.8392e-07 0.7000
328 6.8956e-06 1.6028e-05 4.8689e-07 0.7000
329 6.9625e-06 1.6174e-05 4.8990e-07 0.7000
330 7.0302e-06 1.6321e-05 4.9295e-07 0.7000
331 7.0988e-06 1.6470e-05 4.9603e-07 0.7000
332 7.1682e-06 1.6621e-05 4.9915e-07 0.7000
333 7.2386e-06 1.6774e-05 5.0231e-07 0.7000
334 7.3098e-06 1.6928e-05 5.0550e-07 0.7000
335 7.3820e-06 1.7085e-05 5.0874e-07 0.7000
336 7.4551e-06 1.7243e-05 5.1201e-07 0.7000
337 7.5292e-06 1.7403e-05 5.1531e-07 0.7000
338 7.6042e-06 1.7566e-05 5.1866e-07 0.7000
339 7.6801e-06 1.7730e-05 5.2204e-07 0.7000
340 7.7571e-06 1.7896e-05 5.2545e-07 0.7000
341 7.8351e-06 1.8065e-05 5.2891e-07 0.7000
342 7.9141e-06 1.8235e-05 5.3240e-07 0.7000
343 7.9941e-06 1.8408e-05 5.3593e-07 0.7000
344 8.0751e-06 1.8583e-05 5.3950e-07 0.7000
345 8.1573e-06 1.8760e-05 5.4310e-07 0.7000
346 8.2405e-06 1.8939e-05 5.4674e-07 0.7000
347 8.3247e-06 1.9120e-05 5.5042e-07 0.7000
348 8.4101e-06 1.9304e-05 5.5413e-07 0.7000
349 8.4967e-06 1.9490e-05 5.5788e-07 0.7000
350 8.5843e-06 1.9678e-05 5.6167e-07 0.7000
351 8.6732e-06 1.9869e-05 5.6550e-07 0.7000
352 8.7632e-06 2.0062e-05 5.6936e-07 0.7000
353 8.8544e-06 2.0257e-05 5.7325e-07 0.7000
354 8.9468e-06 2.0455e-05 5.7719e-07 0.7000
355 9.0404e-06 2.0655e-05 5.8115e-07 0.7000
356 9.1353e-06 2.0858e-05 5.8515e-07 0.7000
357 9.2314e-06 2.1064e-05 5.8918e-07 0.7000
358 9.3289e-06 2.1272e-05 5.9325e-07 0.7000
359 9.4276e-06 2.1483e-05 5.9735e-07 0.7000
360 9.5277e-06 2.1696e-05 6.0148e-07 0.7000
361 9.6291e-06 2.1913e-05 6.0564e-07 0.7000
362 9.7319e-06 2.2132e-05 6.0983e-07 0.7000
363 9.8360e-06 2.2353e-05 6.1405e-07 0.7000
364 9.9416e-06 2.2578e-05 6.1830e-07 0.7000
365 1.0049e-05 2.2805e-05 6.2258e-07 0.7000
366 1.0157e-05 2.3036e-05 6.2689e-07 0.7000
367 1.0267e-05 2.3269e-05 6.3122e-07 0.7000
368 1.0378e-05 2.3506e-05 6.3559e-07 0.7000
369 1.0491e-05 2.3745e-05 6.3997e-07 0.7000
370 1.0606e-05 2.3988e-05 6.4439e-07 0.7000
371 1.0722e-05 2.4233e-05 6.4882e-07 0.7000
372 1.0839e-05 2.4482e-05 6.5329e-07 0.7000
373 1.0959e-05 2.4734e-05 6.5777e-07 0.7000
374 1.1080e-05 2.4990e-05 6.6228e-07 0.7000
375 1.1202e-05 2.5248e-05 6.6681e-07 0.7000
376 1.1326e-05 2.5511e-05 6.7136e-07 0.7000
377 1.1452e-05 2.5776e-05 6.7594e-07 0.7000
378 1.1580e-05 2.6045e-05 6.8053e-07 0.7000
379 1.1709e-05 2.6318e-05 6.8514e-07 0.7000
380 1.1841e-05 2.6594e-05 6.8976e-07 0.7000
381 1.1974e-05 2.6874e-05 6.9441e-07 0.7000
382 1.2108e-05 2.7157e-05 6.9906e-07 0.7000
383 1.2245e-05 2.7444e-05 7.0373e-07 0.7000
384 1.2384e-05 2.7735e-05 7.0841e-07 0.7000
385 1.2525e-05 2.8030e-05 7.1310e-07 0.7000
386 1.2667e-05 2.8329e-05 7.1780e-07 0.7000
387 1.2812e-05 2.8631e-05 7.2251e-07 0.7000
388 1.2958e-05 2.8938e-05 7.2722e-07 0.7000
389 1.3107e-05 2.9249e-05 7.3193e-07 0.7000
390 1.3258e-05 2.9564e-05 7.3666e-07 0.7000
391 1.3411e-05 2.9883e-05 7.4138e-07 0.7000
392 1.3566e-05 3.0207e-05 7.4610e-07 0.7000
393 1.3723e-05 3.0535e-05 7.5083e-07 0.7000
394 1.3883e-05 3.0867e-05 7.5555e-07 0.7000
395 1.4044e-05 3.1204e-05 7.6026e-07 0.7000
396 1.4208e-05 3.1545e-05 7.6498e-07 0.7000
397 1.4375e-05 3.1891e-05 7.6968e-07 0.7000
398 1.4544e-05 3.2241e-05 7.7438e-07 0.7000
399 1.4715e-05 3.2597e-05 7.7908e-07 0.7000
400 1.4888e-05 3.2957e-05 7.8376e-07 0.7000
401 1.5065e-05 3.3322e-05 7.8843e-07 0.7000
402 1.5243e-05 3.3692e-05 7.9308e-07 0.7000
403 1.5424e-05 3.4067e-05 7.9772e-07 0.7000
404 1.5608e-05 3.4447e-05 8.0235e-07 0.7000
405 1.5795e-05 3.4832e-05 8.0696e-07 0.7000
406 1.5984e-05 3.5223e-05 8.1155e-07 0.7000
407 1.6176e-05 3.5619e-05 8.1613e-07 0.7000
408 1.6371e-05 3.6020e-05 8.2068e-07 0.7000
409 1.6568e-05 3.6427e-05 8.2521e-07 0.7000
410 1.6769e-05 3.6839e-05 8.2972e-07 0.7000
411 1.6972e-05 3.7258e-05 8.3421e-07 0.7000
412 1.7178e-05 3.7682e-05 8.3867e-07 0.7000
413 1.7388e-05 3.8112e-05 8.4310e-07 0.7000
414 1.7600e-05 3.8547e-05 8.4751e-07 0.7000
415 1.7816e-05 3.8989e-05 8.5188e-07 0.7000
416 1.8034e-05 3.9437e-05 8.5623e-07 0.7000
417 1.8256e-05 3.9892e-05 8.6055e-07 0.7000
418 1.8481e-05 4.0352e-05 8.6483e-07 0.7000
419 1.8710e-05 4.0819e-05 8.6908e-07 0.7000
420 1.8942e-05 4.1293e-05 8.7329e-07 0.7000
421 1.9177e-05 4.1773e-05 8.7747e-07 0.7000
422 1.9416e-05 4.2260e-05 8.8160e-07 0.7000
423 1.9658e-05 4.2754e-05 8.8570e-07 0.7000
424 1.9904e-05 4.3255e-05 8.8976e-07 0.7000
425 2.0154e-05 4.3763e-05 8.9378e-07 0.7000
426 2.0407e-05 4.4278e-05 8.9775e-07 0.7000
427 2.0664e-05 4.4800e-05 9.0168e-07 0.7000
428 2.0926e-05 4.5330e-05 9.0557e-07 0.7000
429 2.1190e-05 4.5867e-05 9.0941e-07 0.7000
430 2.1459e-05 4.6412e-05 9.1321e-07 0.7000
431 2.1732e-05 4.6965e-05 9.1697e-07 0.7000
432 2.2009e-05 4.7526e-05 9.2068e-07 0.7000
433 2.2291e-05 4.8094e-05 9.2435e-07 0.7000
434 2.2576e-05 4.8671e-05 9.2798e-07 0.7000
435 2.2866e-05 4.9256e-05 9.3157e-07 0.7000
436 2.3160e-05 4.9849e-05 9.3511e-07 0.7000
437 2.3459e-05 5.0451e-05 9.3862e-07 0.7000
438 2.3763e-05 5.1062e-05 9.4207e-07 0.7000
439 2.4070e-05 5.1681e-05 9.4549e-07 0.7000
440 2.4383e-05 5.2310e-05 9.4887e-07 0.7000
441 2.4700e-05 5.2947e-05 9.5220e-07 0.7000
442 2.5023e-05 5.3594e-05 9.5549e-07 0.7000
443 2.5350e-05 5.4250e-05 9.5874e-07 0.7000
444 2.5682e-05 5.4916e-05 9.6195e-07 0.7000
445 2.6020e-05 5.5591e-05 9.6511e-07 0.7000
446 2.6362e-05 5.6276e-05 9.6823e-07 0.7000
447 2.6710e-05 5.6972e-05 9.7132e-07 0.7000
448 2.7063e-05 5.7677e-05 9.7436e-07 0.7000
449 2.7422e-05 5.8393e-05 9.7736e-07 0.7000
450 2.7786e-05 5.9119e-05 9.8032e-07 0.7000
451 2.8156e-05 5.9856e-05 9.8323e-07 0.7000
452 2.8532e-05 6.0604e-05 9.8611e-07 0.7000
453 2.8914e-05 6.1362e-05 9.8895e-07 0.7000
454 2.9301e-05 6.2132e-05 9.9175e-07 0.7000
455 2.9695e-05 6.2914e-05 9.9452e-07 0.7000
456 3.0095e-05 6.3707e-05 9.9725e-07 0.7000
457 3.0501e-05 6.4511e-05 9.9995e-07 0.7000
458 3.0913e-05 6.5328e-05 1.0026e-06 0.7000
459 3.1332e-05 6.6157e-05 1.0052e-06 0.7000
460 3.1758e-05 6.6998e-05 1.0078e-06 0.7000
461 3.2190e-05 6.7852e-05 1.0104e-06 0.7000
462 3.2629e-05 6.8718e-05 1.0130e-06 0.7000
463 3.3075e-05 6.9598e-05 1.0155e-06 0.7000
464 3.3529e-05 7.0490e-05 1.0180e-06 0.7000
465 3.3989e-05 7.1396e-05 1.0205e-06 0.7000
466 3.4457e-05 7.2316e-05 1.0229e-06 0.7000
467 3.4932e-05 7.3250e-05 1.0253e-06 0.7000
468 3.5415e-05 7.4197e-05 1.0278e-06 0.7000
469 3.5905e-05 7.5159e-05 1.0301e-06 0.7000
470 3.6403e-05 7.6136e-05 1.0325e-06 0.7000
471 3.6910e-05 7.7127e-05 1.0349e-06 0.7000
472 3.7424e-05 7.8134e-05 1.0372e-06 0.7000
473 3.7947e-05 7.9155e-05 1.0396e-06 0.7000
474 3.8478e-05 8.0193e-05 1.0419e-06 0.7000
475 3.9018e-05 8.1246e-05 1.0442e-06 0.7000
476 3.9567e-05 8.2315e-05 1.0465e-06 0.7000
477 4.0124e-05 8.3401e-05 1.0488e-06 0.7000
478 4.0690e-05 8.4503e-05 1.0511e-06 0.7000
479 4.1266e-05 8.5622e-05 1.0533e-06 0.7000
480 4.1851e-05 8.6758e-05 1.0556e-06 0.7000
481 4.2446e-05 8.7912e-05 1.0579e-06 0.7000
482 4.3050e-05 8.9084e-05 1.0602e-06 0.7000
483 4.3664e-05 9.0273e-05 1.0625e-06 0.7000
484 4.4288e-05 9.1481e-05 1.0647e-06 0.7000
485 4.4923e-05 9.2708e-05 1.0670e-06 0.7000
486 4.5568e-05 9.3954e-05 1.0693e-06 0.7000
487 4.6223e-05 9.5219e-05 1.0716e-06 0.7000
488 4.6890e-05 9.6504e-05 1.0739e-06 0.7000
489 4.7567e-05 9.7809e-05 1.0762e-06 0.7000
490 4.8256e-05 9.9134e-05 1.0785e-06 0.7000
491 4.8955e-05 1.0048e-04 1.0809e-06 0.7000
492 4.9667e-05 1.0185e-04 1.0832e-06 0.7000
493 5.0390e-05 1.0324e-04 1.0856e-06 0.7000
494 5.1126e-05 1.0465e-04 1.0880e-06 0.7000
495 5.1873e-05 1.0608e-04 1.0904e-06 0.7000
496 5.2633e-05 1.0753e-04 1.0928e-06 0.7000
497 5.3406e-05 1.0901e-04 1.0952e-06 0.7000
498 5.4192e-05 1.1051e-04 1.0977e-06 0.7000
499 5.4991e-05 1.1204e-04 1.1002e-06 0.7000
500 5.5803e-05 1.1359e-04 1.1027e-06 0.7000
501 5.6629e-05 1.1516e-04 1.1052e-06 0.7000
502 5.7469e-05 1.1676e-04 1.1078e-06 0.7000
503 5.8323e-05 1.1838e-04 1.1104e-06 0.7000
504 5.9192e-05 1.2004e-04 1.1130e-06 0.7000
505 6.0075e-05 1.2171e-04 1.1157e-06 0.7000
506 6.0973e-05 1.2341e-04 1.1184e-06 0.7000
507 6.1887e-05 1.2515e-04 1.1211e-06 0.7000
508 6.2816e-05 1.2690e-04 1.1239e-06 0.7000
509 6.3760e-05 1.2869e-04 1.1267e-06 0.7000
510 6.4721e-05 1.3051e-04 1.1295e-06 0.7000
511 6.5698e-05 1.3235e-04 1.1324e-06 0.7000
512 6.6692e-05 1.3423e-04 1.1353e-06 0.7000
513 6.7703e-05 1.3613e-04 1.1383e-06 0.7000
514 6.8732e-05 1.3807e-04 1.1413e-06 0.7000
515 6.9778e-05 1.4003e-04 1.1443e-06 0.7000
516 7.0842e-05 1.4203e-04 1.1474e-06 0.7000
517 7.1924e-05 1.4406e-04 1.1506e-06 0.7000
518 7.3025e-05 1.4613e-04 1.1538e-06 0.7000
519 7.4145e-05 1.4822e-04 1.1570e-06 0.7000
520 7.5285e-05 1.5036e-04 1.1603e-06 0.7000
521 7.6444e-05 1.5252e-04 1.1636e-06 0.7000
522 7.7623e-05 1.5473e-04 1.1670e-06 0.7000
523 7.8823e-05 1.5697e-04 1.1704e-06 0.7000
524 8.0044e-05 1.5924e-04 1.1739e-06 0.7000
525 8.1286e-05 1.6155e-04 1.1775e-06 0.7000
526 8.2549e-05 1.6390e-04 1.1811e-06 0.7000
527 8.3835e-05 1.6629e-04 1.1847e-06 0.7000
528 8.5144e-05 1.6872e-04 1.1884e-06 0.7000
529 8.6475e-05 1.7119e-04 1.1922e-06 0.7000
530 8.7830e-05 1.7370e-04 1.1961e-06 0.7000
531 8.9208e-05 1.7626e-04 1.1999e-06 0.7000
532 9.0611e-05 1.7885e-04 1.2039e-06 0.7000
533 9.2038e-05 1.8149e-04 1.2079e-06 0.7000
534 9.3491e-05 1.8417e-04 1.2120e-06 0.7000
535 9.4970e-05 1.8690e-04 1.2162e-06 0.7000
536 9.6475e-05 1.8967e-04 1.2204e-06 0.7000
537 9.8006e-05 1.9249e-04 1.2247e-06 0.7000
538 9.9565e-05 1.9535e-04 1.2290e-06 0.7000
539 1.0115e-04 1.9826e-04 1.2335e-06 0.7000
540 1.0277e-04 2.0123e-04 1.2380e-06 0.7000
541 1.0441e-04 2.0424e-04 1.2425e-06 0.7000
542 1.0608e-04 2.0730e-04 1.2472e-06 0.7000
543 1.0779e-04 2.1042e-04 1.2519e-06 0.7000
544 1.0952e-04 2.1359e-04 1.2566e-06 0.7000
545 1.1128e-04 2.1681e-04 1.2615e-06 0.7000
546 1.1308e-04 2.2008e-04 1.2664e-06 0.7000
547 1.1491e-04 2.2341e-04 1.2714e-06 0.7000
548 1.1677e-04 2.2680e-04 1.2765e-06 0.7000
549 1.1867e-04 2.3025e-04 1.2817e-06 0.7000
550 1.2060e-04 2.3375e-04 1.2869e-06 0.7000
551 1.2256e-04 2.3732e-04 1.2922e-06 0.7000
552 1.2456e-04 2.4094e-04 1.2976e-06 0.7000
553 1.2660e-04 2.4463e-04 1.3031e-06 0.7000
554 1.2867e-04 2.4838e-04 1.3087e-06 0.7000
555 1.3078e-04 2.5220e-04 1.3143e-06 0.7000
556 1.3293e-04 2.5608e-04 1.3200e-06 0.7000
557 1.3512e-04 2.6003e-04 1.3259e-06 0.7000
558 1.3735e-04 2.6404e-04 1.3317e-06 0.7000
559 1.3962e-04 2.6813e-04 1.3377e-06 0.7000
560 1.4193e-04 2.7228e-04 1.3438e-06 0.7000
561 1.4429e-04 2.7651e-04 1.3499e-06 0.7000
562 1.4669e-04 2.8081e-04 1.3562e-06 0.7000
563 1.4913e-04 2.8519e-04 1.3625e-06 0.7000
564 1.5162e-04 2.8964e-04 1.3689e-06 0.7000
565 1.5415e-04 2.9417e-04 1.3754e-06 0.7000
566 1.5673e-04 2.9878e-04 1.3820e-06 0.7000
567 1.5936e-04 3.0347e-04 1.3886e-06 0.7000
568 1.6203e-04 3.0824e-04 1.3954e-06 0.7000
569 1.6476e-04 3.1310e-04 1.4022e-06 0.7000
570 1.6754e-04 3.1804e-04 1.4092e-06 0.7000
571 1.7037e-04 3.2307e-04 1.4162e-06 0.7000
572 1.7325e-04 3.2818e-04 1.4233e-06 0.7000
573 1.7619e-04 3.3339e-04 1.4305e-06 0.7000
574 1.7918e-04 3.3868e-04 1.4378e-06 0.7000
575 1.8222e-04 3.4408e-04 1.4452e-06 0.7000
576 1.8533e-04 3.4956e-04 1.4527e-06 0.7000
577 1.8849e-04 3.5515e-04 1.4603e-06 0.7000
578 1.9171e-04 3.6083e-04 1.4679e-06 0.7000
579 1.9500e-04 3.6661e-04 1.4757e-06 0.7000
580 1.9834e-04 3.7250e-04 1.4836e-06 0.7000
581 2.0175e-04 3.7849e-04 1.4915e-06 0.7000
582 2.0523e-04 3.8459e-04 1.4996e-06 0.7000
583 2.0876e-04 3.9080e-04 1.5077e-06 0.7000
584 2.1237e-04 3.9712e-04 1.5159e-06 0.7000
585 2.1605e-04 4.0355e-04 1.5242e-06 0.7000
586 2.1979e-04 4.1010e-04 1.5326e-06 0.7000
587 2.2361e-04 4.1677e-04 1.5411e-06 0.7000
588 2.2750e-04 4.2355e-04 1.5497e-06 0.7000
589 2.3146e-04 4.3046e-04 1.5584e-06 0.7000
590 2.3550e-04 4.3749e-04 1.5672e-06 0.7000
591 2.3962e-04 4.4465e-04 1.5761e-06 0.7000
592 2.4382e-04 4.5194e-04 1.5850e-06 0.7000
593 2.4809e-04 4.5936e-04 1.5941e-06 0.7000
594 2.5245e-04 4.6692e-04 1.6032e-06 0.7000
595 2.5690e-04 4.7461e-04 1.6124e-06 0.7000
596 2.6143e-04 4.8245e-04 1.6218e-06 0.7000
597 2.6604e-04 4.9042e-04 1.6312e-06 0.7000
598 2.7075e-04 4.9855e-04 1.6407e-06 0.7000
599 2.7555e-04 5.0682e-04 1.6503e-06 0.7000
600 2.8044e-04 5.1524e-04 1.6600e-06 0.7000
601 2.8543e-04 5.2381e-04 1.6697e-06 0.7000
602 2.9051e-04 5.3255e-04 1.6796e-06 0.7000
603 2.9570e-04 5.4144e-04 1.6896e-06 0.7000
604 3.0098e-04 5.5050e-04 1.6996e-06 0.7000
605 3.0637e-04 5.5972e-04 1.7097e-06 0.7000
606 3.1186e-04 5.6912e-04 1.7200e-06 0.7000
607 3.1747e-04 5.7868e-04 1.7303e-06 0.7000
608 3.2318e-04 5.8843e-04 1.7407e-06 0.7000
609 3.2900e-04 5.9835e-04 1.7511e-06 0.7000
610 3.3494e-04 6.0846e-04 1.7617e-06 0.7000
611 3.4100e-04 6.1876e-04 1.7724e-06 0.7000
612 3.4717e-04 6.2925e-04 1.7831e-06 0.7000
613 3.5347e-04 6.3994e-04 1.7939e-06 0.7000
614 3.5989e-04 6.5082e-04 1.8048e-06 0.7000
615 3.6644e-04 6.6191e-04 1.8158e-06 0.7000
616 3.7312e-04 6.7320e-04 1.8269e-06 0.7000
617 3.7994e-04 6.8471e-04 1.8380e-06 0.7000
618 3.8689e-04 6.9643e-04 1.8493e-06 0.7000
619 3.9397e-04 7.0837e-04 1.8606e-06 0.7000
620 4.0120e-04 7.2054e-04 1.8720e-06 0.7000
621 4.0858e-04 7.3293e-04 1.8835e-06 0.7000
622 4.1610e-04 7.4556e-04 1.8950e-06 0.7000
623 4.2377e-04 7.5843e-04 1.9067e-06 0.7000
624 4.3160e-04 7.7154e-04 1.9184e-06 0.7000
625 4.3958e-04 7.8490e-04 1.9302e-06 0.7000
626 4.4773e-04 7.9851e-04 1.9420e-06 0.7000
627 4.5604e-04 8.1238e-04 1.9540e-06 0.7000
628 4.6452e-04 8.2652e-04 1.9660e-06 0.7000
629 4.7316e-04 8.4092e-04 1.9781e-06 0.7000
630 4.8199e-04 8.5560e-04 1.9903e-06 0.7000
631 4.9099e-04 8.7056e-04 2.0026e-06 0.7000
632 5.0018e-04 8.8580e-04 2.0149e-06 0.7000
633 5.0955e-04 9.0134e-04 2.0273e-06 0.7000
634 5.1911e-04 9.1717e-04 2.0398e-06 0.7000
635 5.2887e-04 9.3331e-04 2.0524e-06 0.7000
636 5.3883e-04 9.4976e-04 2.0651e-06 0.7000
637 5.4899e-04 9.6652e-04 2.0778e-06 0.7000
638 5.5936e-04 9.8361e-04 2.0906e-06 0.7000
639 5.6994e-04 1.0010e-03 2.1035e-06 0.7000
640 5.8074e-04 1.0188e-03 2.1165e-06 0.7000
641 5.9176e-04 1.0369e-03 2.1296e-06 0.7000
642 6.0301e-04 1.0553e-03 2.1427e-06 0.7000
643 6.1449e-04 1.0741e-03 2.1560e-06 0.7000
644 6.2620e-04 1.0933e-03 2.1693e-06 0.7000
645 6.3816e-04 1.1128e-03 2.1827e-06 0.7000
646 6.5037e-04 1.1328e-03 2.1962e-06 0.7000
647 6.6283e-04 1.1531e-03 2.2097e-06 0.7000
648 6.7555e-04 1.1738e-03 2.2234e-06 0.7000
649 6.8853e-04 1.1949e-03 2.2371e-06 0.7000
650 7.0178e-04 1.2164e-03 2.2509e-06 0.7000
651 7.1531e-04 1.2383e-03 2.2648e-06 0.7000
652 7.2912e-04 1.2607e-03 2.2788e-06 0.7000
653 7.4321e-04 1.2835e-03 2.2929e-06 0.7000
654 7.5761e-04 1.3068e-03 2.3071e-06 0.7000
655 7.7230e-04 1.3305e-03 2.3213e-06 0.7000
656 7.8730e-04 1.3547e-03 2.3357e-06 0.7000
657 8.0262e-04 1.3794e-03 2.3501e-06 0.7000
658 8.1826e-04 1.4045e-03 2.3646e-06 0.7000
659 8.3423e-04 1.4302e-03 2.3793e-06 0.7000
660 8.5054e-04 1.4564e-03 2.3940e-06 0.7000
661 8.6719e-04 1.4830e-03 2.4088e-06 0.7000
662 8.8419e-04 1.5103e-03 2.4238e-06 0.7000
663 9.0155e-04 1.5380e-03 2.4388e-06 0.7000
664 9.1928e-04 1.5663e-03 2.4540e-06 0.7000
665 9.3738e-04 1.5952e-03 2.4692e-06 0.7000
666 9.5587e-04 1.6246e-03 2.4846e-06 0.7000
667 9.7475e-04 1.6547e-03 2.5001e-06 0.7000
668 9.9404e-04 1.6853e-03 2.5156e-06 0.7000
669 1.0137e-03 1.7166e-03 2.5313e-06 0.7000
670 1.0339e-03 1.7485e-03 2.5471e-06 0.7000
671 1.0544e-03 1.7810e-03 2.5631e-06 0.7000
672 1.0754e-03 1.8142e-03 2.5791e-06 0.7000
673 1.0968e-03 1.8480e-03 2.5953e-06 0.7000
674 1.1187e-03 1.8825e-03 2.6115e-06 0.7000
675 1.1411e-03 1.9178e-03 2.6279e-06 0.7000
676 1.1639e-03 1.9537e-03 2.6445e-06 0.7000
677 1.1873e-03 1.9904e-03 2.6611e-06 0.7000
678 1.2111e-03 2.0278e-03 2.6779e-06 0.7000
679 1.2355e-03 2.0660e-03 2.6948e-06 0.7000
680 1.2604e-03 2.1049e-03 2.7118e-06 0.7000
681 1.2858e-03 2.1447e-03 2.7290e-06 0.7000
682 1.3118e-03 2.1852e-03 2.7462e-06 0.7000
683 1.3383e-03 2.2266e-03 2.7636e-06 0.7000
684 1.3654e-03 2.2688e-03 2.7811e-06 0.7000
685 1.3931e-03 2.3119e-03 2.7988e-06 0.7000
686 1.4215e-03 2.3559e-03 2.8165e-06 0.7000
687 1.4504e-03 2.4008e-03 2.8344e-06 0.7000
688 1.4800e-03 2.4466e-03 2.8524e-06 0.7000
689 1.5102e-03 2.4933e-03 2.8706e-06 0.7000
690 1.5410e-03 2.5410e-03 2.8888e-06 0.7000
691 1.5726e-03 2.5897e-03 2.9072e-06 0.7000
692 1.6048e-03 2.6394e-03 2.9257e-06 0.7000
693 1.6378e-03 2.6901e-03 2.9443e-06 0.7000
694 1.6715e-03 2.7419e-03 2.9630e-06 0.7000
695 1.7059e-03 2.7947e-03 2.9819e-06 0.7000
696 1.7411e-03 2.8487e-03 3.0009e-06 0.7000
697 1.7770e-03 2.9037e-03 3.0200e-06 0.7000
698 1.8138e-03 2.9599e-03 3.0392e-06 0.7000
699 1.8513e-03 3.0173e-03 3.0585e-06 0.7000
700 1.8897e-03 3.0759e-03 3.0780e-06 0.7000
701 1.9290e-03 3.1357e-03 3.0976e-06 0.7000
702 1.9691e-03 3.1967e-03 3.1173e-06 0.7000
703 2.0101e-03 3.2591e-03 3.1371e-06 0.7000
704 2.0521e-03 3.3227e-03 3.1570e-06 0.7000
705 2.0949e-03 3.3877e-03 3.1770e-06 0.7000
706 2.1388e-03 3.4540e-03 3.1971e-06 0.7000
707 2.1836e-03 3.5217e-03 3.2173e-06 0.7000
708 2.2294e-03 3.5909e-03 3.2376e-06 0.7000
709 2.2762e-03 3.6615e-03 3.2580e-06 0.7000
710 2.3241e-03 3.7336e-03 3.2785e-06 0.7000
711 2.3731e-03 3.8072e-03 3.2990e-06 0.7000
712 2.4232e-03 3.8824e-03 3.3196e-06 0.7000
713 2.4744e-03 3.9592e-03 3.3403e-06 0.7000
714 2.5267e-03 4.0376e-03 3.3611e-06 0.7000
715 2.5803e-03 4.1177e-03 3.3819e-06 0.7000
716 2.6350e-03 4.1995e-03 3.4027e-06 0.7000
717 2.6910e-03 4.2830e-03 3.4236e-06 0.7000
718 2.7483e-03 4.3683e-03 3.4445e-06 0.7000
719 2.8069e-03 4.4554e-03 3.4655e-06 0.7000
720 2.8668e-03 4.5444e-03 3.4865e-06 0.7000
721 2.9281e-03 4.6353e-03 3.5076e-06 0.7000
722 2.9907e-03 4.7281e-03 3.5287e-06 0.7000
723 3.0548e-03 4.8230e-03 3.5497e-06 0.7000
724 3.1204e-03 4.9198e-03 3.5708e-06 0.7000
725 3.1874e-03 5.0188e-03 3.5920e-06 0.7000
726 3.2560e-03 5.1199e-03 3.6131e-06 0.7000
727 3.3262e-03 5.2231e-03 3.6342e-06 0.7000
728 3.3980e-03 5.3286e-03 3.6553e-06 0.7000
729 3.4714e-03 5.4364e-03 3.6764e-06 0.7000
730 3.5465e-03 5.5465e-03 3.6975e-06 0.7000
731 3.6234e-03 5.6590e-03 3.7186e-06 0.7000
732 3.7020e-03 5.7739e-03 3.7397e-06 0.7000
733 3.7825e-03 5.8914e-03 3.7607e-06 0.7000
734 3.8648e-03 6.0113e-03 3.7817e-06 0.7000
735 3.9490e-03 6.1339e-03 3.8026e-06 0.7000
736 4.0352e-03 6.2592e-03 3.8235e-06 0.7000
737 4.1233e-03 6.3872e-03 3.8444e-06 0.7000
738 4.2135e-03 6.5180e-03 3.8652e-06 0.7000
739 4.3059e-03 6.6516e-03 3.8859e-06 0.7000
740 4.4003e-03 6.7882e-03 3.9066e-06 0.7000
741 4.4970e-03 6.9278e-03 3.9272e-06 0.7000
742 4.5960e-03 7.0704e-03 3.9477e-06 0.7000
743 4.6972e-03 7.2162e-03 3.9682e-06 0.7000
744 4.8008e-03 7.3652e-03 3.9886e-06 0.7000
745 4.9069e-03 7.5174e-03 4.0088e-06 0.7000
746 5.0154e-03 7.6731e-03 4.0290e-06 0.7000
747 5.1265e-03 7.8321e-03 4.0491e-06 0.7000
748 5.2402e-03 7.9947e-03 4.0691e-06 0.7000
749 5.3566e-03 8.1609e-03 4.0889e-06 0.7000
750 5.4757e-03 8.3307e-03 4.1087e-06 0.7000
751 5.5977e-03 8.5044e-03 4.1283e-06 0.7000
752 5.7225e-03 8.6819e-03 4.1478e-06 0.7000
753 5.8503e-03 8.8633e-03 4.1672e-06 0.7000
754 5.9811e-03 9.0488e-03 4.1865e-06 0.7000
755 6.1150e-03 9.2384e-03 4.2056e-06 0.7000
756 6.2521e-03 9.4322e-03 4.2246e-06 0.7000
757 6.3925e-03 9.6304e-03 4.2436e-06 0.7000
758 6.5362e-03 9.8330e-03 4.2623e-06 0.7000
759 6.6833e-03 1.0040e-02 4.2810e-06 0.7000
760 6.8339e-03 1.0252e-02 4.2996e-06 0.7000
761 6.9882e-03 1.0468e-02 4.3180e-06 0.7000
762 7.1461e-03 1.0690e-02 4.3364e-06 0.7000
763 7.3078e-03 1.0916e-02 4.3546e-06 0.7000
764 7.4734e-03 1.1148e-02 4.3727e-06 0.7000
765 7.6430e-03 1.1384e-02 4.3907e-06 0.7000
766 7.8167e-03 1.1627e-02 4.4086e-06 0.7000
767 7.9945e-03 1.1874e-02 4.4264e-06 0.7000
768 8.1766e-03 1.2127e-02 4.4441e-06 0.7000
769 8.3631e-03 1.2386e-02 4.4617e-06 0.7000
770 8.5541e-03 1.2651e-02 4.4791e-06 0.7000
771 8.7497e-03 1.2922e-02 4.4965e-06 0.7000
772 8.9501e-03 1.3199e-02 4.5138e-06 0.7000
773 9.1553e-03 1.3482e-02 4.5309e-06 0.7000
774 9.3655e-03 1.3771e-02 4.5480e-06 0.7000
775 9.5809e-03 1.4068e-02 4.5649e-06 0.7000
776 9.8014e-03 1.4371e-02 4.5818e-06 0.7000
777 1.0027e-02 1.4681e-02 4.5985e-06 0.7000
778 1.0259e-02 1.4998e-02 4.6152e-06 0.7000
779 1.0496e-02 1.5322e-02 4.6318e-06 0.7000
780 1.0739e-02 1.5654e-02 4.6483e-06 0.7000
781 1.0988e-02 1.5993e-02 4.6647e-06 0.7000
782 1.1242e-02 1.6341e-02 4.6811e-06 0.7000
783 1.1504e-02 1.6696e-02 4.6974e-06 0.7000
784 1.1771e-02 1.7059e-02 4.7137e-06 0.7000
785 1.2045e-02 1.7431e-02 4.7299e-06 0.7000
786 1.2326e-02 1.7812e-02 4.7461e-06 0.7000
787 1.2614e-02 1.8201e-02 4.7622e-06 0.7000
788 1.2909e-02 1.8599e-02 4.7783e-06 0.7000
789 1.3211e-02 1.9007e-02 4.7944e-06 0.7000
790 1.3521e-02 1.9423e-02 4.8105e-06 0.7000
791 1.3838e-02 1.9850e-02 4.8266e-06 0.7000
792 1.4163e-02 2.0287e-02 4.8427e-06 0.7000
793 1.4497e-02 2.0733e-02 4.8587e-06 0.7000
794 1.4838e-02 2.1190e-02 4.8748e-06 0.7000
795 1.5188e-02 2.1658e-02 4.8909e-06 0.7000
796 1.5547e-02 2.2137e-02 4.9070e-06 0.7000
797 1.5915e-02 2.2627e-02 4.9232e-06 0.7000
798 1.6291e-02 2.3128e-02 4.9393e-06 0.7000
799 1.6678e-02 2.3642e-02 4.9556e-06 0.7000
800 1.7074e-02 2.4167e-02 4.9718e-06 0.7000
801 1.7480e-02 2.4704e-02 4.9881e-06 0.7000
802 1.7896e-02 2.5255e-02 5.0045e-06 0.7000
803 1.8322e-02 2.5818e-02 5.0210e-06 0.7000
804 1.8759e-02 2.6394e-02 5.0375e-06 0.7000
805 1.9207e-02 2.6984e-02 5.0541e-06 0.7000
806 1.9667e-02 2.7588e-02 5.0707e-06 0.7000
807 2.0138e-02 2.8207e-02 5.0875e-06 0.7000
808 2.0621e-02 2.8840e-02 5.1043e-06 0.7000
809 2.1116e-02 2.9488e-02 5.1213e-06 0.7000
810 2.1623e-02 3.0151e-02 5.1383e-06 0.7000
811 2.2144e-02 3.0830e-02 5.1555e-06 0.7000
812 2.2678e-02 3.1526e-02 5.1727e-06 0.7000
813 2.3225e-02 3.2238e-02 5.1901e-06 0.7000
814 2.3786e-02 3.2967e-02 5.2076e-06 0.7000
815 2.4361e-02 3.3713e-02 5.2253e-06 0.7000
816 2.4951e-02 3.4477e-02 5.2431e-06 0.7000
817 2.5557e-02 3.5259e-02 5.2610e-06 0.7000
818 2.6177e-02 3.6061e-02 5.2790e-06 0.7000
819 2.6813e-02 3.6881e-02 5.2973e-06 0.7000
820 2.7466e-02 3.7721e-02 5.3156e-06 0.7000
821 2.8136e-02 3.8581e-02 5.3342e-06 0.7000
822 2.8822e-02 3.9462e-02 5.3529e-06 0.7000
823 2.9526e-02 4.0365e-02 5.3718e-06 0.7000
824 3.0248e-02 4.1289e-02 5.3908e-06 0.7000
825 3.0989e-02 4.2235e-02 5.4101e-06 0.7000
826 3.1749e-02 4.3204e-02 5.4295e-06 0.7000
827 3.2529e-02 4.4197e-02 5.4492e-06 0.7000
828 3.3328e-02 4.5213e-02 5.4690e-06 0.7000
829 3.4149e-02 4.6255e-02 5.4890e-06 0.7000
830 3.4990e-02 4.7321e-02 5.5093e-06 0.7000
831 3.5853e-02 4.8414e-02 5.5297e-06 0.7000
832 3.6739e-02 4.9533e-02 5.5503e-06 0.7000
833 3.7647e-02 5.0679e-02 5.5712e-06 0.7000
834 3.8580e-02 5.1854e-02 5.5922e-06 0.7000
835 3.9536e-02 5.3057e-02 5.6135e-06 0.7000
836 4.0517e-02 5.4289e-02 5.6350e-06 0.7000
837 4.1524e-02 5.5551e-02 5.6567e-06 0.7000
838 4.2558e-02 5.6845e-02 5.6786e-06 0.7000
839 4.3618e-02 5.8170e-02 5.7008e-06 0.7000
840 4.4706e-02 5.9528e-02 5.7231e-06 0.7000
841 4.5822e-02 6.0919e-02 5.7457e-06 0.7000
842 4.6968e-02 6.2344e-02 5.7685e-06 0.7000
843 4.8143e-02 6.3805e-02 5.7916e-06 0.7000
844 4.9350e-02 6.5301e-02 5.8148e-06 0.7000
845 5.0588e-02 6.6834e-02 5.8384e-06 0.7000
846 5.1859e-02 6.8406e-02 5.8621e-06 0.7000
847 5.3164e-02 7.0016e-02 5.8861e-06 0.7000
848 5.4502e-02 7.1666e-02 5.9103e-06 0.7000
849 5.5877e-02 7.3356e-02 5.9348e-06 0.7000
850 5.7287e-02 7.5089e-02 5.9595e-06 0.7000
851 5.8735e-02 7.6865e-02 5.9845e-06 0.7000
852 6.0221e-02 7.8685e-02 6.0097e-06 0.7000
853 6.1747e-02 8.0550e-02 6.0352e-06 0.7000
854 6.3313e-02 8.2462e-02 6.0609e-06 0.7000
855 6.4920e-02 8.4422e-02 6.0868e-06 0.7000
856 6.6571e-02 8.6430e-02 6.1131e-06 0.7000
857 6.8265e-02 8.8489e-02 6.1395e-06 0.7000
858 7.0005e-02 9.0599e-02 6.1662e-06 0.7000
859 7.1791e-02 9.2762e-02 6.1932e-06 0.7000
860 7.3625e-02 9.4979e-02 6.2204e-06 0.7000
861 7.5507e-02 9.7252e-02 6.2479e-06 0.7000
862 7.7441e-02 9.9582e-02 6.2756e-06 0.7000
863 7.9426e-02 1.0197e-01 6.3036e-06 0.7000
864 8.1464e-02 1.0442e-01 6.3318e-06 0.7000
865 8.3557e-02 1.0693e-01 6.3603e-06 0.7000
866 8.5707e-02 1.0950e-01 6.3890e-06 0.7000
867 8.7914e-02 1.1214e-01 6.4180e-06 0.7000
868 9.0181e-02 1.1485e-01 6.4473e-06 0.7000
869 9.2509e-02 1.1762e-01 6.4768e-06 0.7000
870 9.4899e-02 1.2047e-01 6.5066e-06 0.7000
871 9.7355e-02 1.2338e-01 6.5366e-06 0.7000
872 9.9877e-02 1.2638e-01 6.5669e-06 0.7000
873 1.0247e-01 1.2944e-01 6.5974e-06 0.7000
874 1.0513e-01 1.3259e-01 6.6282e-06 0.7000
875 1.0786e-01 1.3581e-01 6.6592e-06 0.7000
876 1.1067e-01 1.3912e-01 6.6905e-06 0.7000
877 1.1355e-01 1.4251e-01 6.7221e-06 0.7000
878 1.1651e-01 1.4599e-01 6.7539e-06 0.7000
879 1.1956e-01 1.4956e-01 6.7860e-06 0.7000
880 1.2268e-01 1.5322e-01 6.8184e-06 0.7000
881 1.2589e-01 1.5697e-01 6.8510e-06 0.7000
882 1.2919e-01 1.6082e-01 6.8839e-06 0.7000
883 1.3258e-01 1.6477e-01 6.9170e-06 0.7000
884 1.3606e-01 1.6882e-01 6.9505e-06 0.7000
885 1.3964e-01 1.7297e-01 6.9841e-06 0.7000
886 1.4332e-01 1.7723e-01 7.0181e-06 0.7000
887 1.4709e-01 1.8160e-01 7.0523e-06 0.7000
888 1.5098e-01 1.8609e-01 7.0868e-06 0.7000
889 1.5496e-01 1.9069e-01 7.1215e-06 0.7000
890 1.5906e-01 1.9540e-01 7.1566e-06 0.7000
891 1.6327e-01 2.0025e-01 7.1919e-06 0.7000
892 1.6760e-01 2.0521e-01 7.2274e-06 0.7000
893 1.7205e-01 2.1031e-01 7.2633e-06 0.7000
894 1.7662e-01 2.1554e-01 7.2994e-06 0.7000
895 1.8132e-01 2.2090e-01 7.3358e-06 0.7000
896 1.8614e-01 2.2640e-01 7.3725e-06 0.7000
897 1.9111e-01 2.3205e-01 7.4094e-06 0.7000
898 1.9621e-01 2.3785e-01 7.4466e-06 0.7000
899 2.0145e-01 2.4379e-01 7.4841e-06 0.7000
900 2.0684e-01 2.4989e-01 7.5219e-06 0.7000
901 2.1238e-01 2.5616e-01 7.5600e-06 0.7000
902 2.1807e-01 2.6258e-01 7.5983e-06 0.7000
903 2.2392e-01 2.6918e-01 7.6369e-06 0.7000
904 2.2994e-01 2.7594e-01 7.6758e-06 0.7000
905 2.3612e-01 2.8289e-01 7.7150e-06 0.7000
906 2.4248e-01 2.9002e-01 7.7545e-06 0.7000
907 2.4902e-01 2.9733e-01 7.7943e-06 0.7000
908 2.5574e-01 3.0484e-01 7.8343e-06 0.7000
909 2.6265e-01 3.1255e-01 7.8747e-06 0.7000
910 2.6975e-01 3.2046e-01 7.9153e-06 0.7000
911 2.7706e-01 3.2858e-01 7.9563e-06 0.7000
912 2.8457e-01 3.3691e-01 7.9975e-06 0.7000
913 2.9229e-01 3.4547e-01 8.0391e-06 0.7000
914 3.0023e-01 3.5425e-01 8.0809e-06 0.7000
915 3.0840e-01 3.6327e-01 8.1230e-06 0.7000
916 3.1679e-01 3.7252e-01 8.1655e-06 0.7000
917 3.2543e-01 3.8202e-01 8.2082e-06 0.7000
918 3.3431e-01 3.9178e-01 8.2513e-06 0.7000
919 3.4344e-01 4.0179e-01 8.2947e-06 0.7000
920 3.5284e-01 4.1208e-01 8.3383e-06 0.7000
921 3.6250e-01 4.2263e-01 8.3823e-06 0.7000
922 3.7243e-01 4.3347e-01 8.4266e-06 0.7000
923 3.8265e-01 4.4460e-01 8.4712e-06 0.7000
924 3.9316e-01 4.5603e-01 8.5161e-06 0.7000
925 4.0398e-01 4.6777e-01 8.5614e-06 0.7000
926 4.1510e-01 4.7982e-01 8.6070e-06 0.7000
927 4.2654e-01 4.9219e-01 8.6528e-06 0.7000
928 4.3831e-01 5.0490e-01 8.6990e-06 0.7000
929 4.5041e-01 5.1795e-01 8.7456e-06 0.7000
930 4.6287e-01 5.3135e-01 8.7924e-06 0.7000
931 4.7568e-01 5.4511e-01 8.8396e-06 0.7000
932 4.8886e-01 5.5924e-01 8.8871e-06 0.7000
933 5.0242e-01 5.7376e-01 8.9350e-06 0.7000
934 5.1638e-01 5.8867e-01 8.9831e-06 0.7000
935 5.3073e-01 6.0399e-01 9.0316e-06 0.7000
936 5.4550e-01 6.1971e-01 9.0805e-06 0.7000
937 5.6070e-01 6.3587e-01 9.1297e-06 0.7000
938 5.7634e-01 6.5247e-01 9.1792e-06 0.7000
939 5.9243e-01 6.6951e-01 9.2290e-06 0.7000
940 6.0899e-01 6.8702e-01 9.2792e-06 0.7000
941 6.2603e-01 7.0501e-01 9.3298e-06 0.7000
942 6.4357e-01 7.2349e-01 9.3806e-06 0.7000
943 6.6162e-01 7.4248e-01 9.4319e-06 0.7000
944 6.8019e-01 7.6198e-01 9.4834e-06 0.7000
945 6.9931e-01 7.8202e-01 9.5354e-06 0.7000
946 7.1898e-01 8.0260e-01 9.5876e-06 0.7000
947 7.3923e-01 8.2375e-01 9.6403e-06 0.7000
948 7.6007e-01 8.4548e-01 9.6932e-06 0.7000
949 7.8152e-01 8.6781e-01 9.7466e-06 0.7000
950 8.0360e-01 8.9075e-01 9.8003e-06 0.7000
951 8.2633e-01 9.1433e-01 9.8543e-06 0.7000
952 8.4973e-01 9.3855e-01 9.9087e-06 0.7000
953 8.7382e-01 9.6344e-01 9.9635e-06 0.7000
954 8.9861e-01 9.8902e-01 1.0019e-05 0.7000
955 9.2413e-01 1.0153e+00 1.0074e-05 0.7000
956 9.5041e-01 1.0423e+00 1.0130e-05 0.7000
957 9.7747e-01 1.0701e+00 1.0186e-05 0.7000
958 1.0053e+00 1.0986e+00 1.0243e-05 0.7000
959 1.0340e+00 1.1279e+00 1.0300e-05 0.7000
960 1.0635e+00 1.1581e+00 1.0357e-05 0.7000
961 1.0939e+00 1.1891e+00 1.0415e-05 0.7000
962 1.1252e+00 1.2209e+00 1.0473e-05 0.7000
963 1.1575e+00 1.2536e+00 1.0531e-05 0.7000
964 1.1907e+00 1.2872e+00 1.0590e-05 0.7000
965 1.2248e+00 1.3218e+00 1.0649e-05 0.7000
966 1.2600e+00 1.3574e+00 1.0709e-05 0.7000
967 1.2963e+00 1.3939e+00 1.0769e-05 0.7000
968 1.3336e+00 1.4315e+00 1.0829e-05 0.7000
969 1.3720e+00 1.4701e+00 1.0890e-05 0.7000
970 1.4116e+00 1.5098e+00 1.0951e-05 0.7000
971 1.4524e+00 1.5506e+00 1.1012e-05 0.7000
972 1.4944e+00 1.5925e+00 1.1074e-05 0.7000
973 1.5377e+00 1.6357e+00 1.1137e-05 0.7000
974 1.5822e+00 1.6800e+00 1.1199e-05 0.7000
975 1.6281e+00 1.7256e+00 1.1262e-05 0.7000
976 1.6754e+00 1.7725e+00 1.1326e-05 0.7000
977 1.7241e+00 1.8207e+00 1.1389e-05 0.7000
978 1.7743e+00 1.8703e+00 1.1454e-05 0.7000
979 1.8260e+00 1.9212e+00 1.1518e-05 0.7000
980 1.8792e+00 1.9737e+00 1.1583e-05 0.7000
981 1.9341e+00 2.0276e+00 1.1649e-05 0.7000
982 1.9906e+00 2.0830e+00 1.1714e-05 0.7000
983 2.0488e+00 2.1400e+00 1.1780e-05 0.7000
984 2.1088e+00 2.1986e+00 1.1847e-05 0.7000
985 2.1706e+00 2.2589e+00 1.1914e-05 0.7000
986 2.2343e+00 2.3209e+00 1.1981e-05 0.7000
987 2.2999e+00 2.3847e+00 1.2049e-05 0.7000
988 2.3675e+00 2.4503e+00 1.2117e-05 0.7000
989 2.4372e+00 2.5178e+00 1.2186e-05 0.7000
990 2.5090e+00 2.5872e+00 1.2255e-05 0.7000
991 2.5830e+00 2.6586e+00 1.2324e-05 0.7000
992 2.6593e+00 2.7320e+00 1.2394e-05 0.7000
993 2.7378e+00 2.8076e+00 1.2464e-05 0.7000
994 2.8188e+00 2.8853e+00 1.2535e-05 0.7000
995 2.9023e+00 2.9652e+00 1.2606e-05 0.7000
996 2.9883e+00 3.0475e+00 1.2677e-05 0.7000
997 3.0770e+00 3.1321e+00 1.2749e-05 0.7000
998 3.1684e+00 3.2191e+00 1.2821e-05 0.7000
999 3.2626e+00 3.3087e+00 1.2894e-05 0.7000
1000 3.3597e+00 3.4008e+00 1.2967e-05 0.7000
1001 3.4598e+00 3.4956e+00 1.3040e-05 0.7000
1002 3.5630e+00 3.5931e+00 1.3114e-05 0.7000
1003 3.6693e+00 3.6935e+00 1.3189e-05 0.7000
1004 3.7790e+00 3.7968e+00 1.3263e-05 0.7000
1005 3.8920e+00 3.9030e+00 1.3339e-05 0.7000
1006 4.0086e+00 4.0124e+00 1.3414e-05 0.7000
1007 4.1287e+00 4.1249e+00 1.3490e-05 0.7000
1008 4.2526e+00 4.2407e+00 1.3567e-05 0.7000
1009 4.3803e+00 4.3599e+00 1.3643e-05 0.7000
1010 4.5120e+00 4.4825e+00 1.3721e-05 0.7000
1011 4.6478e+00 4.6088e+00 1.3799e-05 0.7000
1012 4.7878e+00 4.7387e+00 1.3877e-05 0.7000
1013 4.9322e+00 4.8724e+00 1.3955e-05 0.7000
1014 5.0811e+00 5.0100e+00 1.4034e-05 0.7000
1015 5.2346e+00 5.1516e+00 1.4114e-05 0.7000
1016 5.3930e+00 5.2974e+00 1.4194e-05 0.7000
1017 5.5563e+00 5.4475e+00 1.4274e-05 0.7000
1018 5.7246e+00 5.6019e+00 1.4355e-05 0.7000
1019 5.8983e+00 5.7609e+00 1.4436e-05 0.7000
1020 6.0774e+00 5.9246e+00 1.4518e-05 0.7000
1021 6.2622e+00 6.0931e+00 1.4600e-05 0.7000
1022 6.4527e+00 6.2666e+00 1.4683e-05 0.7000
1023 6.6492e+00 6.4452e+00 1.4766e-05 0.7000
1024 6.8520e+00 6.6290e+00 1.4849e-05 0.7000
1025 7.0611e+00 6.8183e+00 1.4933e-05 0.7000
1026 7.2768e+00 7.0132e+00 1.5018e-05 0.7000
1027 7.4993e+00 7.2138e+00 1.5103e-05 0.7000
1028 7.7288e+00 7.4204e+00 1.5188e-05 0.7000
1029 7.9656e+00 7.6331e+00 1.5274e-05 0.7000
1030 8.2099e+00 7.8522e+00 1.5360e-05 0.7000
1031 8.4620e+00 8.0777e+00 1.5447e-05 0.7000
1032 8.7220e+00 8.3099e+00 1.5534e-05 0.7000
1033 8.9903e+00 8.5491e+00 1.5622e-05 0.7000
1034 9.2671e+00 8.7954e+00 1.5710e-05 0.7000
1035 9.5527e+00 9.0490e+00 1.5798e-05 0.7000
1036 9.8474e+00 9.3102e+00 1.5888e-05 0.7000
1037 1.0152e+01 9.5792e+00 1.5977e-05 0.7000
1038 1.0465e+01 9.8562e+00 1.6067e-05 0.7000
1039 1.0789e+01 1.0142e+01 1.6158e-05 0.7000
1040 1.1123e+01 1.0435e+01 1.6249e-05 0.7000
1041 1.1468e+01 1.0738e+01 1.6340e-05 0.7000
1042 1.1824e+01 1.1050e+01 1.6432e-05 0.7000
1043 1.2191e+01 1.1371e+01 1.6525e-05 0.7000
1044 1.2570e+01 1.1702e+01 1.6618e-05 0.7000
1045 1.2962e+01 1.2043e+01 1.6711e-05 0.7000
1046 1.3365e+01 1.2394e+01 1.6805e-05 0.7000
1047 1.3782e+01 1.2755e+01 1.6899e-05 0.7000
1048 1.4212e+01 1.3128e+01 1.6994e-05 0.7000
1049 1.4656e+01 1.3511e+01 1.7090e-05 0.7000
1050 1.5115e+01 1.3907e+01 1.7186e-05 0.7000
1051 1.5588e+01 1.4314e+01 1.7282e-05 0.7000
1052 1.6076e+01 1.4734e+01 1.7379e-05 0.7000
1053 1.6581e+01 1.5166e+01 1.7476e-05 0.7000
1054 1.7101e+01 1.5612e+01 1.7574e-05 0.7000
1055 1.7639e+01 1.6071e+01 1.7673e-05 0.7000
1056 1.8193e+01 1.6543e+01 1.7771e-05 0.7000
1057 1.8766e+01 1.7031e+01 1.7871e-05 0.7000
1058 1.9358e+01 1.7533e+01 1.7971e-05 0.7000
1059 1.9968e+01 1.8050e+01 1.8071e-05 0.7000
1060 2.0599e+01 1.8584e+01 1.8172e-05 0.7000
1061 2.1250e+01 1.9133e+01 1.8273e-05 0.7000
1062 2.1922e+01 1.9700e+01 1.8375e-05 0.7000
1063 2.2616e+01 2.0283e+01 1.8477e-05 0.7000
1064 2.3333e+01 2.0885e+01 1.8579e-05 0.7000
1065 2.4074e+01 2.1505e+01 1.8683e-05 0.7000
1066 2.4838e+01 2.2144e+01 1.8786e-05 0.7000
1067 2.5628e+01 2.2802e+01 1.8890e-05 0.7000
1068 2.6443e+01 2.3481e+01 1.8995e-05 0.7000
1069 2.7285e+01 2.4181e+01 1.9100e-05 0.7000
1070 2.8155e+01 2.4902e+01 1.9205e-05 0.7000
1071 2.9054e+01 2.5645e+01 1.9311e-05 0.7000
1072 2.9981e+01 2.6412e+01 1.9417e-05 0.7000
1073 3.0940e+01 2.7202e+01 1.9524e-05 0.7000
1074 3.1930e+01 2.8016e+01 1.9631e-05 0.7000
1075 3.2953e+01 2.8856e+01 1.9739e-05 0.7000
1076 3.4009e+01 2.9721e+01 1.9847e-05 0.7000
1077 3.5101e+01 3.0614e+01 1.9955e-05 0.7000
1078 3.6228e+01 3.1534e+01 2.0064e-05 0.7000
1079 3.7393e+01 3.2482e+01 2.0174e-05 0.7000
1080 3.8596e+01 3.3460e+01 2.0284e-05 0.7000
1081 3.9840e+01 3.4468e+01 2.0394e-05 0.7000
1082 4.1124e+01 3.5508e+01 2.0504e-05 0.7000
1083 4.2451e+01 3.6580e+01 2.0616e-05 0.7000
1084 4.3823e+01 3.7686e+01 2.0727e-05 0.7000
1085 4.5240e+01 3.8826e+01 2.0839e-05 0.7000
1086 4.6704e+01 4.0001e+01 2.0951e-05 0.7000
1087 4.8217e+01 4.1214e+01 2.1064e-05 0.7000
1088 4.9780e+01 4.2464e+01 2.1177e-05 0.7000
1089 5.1396e+01 4.3753e+01 2.1291e-05 0.7000
1090 5.3065e+01 4.5083e+01 2.1405e-05 0.7000
1091 5.4790e+01 4.6454e+01 2.1519e-05 0.7000
1092 5.6574e+01 4.7869e+01 2.1634e-05 0.7000
1093 5.8417e+01 4.9328e+01 2.1749e-05 0.7000
1094 6.0321e+01 5.0833e+01 2.1864e-05 0.7000
1095 6.2290e+01 5.2385e+01 2.1980e-05 0.7000
1096 6.4325e+01 5.3986e+01 2.2096e-05 0.7000
1097 6.6428e+01 5.5637e+01 2.2213e-05 0.7000
1098 6.8602e+01 5.7340e+01 2.2330e-05 0.7000
1099 7.0849e+01 5.9098e+01 2.2448e-05 0.7000
1100 7.3172e+01 6.0911e+01 2.2565e-05 0.7000
1101 7.5573e+01 6.2781e+01 2.2683e-05 0.7000
1102 7.8056e+01 6.4710e+01 2.2802e-05 0.7000
1103 8.0622e+01 6.6700e+01 2.2921e-05 0.7000
1104 8.3275e+01 6.8754e+01 2.3040e-05 0.7000
1105 8.6018e+01 7.0873e+01 2.3160e-05 0.7000
1106 8.8854e+01 7.3059e+01 2.3280e-05 0.7000
1107 9.1786e+01 7.5314e+01 2.3400e-05 0.7000
1108 9.4818e+01 7.7642e+01 2.3521e-05 0.7000
1109 9.7953e+01 8.0043e+01 2.3642e-05 0.7000
1110 1.0119e+02 8.2521e+01 2.3763e-05 0.7000
1111 1.0455e+02 8.5078e+01 2.3885e-05 0.7000
1112 1.0801e+02 8.7717e+01 2.4007e-05 0.7000
1113 1.1160e+02 9.0440e+01 2.4129e-05 0.7000
1114 1.1530e+02 9.3250e+01 2.4252e-05 0.7000
1115 1.1913e+02 9.6150e+01 2.4375e-05 0.7000
1116 1.2310e+02 9.9143e+01 2.4499e-05 0.7000
1117 1.2720e+02 1.0223e+02 2.4622e-05 0.7000
1118 1.3144e+02 1.0542e+02 2.4747e-05 0.7000
1119 1.3582e+02 1.0871e+02 2.4871e-05 0.7000
1120 1.4036e+02 1.1211e+02 2.4996e-05 0.7000
1121 1.4505e+02 1.1561e+02 2.5121e-05 0.7000
1122 1.4990e+02 1.1923e+02 2.5246e-05 0.7000
1123 1.5492e+02 1.2296e+02 2.5372e-05 0.7000
1124 1.6011e+02 1.2682e+02 2.5498e-05 0.7000
1125 1.6548e+02 1.3080e+02 2.5624e-05 0.7000
1126 1.7104e+02 1.3491e+02 2.5750e-05 0.7000
1127 1.7679e+02 1.3915e+02 2.5877e-05 0.7000
1128 1.8274e+02 1.4353e+02 2.6004e-05 0.7000
1129 1.8889e+02 1.4805e+02 2.6132e-05 0.7000
1130 1.9525e+02 1.5272e+02 2.6259e-05 0.7000
1131 2.0184e+02 1.5754e+02 2.6387e-05 0.7000
1132 2.0865e+02 1.6251e+02 2.6516e-05 0.7000
1133 2.1570e+02 1.6765e+02 2.6644e-05 0.7000
1134 2.2300e+02 1.7295e+02 2.6773e-05 0.7000
1135 2.3054e+02 1.7843e+02 2.6902e-05 0.7000
1136 2.3835e+02 1.8408e+02 2.7032e-05 0.7000
1137 2.4644e+02 1.8992e+02 2.7161e-05 0.7000
1138 2.5480e+02 1.9595e+02 2.7291e-05 0.7000
1139 2.6346e+02 2.0218e+02 2.7421e-05 0.7000
1140 2.7241e+02 2.0861e+02 2.7552e-05 0.7000
1141 2.8168e+02 2.1525e+02 2.7683e-05 0.7000
1142 2.9128e+02 2.2211e+02 2.7814e-05 0.7000
1143 3.0121e+02 2.2919e+02 2.7945e-05 0.7000
1144 3.1148e+02 2.3651e+02 2.8076e-05 0.7000
1145 3.2212e+02 2.4407e+02 2.8208e-05 0.7000
1146 3.3313e+02 2.5187e+02 2.8340e-05 0.7000
1147 3.4453e+02 2.5993e+02 2.8472e-05 0.7000
1148 3.5633e+02 2.6826e+02 2.8604e-05 0.7000
1149 3.6854e+02 2.7686e+02 2.8737e-05 0.7000
1150 3.8118e+02 2.8575e+02 2.8870e-05 0.7000
1151 3.9427e+02 2.9492e+02 2.9003e-05 0.7000
1152 4.0782e+02 3.0441e+02 2.9136e-05 0.7000
1153 4.2184e+02 3.1420e+02 2.9270e-05 0.7000
1154 4.3637e+02 3.2432e+02 2.9404e-05 0.7000
1155 4.5140e+02 3.3477e+02 2.9538e-05 0.7000
1156 4.6697e+02 3.4557e+02 2.9672e-05 0.7000
1157 4.8308e+02 3.5673e+02 2.9807e-05 0.7000
1158 4.9977e+02 3.6826e+02 2.9942e-05 0.7000
1159 5.1705e+02 3.8017e+02 3.0078e-05 0.7000
1160 5.3495e+02 3.9248e+02 3.0213e-05 0.7000
1161 5.5348e+02 4.0520e+02 3.0350e-05 0.7000
1162 5.7266e+02 4.1834e+02 3.0486e-05 0.7000
1163 5.9253e+02 4.3192e+02 3.0623e-05 0.7000
1164 6.1311e+02 4.4595e+02 3.0760e-05 0.7000
1165 6.3442e+02 4.6045e+02 3.0898e-05 0.7000
1166 6.5649e+02 4.7544e+02 3.1036e-05 0.7000
1167 6.7935e+02 4.9092e+02 3.1174e-05 0.7000
1168 7.0302e+02 5.0693e+02 3.1313e-05 0.7000
1169 7.2755e+02 5.2347e+02 3.1453e-05 0.7000
1170 7.5294e+02 5.4056e+02 3.1593e-05 0.7000
1171 7.7925e+02 5.5823e+02 3.1733e-05 0.7000
1172 8.0650e+02 5.7649e+02 3.1874e-05 0.7000
1173 8.3473e+02 5.9537e+02 3.2016e-05 0.7000
1174 8.6397e+02 6.1488e+02 3.2158e-05 0.7000
1175 8.9427e+02 6.3505e+02 3.2300e-05 0.7000
1176 9.2565e+02 6.5590e+02 3.2444e-05 0.7000
1177 9.5816e+02 6.7745e+02 3.2587e-05 0.7000
1178 9.9184e+02 6.9973e+02 3.2732e-05 0.7000
1179 1.0267e+03 7.2276e+02 3.2877e-05 0.7000
1180 1.0629e+03 7.4657e+02 3.3022e-05 0.7000
1181 1.1004e+03 7.7118e+02 3.3168e-05 0.7000
1182 1.1392e+03 7.9663e+02 3.3315e-05 0.7000
1183 1.1794e+03 8.2294e+02 3.3463e-05 0.7000
1184 1.2211e+03 8.5014e+02 3.3611e-05 0.7000
1185 1.2642e+03 8.7827e+02 3.3760e-05 0.7000
1186 1.3090e+03 9.0735e+02 3.3909e-05 0.7000
1187 1.3554e+03 9.3742e+02 3.4060e-05 0.7000
1188 1.4034e+03 9.6851e+02 3.4211e-05 0.7000
1189 1.4532e+03 1.0007e+03 3.4362e-05 0.7000
1190 1.5048e+03 1.0339e+03 3.4515e-05 0.7000
1191 1.5583e+03 1.0683e+03 3.4668e-05 0.7000
1192 1.6138e+03 1.1038e+03 3.4822e-05 0.7000
1193 1.6712e+03 1.1406e+03 3.4977e-05 0.7000
1194 1.7308e+03 1.1786e+03 3.5133e-05 0.7000
1195 1.7925e+03 1.2180e+03 3.5290e-05 0.7000
1196 1.8565e+03 1.2586e+03 3.5447e-05 0.7000
1197 1.9229e+03 1.3007e+03 3.5605e-05 0.7000
1198 1.9916e+03 1.3442e+03 3.5765e-05 0.7000
1199 2.0629e+03 1.3892e+03 3.5925e-05 0.7000
1200 2.1368e+03 1.4358e+03 3.6086e-05 0.7000
1201 2.2134e+03 1.4839e+03 3.6248e-05 0.7000
1202 2.2928e+03 1.5338e+03 3.6410e-05 0.7000
1203 2.3752e+03 1.5853e+03 3.6574e-05 0.7000
1204 2.4605e+03 1.6386e+03 3.6738e-05 0.7000
1205 2.5490e+03 1.6937e+03 3.6904e-05 0.7000
1206 2.6408e+03 1.7508e+03 3.7070e-05 0.7000
1207 2.7360e+03 1.8098e+03 3.7237e-05 0.7000
1208 2.8346e+03 1.8708e+03 3.7405e-05 0.7000
1209 2.9370e+03 1.9340e+03 3.7573e-05 0.7000
1210 3.0430e+03 1.9994e+03 3.7742e-05 0.7000
1211 3.1531e+03 2.0670e+03 3.7912e-05 0.7000
1212 3.2672e+03 2.1370e+03 3.8083e-05 0.7000
1213 3.3855e+03 2.2093e+03 3.8254e-05 0.7000
1214 3.5082e+03 2.2843e+03 3.8426e-05 0.7000
1215 3.6355e+03 2.3618e+03 3.8598e-05 0.7000
1216 3.7675e+03 2.4420e+03 3.8771e-05 0.7000
1217 3.9044e+03 2.5250e+03 3.8944e-05 0.7000
1218 4.0464e+03 2.6109e+03 3.9119e-05 0.7000
1219 4.1936e+03 2.6998e+03 3.9293e-05 0.7000
1220 4.3464e+03 2.7918e+03 3.9468e-05 0.7000
1221 4.5049e+03 2.8870e+03 3.9644e-05 0.7000
1222 4.6692e+03 2.9856e+03 3.9820e-05 0.7000
1223 4.8398e+03 3.0876e+03 3.9996e-05 0.7000
1224 5.0167e+03 3.1931e+03 4.0173e-05 0.7000
1225 5.2002e+03 3.3024e+03 4.0350e-05 0.7000
1226 5.3906e+03 3.4155e+03 4.0528e-05 0.7000
1227 5.5881e+03 3.5326e+03 4.0706e-05 0.7000
1228 5.7930e+03 3.6537e+03 4.0884e-05 0.7000
1229 6.0056e+03 3.7792e+03 4.1062e-05 0.7000
1230 6.2262e+03 3.9091e+03 4.1241e-05 0.7000
1231 6.4551e+03 4.0435e+03 4.1420e-05 0.7000
1232 6.6926e+03 4.1827e+03 4.1599e-05 0.7000
1233 6.9391e+03 4.3267e+03 4.1778e-05 0.7000
1234 7.1948e+03 4.4759e+03 4.1958e-05 0.7000
1235 7.4602e+03 4.6303e+03 4.2138e-05 0.7000
1236 7.7356e+03 4.7902e+03 4.2317e-05 0.7000
1237 8.0214e+03 4.9558e+03 4.2497e-05 0.7000
1238 8.3180e+03 5.1272e+03 4.2677e-05 0.7000
1239 8.6258e+03 5.3047e+03 4.2857e-05 0.7000
1240 8.9453e+03 5.4885e+03 4.3037e-05 0.7000
1241 9.2768e+03 5.6788e+03 4.3217e-05 0.7000
1242 9.6210e+03 5.8758e+03 4.3397e-05 0.7000
1243 9.9782e+03 6.0799e+03 4.3577e-05 0.7000
1244 1.0349e+04 6.2912e+03 4.3757e-05 0.7000
1245 1.0734e+04 6.5101e+03 4.3937e-05 0.7000
1246 1.1133e+04 6.7368e+03 4.4116e-05 0.7000
1247 1.1548e+04 6.9715e+03 4.4296e-05 0.7000
1248 1.1979e+04 7.2146e+03 4.4475e-05 0.7000
1249 1.2425e+04 7.4664e+03 4.4654e-05 0.7000
1250 1.2889e+04 7.7272e+03 4.4833e-05 0.7000
1251 1.3371e+04 7.9973e+03 4.5012e-05 0.7000
1252 1.3871e+04 8.2771e+03 4.5190e-05 0.7000
1253 1.4390e+04 8.5670e+03 4.5369e-05 0.7000
1254 1.4930e+04 8.8672e+03 4.5548e-05 0.7000
1255 1.5489e+04 9.1782e+03 4.5727e-05 0.7000
1256 1.6071e+04 9.5003e+03 4.5907e-05 0.7000
1257 1.6674e+04 9.8341e+03 4.6087e-05 0.7000
1258 1.7301e+04 1.0180e+04 4.6268e-05 0.7000
1259 1.7952e+04 1.0538e+04 4.6449e-05 0.7000
1260 1.8627e+04 1.0909e+04 4.6632e-05 0.7000
1261 1.9329e+04 1.1294e+04 4.6816e-05 0.7000
1262 2.0058e+04 1.1692e+04 4.7001e-05 0.7000
1263 2.0815e+04 1.2105e+04 4.7187e-05 0.7000
1264 2.1601e+04 1.2532e+04 4.7375e-05 0.7000
1265 2.2417e+04 1.2975e+04 4.7565e-05 0.7000
1266 2.3265e+04 1.3434e+04 4.7757e-05 0.7000
1267 2.4146e+04 1.3910e+04 4.7950e-05 0.7000
1268 2.5061e+04 1.4403e+04 4.8146e-05 0.7000
1269 2.6011e+04 1.4914e+04 4.8344e-05 0.7000
1270 2.6999e+04 1.5443e+04 4.8544e-05 0.7000
1271 2.8024e+04 1.5992e+04 4.8747e-05 0.7000
1272 2.9089e+04 1.6561e+04 4.8953e-05 0.7000
1273 3.0196e+04 1.7150e+04 4.9161e-05 0.7000
1274 3.1345e+04 1.7761e+04 4.9372e-05 0.7000
1275 3.2540e+04 1.8394e+04 4.9587e-05 0.7000
1276 3.3780e+04 1.9050e+04 4.9804e-05 0.7000
1277 3.5070e+04 1.9730e+04 5.0026e-05 0.7000
1278 3.6409e+04 2.0435e+04 5.0250e-05 0.7000
1279 3.7801e+04 2.1165e+04 5.0478e-05 0.7000
1280 3.9247e+04 2.1923e+04 5.0710e-05 0.7000
1281 4.0749e+04 2.2708e+04 5.0946e-05 0.7000
1282 4.2311e+04 2.3522e+04 5.1186e-05 0.7000
1283 4.3933e+04 2.4365e+04 5.1431e-05 0.7000
1284 4.5619e+04 2.5240e+04 5.1679e-05 0.7000
1285 4.7371e+04 2.6147e+04 5.1933e-05 0.7000
1286 4.9192e+04 2.7087e+04 5.2191e-05 0.7000
1287 5.1084e+04 2.8062e+04 5.2453e-05 0.7000
1288 5.3051e+04 2.9072e+04 5.2721e-05 0.7000
1289 5.5095e+04 3.0120e+04 5.2994e-05 0.7000
1290 5.7219e+04 3.1206e+04 5.3272e-05 0.7000
1291 5.9427e+04 3.2333e+04 5.3555e-05 0.7000
1292 6.1722e+04 3.3501e+04 5.3844e-05 0.7000
1293 6.4108e+04 3.4712e+04 5.4139e-05 0.7000
1294 6.6587e+04 3.5968e+04 5.4439e-05 0.7000
1295 6.9165e+04 3.7270e+04 5.4746e-05 0.7000
1296 7.1844e+04 3.8621e+04 5.5058e-05 0.7000
1297 7.4630e+04 4.0021e+04 5.5377e-05 0.7000
1298 7.7526e+04 4.1474e+04 5.5703e-05 0.7000
1299 8.0536e+04 4.2980e+04 5.6034e-05 0.7000
1300 8.3666e+04 4.4543e+04 5.6373e-05 0.7000
1301 8.6920e+04 4.6163e+04 5.6718e-05 0.7000
1302 9.0304e+04 4.7844e+04 5.7070e-05 0.7000
1303 9.3821e+04 4.9587e+04 5.7427e-05 0.7000
1304 9.7479e+04 5.1395e+04 5.7791e-05 0.7000
1305 1.0128e+05 5.3271e+04 5.8159e-05 0.7000
1306 1.0524e+05 5.5217e+04 5.8532e-05 0.7000
1307 1.0935e+05 5.7235e+04 5.8909e-05 0.7000
1308 1.1363e+05 5.9329e+04 5.9289e-05 0.7000
1309 1.1807e+05 6.1501e+04 5.9673e-05 0.7000
1310 1.2270e+05 6.3754e+04 6.0060e-05 0.7000
1311 1.2751e+05 6.6091e+04 6.0449e-05 0.7000
1312 1.3251e+05 6.8516e+04 6.0839e-05 0.7000
1313 1.3771e+05 7.1033e+04 6.1231e-05 0.7000
1314 1.4312e+05 7.3643e+04 6.1625e-05 0.7000
1315 1.4875e+05 7.6352e+04 6.2018e-05 0.7000
1316 1.5460e+05 7.9162e+04 6.2412e-05 0.7000
1317 1.6069e+05 8.2078e+04 6.2805e-05 0.7000
1318 1.6702e+05 8.5104e+04 6.3197e-05 0.7000
1319 1.7361e+05 8.8243e+04 6.3588e-05 0.7000
1320 1.8047e+05 9.1501e+04 6.3977e-05 0.7000
1321 1.8759e+05 9.4882e+04 6.4364e-05 0.7000
1322 1.9501e+05 9.8391e+04 6.4748e-05 0.7000
1323 2.0273e+05 1.0203e+05 6.5129e-05 0.7000
1324 2.1075e+05 1.0581e+05 6.5506e-05 0.7000
1325 2.1910e+05 1.0973e+05 6.5879e-05 0.7000
1326 2.2779e+05 1.1380e+05 6.6248e-05 0.7000
1327 2.3683e+05 1.1803e+05 6.6611e-05 0.7000
1328 2.4624e+05 1.2241e+05 6.6969e-05 0.7000
1329 2.5603e+05 1.2696e+05 6.7320e-05 0.7000
1330 2.6621e+05 1.3169e+05 6.7666e-05 0.7000
1331 2.7681e+05 1.3659e+05 6.8004e-05 0.7000
1332 2.8784e+05 1.4168e+05 6.8335e-05 0.7000
1333 2.9931e+05 1.4696e+05 6.8658e-05 0.7000
1334 3.1125e+05 1.5245e+05 6.8972e-05 0.7000
1335 3.2368e+05 1.5814e+05 6.9278e-05 0.7000
1336 3.3662e+05 1.6405e+05 6.9574e-05 0.7000
1337 3.5008e+05 1.7019e+05 6.9860e-05 0.7000
1338 3.6409e+05 1.7656e+05 7.0137e-05 0.7000
1339 3.7867e+05 1.8318e+05 7.0402e-05 0.7000
1340 3.9385e+05 1.9004e+05 7.0656e-05 0.7000
1341 4.0965e+05 1.9717e+05 7.0899e-05 0.7000
1342 4.2609e+05 2.0458e+05 7.1129e-05 0.7000
1343 4.4321e+05 2.1226e+05 7.1347e-05 0.7000
1344 4.6103e+05 2.2025e+05 7.1551e-05 0.7000
1345 4.7958e+05 2.2853e+05 7.1742e-05 0.7000
1346 4.9889e+05 2.3714e+05 7.1919e-05 0.7000
1347 5.1899e+05 2.4608e+05 7.2081e-05 0.7000
1348 5.3992e+05 2.5536e+05 7.2228e-05 0.7000
1349 5.6171e+05 2.6500e+05 7.2360e-05 0.7000
1350 5.8440e+05 2.7501e+05 7.2475e-05 0.7000
