2 1.8211e-06 1.3309e-05 1.4385e-06 1063.3000
3 1.8215e-06 1.5939e-05 1.2747e-06 503.8200
4 1.8220e-06 1.1662e-05 1.2106e-06 286.3900
5 1.8227e-06 1.2466e-05 1.1916e-06 182.9800
6 1.8236e-06 1.0443e-05 1.1717e-06 126.8100
7 1.8245e-06 9.8983e-06 1.1673e-06 93.2220
8 1.8257e-06 9.1409e-06 1.1571e-06 71.6580
9 1.8269e-06 8.4971e-06 1.1562e-06 57.0200
10 1.8283e-06 8.4303e-06 1.1495e-06 46.6130
11 1.8298e-06 7.7068e-06 1.1392e-06 38.9650
12 1.8315e-06 7.3498e-06 1.1292e-06 33.1590
13 1.8333e-06 6.8513e-06 1.1209e-06 28.6460
14 1.8353e-06 6.6719e-06 1.1152e-06 25.0630
15 1.8374e-06 6.3965e-06 1.1126e-06 22.1730
16 1.8396e-06 6.3308e-06 1.1131e-06 19.7970
17 1.8420e-06 5.8686e-06 1.1161e-06 17.8240
18 1.8446e-06 5.6279e-06 1.1210e-06 16.1610
19 1.8472e-06 5.0965e-06 1.1267e-06 14.7470
20 1.8501e-06 5.0781e-06 1.1318e-06 13.5340
21 1.8530e-06 4.8434e-06 1.1352e-06 12.4850
22 1.8561e-06 4.6962e-06 1.1369e-06 11.5700
23 1.8594e-06 4.3847e-06 1.1372e-06 10.7670
24 1.8628e-06 4.4049e-06 1.1363e-06 10.0580
25 1.8664e-06 4.1573e-06 1.1346e-06 9.4283
26 1.8701e-06 4.0600e-06 1.1322e-06 8.8663
27 1.8739e-06 3.9721e-06 1.1295e-06 8.3620
28 1.8779e-06 3.8761e-06 1.1267e-06 7.9067
29 1.8821e-06 3.7642e-06 1.1240e-06 7.4946
30 1.8864e-06 3.7728e-06 1.1214e-06 7.1205
31 1.8909e-06 3.7818e-06 1.1193e-06 6.7797
32 1.8955e-06 3.7910e-06 1.1177e-06 6.4682
33 1.9003e-06 3.8006e-06 1.1165e-06 6.1827
34 1.9052e-06 3.8104e-06 1.1157e-06 5.9199
35 1.9103e-06 3.8206e-06 1.1154e-06 5.6773
36 1.9156e-06 3.8311e-06 1.1154e-06 5.4530
37 1.9210e-06 3.8420e-06 1.1156e-06 5.2449
38 1.9265e-06 3.8531e-06 1.1161e-06 5.0517
39 1.9323e-06 3.8646e-06 1.1166e-06 4.8719
40 1.9382e-06 3.8764e-06 1.1172e-06 4.7042
41 1.9443e-06 3.8886e-06 1.1176e-06 4.5473
42 1.9505e-06 3.9010e-06 1.1179e-06 4.4003
43 1.9569e-06 3.9139e-06 1.1182e-06 4.2626
44 1.9635e-06 3.9270e-06 1.1185e-06 4.1332
45 1.9702e-06 3.9405e-06 1.1187e-06 4.0115
46 1.9772e-06 3.9544e-06 1.1190e-06 3.8969
47 1.9843e-06 3.9686e-06 1.1193e-06 3.7888
48 1.9916e-06 3.9832e-06 1.1197e-06 3.6868
49 1.9990e-06 3.9981e-06 1.1202e-06 3.5903
50 2.0067e-06 4.0134e-06 1.1208e-06 3.4987
51 2.0145e-06 4.0290e-06 1.1215e-06 3.4118
52 2.0225e-06 4.0450e-06 1.1223e-06 3.3294
53 2.0307e-06 4.0614e-06 1.1232e-06 3.2511
54 2.0391e-06 4.0782e-06 1.1243e-06 3.1766
55 2.0476e-06 4.0953e-06 1.1255e-06 3.1058
56 2.0564e-06 4.1129e-06 1.1268e-06 3.0385
57 2.0654e-06 4.1308e-06 1.1282e-06 2.9743
58 2.0745e-06 4.1491e-06 1.1297e-06 2.9131
59 2.0839e-06 4.1678e-06 1.1313e-06 2.8548
60 2.0935e-06 4.1869e-06 1.1329e-06 2.7990
61 2.1032e-06 4.2065e-06 1.1346e-06 2.7455
62 2.1132e-06 4.2264e-06 1.1364e-06 2.6944
63 2.1234e-06 4.2468e-06 1.1383e-06 2.6454
64 2.1338e-06 4.2676e-06 1.1402e-06 2.5984
65 2.1444e-06 4.2888e-06 1.1422e-06 2.5534
66 2.1552e-06 4.3104e-06 1.1443e-06 2.5102
67 2.1662e-06 4.3325e-06 1.1464e-06 2.4687
68 2.1775e-06 4.3551e-06 1.1487e-06 2.4288
69 2.1890e-06 4.3781e-06 1.1510e-06 2.3905
70 2.2007e-06 4.4015e-06 1.1533e-06 2.3536
71 2.2127e-06 4.4254e-06 1.1558e-06 2.3182
72 2.2249e-06 4.4498e-06 1.1583e-06 2.2841
73 2.2373e-06 4.4746e-06 1.1609e-06 2.2512
74 2.2500e-06 4.5000e-06 1.1635e-06 2.2196
75 2.2629e-06 4.5258e-06 1.1663e-06 2.1890
76 2.2760e-06 4.5521e-06 1.1691e-06 2.1596
77 2.2895e-06 4.5789e-06 1.1719e-06 2.1311
78 2.3031e-06 4.6063e-06 1.1748e-06 2.1036
79 2.3170e-06 4.6341e-06 1.1778e-06 2.0771
80 2.3312e-06 4.6625e-06 1.1808e-06 2.0514
81 2.3457e-06 4.6914e-06 1.1839e-06 2.0266
82 2.3604e-06 4.7208e-06 1.1870e-06 2.0027
83 2.3754e-06 4.7508e-06 1.1902e-06 1.9795
84 2.3907e-06 4.7814e-06 1.1934e-06 1.9570
85 2.4062e-06 4.8125e-06 1.1967e-06 1.9352
86 2.4221e-06 4.8442e-06 1.2000e-06 1.9142
87 2.4382e-06 4.8764e-06 1.2033e-06 1.8937
88 2.4546e-06 4.9093e-06 1.2067e-06 1.8739
89 2.4713e-06 4.9427e-06 1.2101e-06 1.8547
90 2.4884e-06 4.9768e-06 1.2135e-06 1.8361
91 2.5057e-06 5.0115e-06 1.2170e-06 1.8180
92 2.5234e-06 5.0468e-06 1.2205e-06 1.8004
93 2.5413e-06 5.0827e-06 1.2240e-06 1.7833
94 2.5596e-06 5.1193e-06 1.2275e-06 1.7667
95 2.5782e-06 5.1565e-06 1.2311e-06 1.7505
96 2.5972e-06 5.1944e-06 1.2346e-06 1.7348
97 2.6165e-06 5.2330e-06 1.2382e-06 1.7195
98 2.6361e-06 5.2723e-06 1.2418e-06 1.7046
99 2.6561e-06 5.3123e-06 1.2454e-06 1.6900
100 2.6765e-06 5.3530e-06 1.2490e-06 1.6759
101 2.6972e-06 5.3944e-06 1.2525e-06 1.6621
102 2.7182e-06 5.4365e-06 1.2561e-06 1.6486
103 2.7397e-06 5.4794e-06 1.2597e-06 1.6354
104 2.7615e-06 5.5230e-06 1.2632e-06 1.6226
105 2.7837e-06 5.5675e-06 1.2668e-06 1.6100
106 2.8063e-06 5.6127e-06 1.2703e-06 1.5977
107 2.8293e-06 5.6587e-06 1.2738e-06 1.5857
108 2.8527e-06 5.7055e-06 1.2773e-06 1.5740
109 2.8766e-06 5.7532e-06 1.2807e-06 1.5625
110 2.9008e-06 5.8016e-06 1.2842e-06 1.5513
111 2.9255e-06 5.8510e-06 1.2875e-06 1.5403
112 2.9506e-06 5.9012e-06 1.2909e-06 1.5295
113 2.9761e-06 5.9523e-06 1.2942e-06 1.5189
114 3.0021e-06 6.0043e-06 1.2975e-06 1.5085
115 3.0286e-06 6.0572e-06 1.3007e-06 1.4983
116 3.0555e-06 6.1111e-06 1.3039e-06 1.4883
117 3.0829e-06 6.1659e-06 1.3070e-06 1.4784
118 3.1108e-06 6.2216e-06 1.3101e-06 1.4688
119 3.1392e-06 6.2784e-06 1.3131e-06 1.4592
120 3.1680e-06 6.3361e-06 1.3160e-06 1.4499
121 3.1974e-06 6.3949e-06 1.3189e-06 1.4407
122 3.2273e-06 6.4547e-06 1.3218e-06 1.4316
123 3.2577e-06 6.5155e-06 1.3245e-06 1.4227
124 3.2887e-06 6.5775e-06 1.3272e-06 1.4139
125 3.3202e-06 6.6405e-06 1.3298e-06 1.4052
126 3.3523e-06 6.7046e-06 1.3324e-06 1.3966
127 3.3849e-06 6.7699e-06 1.3349e-06 1.3882
128 3.4182e-06 6.8364e-06 1.3373e-06 1.3798
129 3.4520e-06 6.9040e-06 1.3396e-06 1.3716
130 3.4864e-06 6.9728e-06 1.3418e-06 1.3634
131 3.5214e-06 7.0428e-06 1.3440e-06 1.3553
132 3.5570e-06 7.1141e-06 1.3460e-06 1.3473
133 3.5933e-06 7.1867e-06 1.3480e-06 1.3394
134 3.6302e-06 7.2605e-06 1.3499e-06 1.3316
135 3.6678e-06 7.3357e-06 1.3517e-06 1.3239
136 3.7061e-06 7.4122e-06 1.3534e-06 1.3162
137 3.7450e-06 7.4901e-06 1.3551e-06 1.3086
138 3.7847e-06 7.5694e-06 1.3566e-06 1.3011
139 3.8250e-06 7.6501e-06 1.3580e-06 1.2936
140 3.8661e-06 7.7322e-06 1.3594e-06 1.2861
141 3.9079e-06 7.8159e-06 1.3607e-06 1.2788
142 3.9505e-06 7.9010e-06 1.3618e-06 1.2715
143 3.9938e-06 7.9877e-06 1.3629e-06 1.2642
144 4.0379e-06 8.0759e-06 1.3639e-06 1.2570
145 4.0828e-06 8.1658e-06 1.3648e-06 1.2498
146 4.1286e-06 8.2572e-06 1.3656e-06 1.2426
147 4.1751e-06 8.3504e-06 1.3663e-06 1.2355
148 4.2226e-06 8.4452e-06 1.3670e-06 1.2284
149 4.2708e-06 8.5418e-06 1.3675e-06 1.2214
150 4.3200e-06 8.6401e-06 1.3680e-06 1.2143
151 4.3701e-06 8.7402e-06 1.3683e-06 1.2074
152 4.4210e-06 8.8421e-06 1.3686e-06 1.2004
153 4.4729e-06 8.9460e-06 1.3688e-06 1.1935
154 4.5258e-06 9.0517e-06 1.3689e-06 1.1866
155 4.5796e-06 9.1594e-06 1.3689e-06 1.1797
156 4.6345e-06 9.2690e-06 1.3688e-06 1.1728
157 4.6903e-06 9.3807e-06 1.3687e-06 1.1659
158 4.7472e-06 9.4945e-06 1.3685e-06 1.1591
159 4.8052e-06 9.6104e-06 1.3682e-06 1.1523
160 4.8642e-06 9.7284e-06 1.3678e-06 1.1455
161 4.9243e-06 9.8487e-06 1.3674e-06 1.1387
162 4.9855e-06 9.9712e-06 1.3669e-06 1.1319
163 5.0479e-06 1.0096e-05 1.3663e-06 1.1251
164 5.1115e-06 1.0223e-05 1.3656e-06 1.1183
165 5.1762e-06 1.0353e-05 1.3649e-06 1.1116
166 5.2422e-06 1.0485e-05 1.3642e-06 1.1048
167 5.3094e-06 1.0619e-05 1.3633e-06 1.0981
168 5.3779e-06 1.0756e-05 1.3625e-06 1.0913
169 5.4477e-06 1.0896e-05 1.3615e-06 1.0846
170 5.5188e-06 1.1038e-05 1.3605e-06 1.0778
171 5.5913e-06 1.1183e-05 1.3595e-06 1.0711
172 5.6652e-06 1.1330e-05 1.3584e-06 1.0644
173 5.7404e-06 1.1481e-05 1.3573e-06 1.0576
174 5.8172e-06 1.1634e-05 1.3561e-06 1.0509
175 5.8954e-06 1.1791e-05 1.3549e-06 1.0442
176 5.9751e-06 1.1950e-05 1.3536e-06 1.0375
177 6.0563e-06 1.2113e-05 1.3524e-06 1.0308
178 6.1391e-06 1.2278e-05 1.3511e-06 1.0240
179 6.2235e-06 1.2447e-05 1.3497e-06 1.0173
180 6.3096e-06 1.2619e-05 1.3484e-06 1.0106
181 6.3973e-06 1.2795e-05 1.3470e-06 1.0038
182 6.4868e-06 1.2974e-05 1.3456e-06 0.9971
183 6.5780e-06 1.3156e-05 1.3442e-06 0.9904
184 6.6710e-06 1.3342e-05 1.3427e-06 0.9836
185 6.7658e-06 1.3532e-05 1.3413e-06 0.9769
186 6.8625e-06 1.3725e-05 1.3399e-06 0.9701
187 6.9611e-06 1.3922e-05 1.3384e-06 0.9634
188 7.0617e-06 1.4123e-05 1.3370e-06 0.9567
189 7.1642e-06 1.4329e-05 1.3355e-06 0.9499
190 7.2689e-06 1.4538e-05 1.3341e-06 0.9432
191 7.3756e-06 1.4751e-05 1.3327e-06 0.9364
192 7.4844e-06 1.4969e-05 1.3312e-06 0.9297
193 7.5954e-06 1.5191e-05 1.3298e-06 0.9229
194 7.7087e-06 1.5418e-05 1.3284e-06 0.9162
195 7.8242e-06 1.5649e-05 1.3271e-06 0.9094
196 7.9421e-06 1.5884e-05 1.3257e-06 0.9026
197 8.0624e-06 1.6125e-05 1.3244e-06 0.8959
198 8.1851e-06 1.6370e-05 1.3231e-06 0.8891
199 8.3103e-06 1.6621e-05 1.3218e-06 0.8824
200 8.4381e-06 1.6876e-05 1.3206e-06 0.8756
201 8.5685e-06 1.7137e-05 1.3194e-06 0.8689
202 8.7016e-06 1.7403e-05 1.3182e-06 0.8621
203 8.8374e-06 1.7675e-05 1.3171e-06 0.8554
204 8.9761e-06 1.7952e-05 1.3160e-06 0.8486
205 9.1176e-06 1.8235e-05 1.3150e-06 0.8418
206 9.2620e-06 1.8524e-05 1.3140e-06 0.8351
207 9.4094e-06 1.8819e-05 1.3131e-06 0.8283
208 9.5599e-06 1.9120e-05 1.3122e-06 0.8216
209 9.7136e-06 1.9427e-05 1.3114e-06 0.8148
210 9.8705e-06 1.9741e-05 1.3106e-06 0.8081
211 1.0031e-05 2.0062e-05 1.3099e-06 0.8014
212 1.0194e-05 2.0389e-05 1.3093e-06 0.7946
213 1.0361e-05 2.0723e-05 1.3087e-06 0.7879
214 1.0532e-05 2.1064e-05 1.3082e-06 0.7812
215 1.0706e-05 2.1412e-05 1.3078e-06 0.7745
216 1.0884e-05 2.1768e-05 1.3074e-06 0.7678
217 1.1066e-05 2.2131e-05 1.3071e-06 0.7611
218 1.1251e-05 2.2503e-05 1.3069e-06 0.7543
219 1.1441e-05 2.2882e-05 1.3068e-06 0.7477
220 1.1634e-05 2.3269e-05 1.3068e-06 0.7410
221 1.1832e-05 2.3665e-05 1.3068e-06 0.7343
222 1.2034e-05 2.4069e-05 1.3069e-06 0.7277
223 1.2241e-05 2.4482e-05 1.3071e-06 0.7210
224 1.2452e-05 2.4904e-05 1.3074e-06 0.7144
225 1.2668e-05 2.5335e-05 1.3078e-06 0.7078
226 1.2888e-05 2.5776e-05 1.3083e-06 0.7012
227 1.3113e-05 2.6226e-05 1.3089e-06 0.6946
228 1.3343e-05 2.6686e-05 1.3096e-06 0.6880
229 1.3578e-05 2.7157e-05 1.3104e-06 0.6814
230 1.3819e-05 2.7638e-05 1.3112e-06 0.6748
231 1.4064e-05 2.8129e-05 1.3122e-06 0.6683
232 1.4316e-05 2.8631e-05 1.3133e-06 0.6618
233 1.4572e-05 2.9145e-05 1.3145e-06 0.6552
234 1.4835e-05 2.9670e-05 1.3158e-06 0.6488
235 1.5103e-05 3.0207e-05 1.3173e-06 0.6423
236 1.5378e-05 3.0755e-05 1.3188e-06 0.6358
237 1.5658e-05 3.1317e-05 1.3205e-06 0.6294
238 1.5945e-05 3.1891e-05 1.3222e-06 0.6230
239 1.6239e-05 3.2477e-05 1.3241e-06 0.6166
240 1.6539e-05 3.3078e-05 1.3262e-06 0.6102
241 1.6846e-05 3.3691e-05 1.3283e-06 0.6038
242 1.7159e-05 3.4319e-05 1.3306e-06 0.5975
243 1.7481e-05 3.4961e-05 1.3330e-06 0.5911
244 1.7809e-05 3.5618e-05 1.3355e-06 0.5849
245 1.8145e-05 3.6290e-05 1.3382e-06 0.5786
246 1.8489e-05 3.6978e-05 1.3410e-06 0.5723
247 1.8841e-05 3.7682e-05 1.3439e-06 0.5661
248 1.9200e-05 3.8401e-05 1.3470e-06 0.5599
249 1.9569e-05 3.9138e-05 1.3502e-06 0.5537
250 1.9946e-05 3.9892e-05 1.3535e-06 0.5476
251 2.0331e-05 4.0663e-05 1.3570e-06 0.5415
252 2.0726e-05 4.1452e-05 1.3607e-06 0.5354
253 2.1130e-05 4.2260e-05 1.3645e-06 0.5293
254 2.1543e-05 4.3087e-05 1.3684e-06 0.5233
255 2.1967e-05 4.3934e-05 1.3725e-06 0.5173
256 2.2400e-05 4.4800e-05 1.3768e-06 0.5113
257 2.2843e-05 4.5687e-05 1.3812e-06 0.5054
258 2.3298e-05 4.6595e-05 1.3858e-06 0.4995
259 2.3762e-05 4.7525e-05 1.3905e-06 0.4936
260 2.4239e-05 4.8478e-05 1.3954e-06 0.4877
261 2.4726e-05 4.9453e-05 1.4005e-06 0.4819
262 2.5225e-05 5.0451e-05 1.4057e-06 0.4761
263 2.5737e-05 5.1474e-05 1.4111e-06 0.4704
264 2.6260e-05 5.2521e-05 1.4167e-06 0.4646
265 2.6797e-05 5.3594e-05 1.4225e-06 0.4590
266 2.7346e-05 5.4693e-05 1.4284e-06 0.4533
267 2.7909e-05 5.5818e-05 1.4346e-06 0.4477
268 2.8485e-05 5.6971e-05 1.4409e-06 0.4421
269 2.9076e-05 5.8153e-05 1.4474e-06 0.4365
270 2.9681e-05 5.9363e-05 1.4541e-06 0.4310
271 3.0301e-05 6.0603e-05 1.4610e-06 0.4255
272 3.0937e-05 6.1874e-05 1.4680e-06 0.4201
273 3.1588e-05 6.3176e-05 1.4753e-06 0.4147
274 3.2255e-05 6.4511e-05 1.4828e-06 0.4093
275 3.2939e-05 6.5879e-05 1.4905e-06 0.4040
276 3.3640e-05 6.7281e-05 1.4984e-06 0.3987
277 3.4359e-05 6.8718e-05 1.5065e-06 0.3935
278 3.5095e-05 7.0191e-05 1.5148e-06 0.3883
279 3.5850e-05 7.1701e-05 1.5233e-06 0.3831
280 3.6624e-05 7.3249e-05 1.5320e-06 0.3780
281 3.7418e-05 7.4837e-05 1.5410e-06 0.3729
282 3.8232e-05 7.6464e-05 1.5502e-06 0.3678
283 3.9066e-05 7.8133e-05 1.5596e-06 0.3628
284 3.9922e-05 7.9845e-05 1.5693e-06 0.3579
285 4.0800e-05 8.1600e-05 1.5792e-06 0.3529
286 4.1700e-05 8.3400e-05 1.5893e-06 0.3481
287 4.2623e-05 8.5246e-05 1.5996e-06 0.3432
288 4.3570e-05 8.7140e-05 1.6102e-06 0.3384
289 4.4541e-05 8.9083e-05 1.6211e-06 0.3337
290 4.5538e-05 9.1076e-05 1.6322e-06 0.3290
291 4.6560e-05 9.3121e-05 1.6436e-06 0.3243
292 4.7609e-05 9.5219e-05 1.6552e-06 0.3197
293 4.8685e-05 9.7371e-05 1.6670e-06 0.3151
294 4.9790e-05 9.9580e-05 1.6792e-06 0.3105
295 5.0923e-05 1.0185e-04 1.6916e-06 0.3061
296 5.2086e-05 1.0417e-04 1.7043e-06 0.3016
297 5.3280e-05 1.0656e-04 1.7172e-06 0.2972
298 5.4505e-05 1.0901e-04 1.7304e-06 0.2928
299 5.5763e-05 1.1153e-04 1.7439e-06 0.2885
300 5.7054e-05 1.1411e-04 1.7577e-06 0.2842
301 5.8379e-05 1.1676e-04 1.7718e-06 0.2800
302 5.9740e-05 1.1948e-04 1.7861e-06 0.2758
303 6.1137e-05 1.2228e-04 1.8008e-06 0.2717
304 6.2572e-05 1.2514e-04 1.8157e-06 0.2676
305 6.4045e-05 1.2809e-04 1.8310e-06 0.2635
306 6.5558e-05 1.3112e-04 1.8465e-06 0.2595
307 6.7112e-05 1.3422e-04 1.8624e-06 0.2556
308 6.8707e-05 1.3742e-04 1.8786e-06 0.2517
309 7.0346e-05 1.4069e-04 1.8950e-06 0.2478
310 7.2030e-05 1.4406e-04 1.9118e-06 0.2440
311 7.3760e-05 1.4752e-04 1.9289e-06 0.2402
312 7.5537e-05 1.5107e-04 1.9464e-06 0.2365
313 7.7362e-05 1.5473e-04 1.9641e-06 0.2328
314 7.9238e-05 1.5848e-04 1.9822e-06 0.2291
315 8.1165e-05 1.6233e-04 2.0006e-06 0.2256
316 8.3146e-05 1.6629e-04 2.0193e-06 0.2220
317 8.5181e-05 1.7036e-04 2.0383e-06 0.2185
318 8.7273e-05 1.7455e-04 2.0577e-06 0.2151
319 8.9424e-05 1.7885e-04 2.0774e-06 0.2117
320 9.1634e-05 1.8327e-04 2.0974e-06 0.2083
321 9.3906e-05 1.8781e-04 2.1178e-06 0.2050
322 9.6241e-05 1.9248e-04 2.1385e-06 0.2017
323 9.8643e-05 1.9729e-04 2.1596e-06 0.1985
324 1.0111e-04 2.0222e-04 2.1809e-06 0.1953
325 1.0365e-04 2.0730e-04 2.2026e-06 0.1922
326 1.0626e-04 2.1252e-04 2.2247e-06 0.1891
327 1.0894e-04 2.1789e-04 2.2470e-06 0.1860
328 1.1171e-04 2.2341e-04 2.2697e-06 0.1830
329 1.1455e-04 2.2909e-04 2.2927e-06 0.1801
330 1.1747e-04 2.3493e-04 2.3161e-06 0.1772
331 1.2047e-04 2.4094e-04 2.3397e-06 0.1743
332 1.2356e-04 2.4712e-04 2.3637e-06 0.1715
333 1.2674e-04 2.5348e-04 2.3880e-06 0.1687
334 1.3001e-04 2.6002e-04 2.4126e-06 0.1660
335 1.3338e-04 2.6676e-04 2.4375e-06 0.1633
336 1.3684e-04 2.7368e-04 2.4627e-06 0.1606
337 1.4040e-04 2.8081e-04 2.4882e-06 0.1580
338 1.4407e-04 2.8815e-04 2.5140e-06 0.1555
339 1.4785e-04 2.9570e-04 2.5400e-06 0.1529
340 1.5173e-04 3.0347e-04 2.5663e-06 0.1504
341 1.5573e-04 3.1147e-04 2.5929e-06 0.1480
342 1.5985e-04 3.1970e-04 2.6197e-06 0.1456
343 1.6409e-04 3.2818e-04 2.6468e-06 0.1432
344 1.6845e-04 3.3691e-04 2.6741e-06 0.1409
345 1.7294e-04 3.4589e-04 2.7016e-06 0.1387
346 1.7757e-04 3.5515e-04 2.7292e-06 0.1364
347 1.8233e-04 3.6467e-04 2.7571e-06 0.1343
348 1.8724e-04 3.7449e-04 2.7852e-06 0.1321
349 1.9229e-04 3.8459e-04 2.8134e-06 0.1300
350 1.9750e-04 3.9500e-04 2.8418e-06 0.1279
351 2.0286e-04 4.0572e-04 2.8703e-06 0.1259
352 2.0838e-04 4.1676e-04 2.8989e-06 0.1239
353 2.1407e-04 4.2814e-04 2.9277e-06 0.1220
354 2.1993e-04 4.3986e-04 2.9565e-06 0.1201
355 2.2597e-04 4.5194e-04 2.9854e-06 0.1182
356 2.3219e-04 4.6438e-04 3.0143e-06 0.1164
357 2.3860e-04 4.7721e-04 3.0433e-06 0.1146
358 2.4521e-04 4.9042e-04 3.0723e-06 0.1129
359 2.5202e-04 5.0404e-04 3.1013e-06 0.1111
360 2.5904e-04 5.1808e-04 3.1303e-06 0.1095
361 2.6627e-04 5.3254e-04 3.1593e-06 0.1078
362 2.7373e-04 5.4746e-04 3.1882e-06 0.1062
363 2.8141e-04 5.6283e-04 3.2170e-06 0.1047
364 2.8934e-04 5.7868e-04 3.2458e-06 0.1031
365 2.9751e-04 5.9502e-04 3.2744e-06 0.1016
366 3.0593e-04 6.1187e-04 3.3030e-06 0.1002
367 3.1462e-04 6.2925e-04 3.3314e-06 0.0988
368 3.2358e-04 6.4717e-04 3.3597e-06 0.0974
369 3.3282e-04 6.6564e-04 3.3878e-06 0.0960
370 3.4235e-04 6.8470e-04 3.4157e-06 0.0947
371 3.5218e-04 7.0436e-04 3.4435e-06 0.0934
372 3.6232e-04 7.2464e-04 3.4710e-06 0.0921
373 3.7278e-04 7.4556e-04 3.4984e-06 0.0909
374 3.8357e-04 7.6714e-04 3.5255e-06 0.0897
375 3.9470e-04 7.8940e-04 3.5524e-06 0.0885
376 4.0619e-04 8.1238e-04 3.5791e-06 0.0874
377 4.1804e-04 8.3609e-04 3.6055e-06 0.0863
378 4.3027e-04 8.6055e-04 3.6318e-06 0.0852
379 4.4289e-04 8.8580e-04 3.6577e-06 0.0842
380 4.5592e-04 9.1185e-04 3.6834e-06 0.0832
381 4.6937e-04 9.3875e-04 3.7089e-06 0.0822
382 4.8325e-04 9.6651e-04 3.7341e-06 0.0812
383 4.9758e-04 9.9517e-04 3.7591e-06 0.0803
384 5.1238e-04 1.0248e-03 3.7838e-06 0.0794
385 5.2765e-04 1.0553e-03 3.8083e-06 0.0785
386 5.4342e-04 1.0869e-03 3.8326e-06 0.0777
387 5.5970e-04 1.1194e-03 3.8567e-06 0.0769
388 5.7652e-04 1.1531e-03 3.8805e-06 0.0761
389 5.9389e-04 1.1878e-03 3.9042e-06 0.0753
390 6.1183e-04 1.2237e-03 3.9276e-06 0.0746
391 6.3035e-04 1.2607e-03 3.9509e-06 0.0739
392 6.4949e-04 1.2990e-03 3.9740e-06 0.0732
393 6.6926e-04 1.3385e-03 3.9969e-06 0.0725
394 6.8968e-04 1.3794e-03 4.0198e-06 0.0719
395 7.1079e-04 1.4216e-03 4.0425e-06 0.0713
396 7.3259e-04 1.4652e-03 4.0651e-06 0.0707
397 7.5512e-04 1.5103e-03 4.0876e-06 0.0701
398 7.7840e-04 1.5568e-03 4.1100e-06 0.0696
399 8.0246e-04 1.6049e-03 4.1325e-06 0.0691
400 8.2733e-04 1.6547e-03 4.1549e-06 0.0686
401 8.5303e-04 1.7061e-03 4.1772e-06 0.0681
402 8.7960e-04 1.7592e-03 4.1996e-06 0.0676
403 9.0707e-04 1.8142e-03 4.2221e-06 0.0672
404 9.3546e-04 1.8709e-03 4.2446e-06 0.0668
405 9.6482e-04 1.9297e-03 4.2672e-06 0.0664
406 9.9517e-04 1.9904e-03 4.2898e-06 0.0660
407 1.0266e-03 2.0531e-03 4.3126e-06 0.0657
408 1.0590e-03 2.1181e-03 4.3356e-06 0.0653
409 1.0926e-03 2.1852e-03 4.3587e-06 0.0650
410 1.1273e-03 2.2546e-03 4.3819e-06 0.0647
411 1.1632e-03 2.3265e-03 4.4054e-06 0.0644
412 1.2004e-03 2.4007e-03 4.4292e-06 0.0642
413 1.2388e-03 2.4776e-03 4.4531e-06 0.0639
414 1.2785e-03 2.5571e-03 4.4774e-06 0.0637
415 1.3197e-03 2.6394e-03 4.5019e-06 0.0635
416 1.3622e-03 2.7245e-03 4.5267e-06 0.0633
417 1.4063e-03 2.8126e-03 4.5518e-06 0.0631
418 1.4518e-03 2.9037e-03 4.5773e-06 0.0629
419 1.4990e-03 2.9980e-03 4.6031e-06 0.0628
420 1.5478e-03 3.0957e-03 4.6292e-06 0.0626
421 1.5983e-03 3.1967e-03 4.6558e-06 0.0625
422 1.6506e-03 3.3013e-03 4.6828e-06 0.0624
423 1.7048e-03 3.4096e-03 4.7102e-06 0.0623
424 1.7608e-03 3.5217e-03 4.7380e-06 0.0622
425 1.8189e-03 3.6378e-03 4.7662e-06 0.0622
426 1.8790e-03 3.7579e-03 4.7949e-06 0.0621
427 1.9412e-03 3.8824e-03 4.8241e-06 0.0621
428 2.0056e-03 4.0113e-03 4.8537e-06 0.0620
429 2.0723e-03 4.1447e-03 4.8838e-06 0.0620
430 2.1415e-03 4.2830e-03 4.9144e-06 0.0620
431 2.2130e-03 4.4261e-03 4.9455e-06 0.0620
432 2.2872e-03 4.5745e-03 4.9772e-06 0.0620
433 2.3640e-03 4.7281e-03 5.0093e-06 0.0620
434 2.4436e-03 4.8873e-03 5.0420e-06 0.0621
435 2.5261e-03 5.0522e-03 5.0752e-06 0.0621
436 2.6115e-03 5.2231e-03 5.1090e-06 0.0622
437 2.7001e-03 5.4002e-03 5.1432e-06 0.0622
438 2.7918e-03 5.5837e-03 5.1781e-06 0.0623
439 2.8869e-03 5.7739e-03 5.2135e-06 0.0624
440 2.9855e-03 5.9710e-03 5.2494e-06 0.0625
441 3.0876e-03 6.1753e-03 5.2859e-06 0.0626
442 3.1935e-03 6.3871e-03 5.3230e-06 0.0627
443 3.3033e-03 6.6067e-03 5.3607e-06 0.0628
444 3.4171e-03 6.8344e-03 5.3989e-06 0.0630
445 3.5352e-03 7.0704e-03 5.4377e-06 0.0631
446 3.6575e-03 7.3151e-03 5.4771e-06 0.0633
447 3.7844e-03 7.5689e-03 5.5170e-06 0.0634
448 3.9160e-03 7.8321e-03 5.5576e-06 0.0636
449 4.0525e-03 8.1050e-03 5.5987e-06 0.0638
450 4.1940e-03 8.3881e-03 5.6404e-06 0.0640
451 4.3409e-03 8.6818e-03 5.6826e-06 0.0642
452 4.4932e-03 8.9864e-03 5.7255e-06 0.0644
453 4.6512e-03 9.3025e-03 5.7689e-06 0.0646
454 4.8151e-03 9.6303e-03 5.8129e-06 0.0648
455 4.9852e-03 9.9705e-03 5.8575e-06 0.0650
456 5.1617e-03 1.0324e-02 5.9027e-06 0.0653
457 5.3449e-03 1.0690e-02 5.9485e-06 0.0655
458 5.5349e-03 1.1070e-02 5.9948e-06 0.0658
459 5.7322e-03 1.1464e-02 6.0417e-06 0.0660
460 5.9369e-03 1.1874e-02 6.0892e-06 0.0663
461 6.1495e-03 1.2299e-02 6.1373e-06 0.0666
462 6.3701e-03 1.2740e-02 6.1859e-06 0.0669
463 6.5992e-03 1.3198e-02 6.2352e-06 0.0672
464 6.8370e-03 1.3674e-02 6.2850e-06 0.0675
465 7.0839e-03 1.4168e-02 6.3353e-06 0.0678
466 7.3403e-03 1.4681e-02 6.3863e-06 0.0681
467 7.6065e-03 1.5213e-02 6.4378e-06 0.0684
468 7.8830e-03 1.5766e-02 6.4899e-06 0.0688
469 8.1702e-03 1.6341e-02 6.5426e-06 0.0691
470 8.4685e-03 1.6937e-02 6.5958e-06 0.0695
471 8.7784e-03 1.7557e-02 6.6496e-06 0.0698
472 9.1003e-03 1.8201e-02 6.7040e-06 0.0702
473 9.4347e-03 1.8870e-02 6.7590e-06 0.0706
474 9.7821e-03 1.9564e-02 6.8145e-06 0.0710
475 1.0143e-02 2.0287e-02 6.8706e-06 0.0714
476 1.0518e-02 2.1037e-02 6.9273e-06 0.0718
477 1.0908e-02 2.1817e-02 6.9845e-06 0.0722
478 1.1313e-02 2.2627e-02 7.0424e-06 0.0727
479 1.1734e-02 2.3469e-02 7.1008e-06 0.0731
480 1.2172e-02 2.4344e-02 7.1597e-06 0.0736
481 1.2627e-02 2.5254e-02 7.2193e-06 0.0741
482 1.3100e-02 2.6201e-02 7.2794e-06 0.0746
483 1.3592e-02 2.7184e-02 7.3402e-06 0.0751
484 1.4103e-02 2.8207e-02 7.4015e-06 0.0757
485 1.4635e-02 2.9270e-02 7.4634e-06 0.0762
486 1.5188e-02 3.0376e-02 7.5259e-06 0.0768
487 1.5763e-02 3.1526e-02 7.5890e-06 0.0774
488 1.6361e-02 3.2721e-02 7.6527e-06 0.0780
489 1.6983e-02 3.3965e-02 7.7170e-06 0.0786
490 1.7629e-02 3.5259e-02 7.7819e-06 0.0793
491 1.8302e-02 3.6605e-02 7.8474e-06 0.0799
492 1.9002e-02 3.8005e-02 7.9136e-06 0.0806
493 1.9731e-02 3.9462e-02 7.9804e-06 0.0814
494 2.0489e-02 4.0978e-02 8.0478e-06 0.0821
495 2.1277e-02 4.2555e-02 8.1159e-06 0.0829
496 2.2098e-02 4.4196e-02 8.1847e-06 0.0837
497 2.2952e-02 4.5904e-02 8.2541e-06 0.0845
498 2.3841e-02 4.7682e-02 8.3242e-06 0.0854
499 2.4766e-02 4.9533e-02 8.3950e-06 0.0863
500 2.5729e-02 5.1459e-02 8.4665e-06 0.0872
501 2.6732e-02 5.3464e-02 8.5387e-06 0.0881
502 2.7775e-02 5.5551e-02 8.6117e-06 0.0891
503 2.8862e-02 5.7724e-02 8.6854e-06 0.0902
504 2.9993e-02 5.9987e-02 8.7598e-06 0.0913
505 3.1172e-02 6.2344e-02 8.8350e-06 0.0924
506 3.2399e-02 6.4798e-02 8.9110e-06 0.0935
507 3.3676e-02 6.7353e-02 8.9878e-06 0.0947
508 3.5007e-02 7.0015e-02 9.0654e-06 0.0960
509 3.6394e-02 7.2788e-02 9.1438e-06 0.0973
510 3.7838e-02 7.5676e-02 9.2231e-06 0.0986
511 3.9342e-02 7.8685e-02 9.3033e-06 0.1001
512 4.0909e-02 8.1819e-02 9.3843e-06 0.1015
513 4.2542e-02 8.5085e-02 9.4662e-06 0.1031
514 4.4244e-02 8.8488e-02 9.5491e-06 0.1047
515 4.6017e-02 9.2034e-02 9.6329e-06 0.1063
516 4.7864e-02 9.5730e-02 9.7176e-06 0.1080
517 4.9790e-02 9.9581e-02 9.8034e-06 0.1098
518 5.1797e-02 1.0360e-01 9.8901e-06 0.1117
519 5.3890e-02 1.0778e-01 9.9778e-06 0.1137
520 5.6071e-02 1.1214e-01 1.0067e-05 0.1157
521 5.8344e-02 1.1669e-01 1.0156e-05 0.1179
522 6.0715e-02 1.2143e-01 1.0247e-05 0.1201
523 6.3187e-02 1.2637e-01 1.0339e-05 0.1224
524 6.5764e-02 1.3153e-01 1.0432e-05 0.1248
525 6.8452e-02 1.3690e-01 1.0526e-05 0.1274
526 7.1255e-02 1.4251e-01 1.0622e-05 0.1300
527 7.4178e-02 1.4836e-01 1.0718e-05 0.1328
528 7.7227e-02 1.5446e-01 1.0816e-05 0.1356
529 8.0408e-02 1.6082e-01 1.0915e-05 0.1386
530 8.3726e-02 1.6745e-01 1.1015e-05 0.1418
531 8.7188e-02 1.7438e-01 1.1116e-05 0.1451
532 9.0800e-02 1.8160e-01 1.1219e-05 0.1485
533 9.4568e-02 1.8914e-01 1.1322e-05 0.1521
534 9.8501e-02 1.9700e-01 1.1427e-05 0.1558
535 1.0260e-01 2.0521e-01 1.1534e-05 0.1597
536 1.0689e-01 2.1378e-01 1.1641e-05 0.1638
537 1.1136e-01 2.2272e-01 1.1750e-05 0.1680
538 1.1602e-01 2.3205e-01 1.1861e-05 0.1725
539 1.2089e-01 2.4179e-01 1.1972e-05 0.1771
540 1.2598e-01 2.5196e-01 1.2085e-05 0.1820
541 1.3129e-01 2.6258e-01 1.2199e-05 0.1871
542 1.3683e-01 2.7367e-01 1.2315e-05 0.1924
543 1.4262e-01 2.8524e-01 1.2432e-05 0.1980
544 1.4866e-01 2.9733e-01 1.2551e-05 0.2038
545 1.5498e-01 3.0995e-01 1.2671e-05 0.2098
546 1.6157e-01 3.2314e-01 1.2792e-05 0.2162
547 1.6845e-01 3.3691e-01 1.2915e-05 0.2228
548 1.7565e-01 3.5130e-01 1.3039e-05 0.2298
549 1.8316e-01 3.6632e-01 1.3165e-05 0.2370
550 1.9101e-01 3.8202e-01 1.3292e-05 0.2446
551 1.9921e-01 3.9842e-01 1.3420e-05 0.2526
552 2.0778e-01 4.1556e-01 1.3550e-05 0.2609
553 2.1673e-01 4.3347e-01 1.3682e-05 0.2696
554 2.2609e-01 4.5219e-01 1.3815e-05 0.2787
555 2.3587e-01 4.7175e-01 1.3949e-05 0.2882
556 2.4609e-01 4.9219e-01 1.4085e-05 0.2981
557 2.5678e-01 5.1356e-01 1.4222e-05 0.3085
558 2.6794e-01 5.3589e-01 1.4361e-05 0.3194
559 2.7962e-01 5.5924e-01 1.4502e-05 0.3308
560 2.9182e-01 5.8365e-01 1.4644e-05 0.3427
561 3.0459e-01 6.0918e-01 1.4787e-05 0.3552
562 3.1793e-01 6.3587e-01 1.4932e-05 0.3683
563 3.3188e-01 6.6378e-01 1.5079e-05 0.3819
564 3.4648e-01 6.9296e-01 1.5227e-05 0.3962
565 3.6174e-01 7.2349e-01 1.5376e-05 0.4112
566 3.7770e-01 7.5542e-01 1.5527e-05 0.4269
567 3.9440e-01 7.8881e-01 1.5680e-05 0.4433
568 4.1187e-01 8.2375e-01 1.5834e-05 0.4605
569 4.3014e-01 8.6030e-01 1.5990e-05 0.4784
570 4.4926e-01 8.9854e-01 1.6147e-05 0.4973
571 4.6927e-01 9.3855e-01 1.6306e-05 0.5170
572 4.9020e-01 9.8041e-01 1.6466e-05 0.5376
573 5.1211e-01 1.0242e+00 1.6628e-05 0.5592
574 5.3503e-01 1.0701e+00 1.6791e-05 0.5818
575 5.5903e-01 1.1181e+00 1.6956e-05 0.6055
576 5.8414e-01 1.1683e+00 1.7122e-05 0.6303
577 6.1043e-01 1.2209e+00 1.7290e-05 0.6563
578 6.3796e-01 1.2759e+00 1.7460e-05 0.6835
579 6.6677e-01 1.3336e+00 1.7631e-05 0.7120
580 6.9694e-01 1.3939e+00 1.7804e-05 0.7419
581 7.2853e-01 1.4571e+00 1.7978e-05 0.7732
582 7.6161e-01 1.5232e+00 1.8154e-05 0.8060
583 7.9625e-01 1.5925e+00 1.8331e-05 0.8403
584 8.3253e-01 1.6651e+00 1.8510e-05 0.8763
585 8.7053e-01 1.7411e+00 1.8690e-05 0.9140
586 9.1034e-01 1.8207e+00 1.8872e-05 0.9535
587 9.5203e-01 1.9041e+00 1.9056e-05 0.9949
588 9.9572e-01 1.9915e+00 1.9241e-05 1.0382
589 1.0415e+00 2.0830e+00 1.9427e-05 1.0837
590 1.0894e+00 2.1789e+00 1.9616e-05 1.1314
591 1.1397e+00 2.2794e+00 1.9805e-05 1.1813
592 1.1923e+00 2.3847e+00 1.9997e-05 1.2337
593 1.2475e+00 2.4951e+00 2.0189e-05 1.2885
594 1.3054e+00 2.6108e+00 2.0384e-05 1.3461
595 1.3660e+00 2.7320e+00 2.0580e-05 1.4064
596 1.4295e+00 2.8591e+00 2.0777e-05 1.4697
597 1.4962e+00 2.9924e+00 2.0976e-05 1.5360
598 1.5660e+00 3.1320e+00 2.1177e-05 1.6055
599 1.6392e+00 3.2785e+00 2.1379e-05 1.6785
600 1.7160e+00 3.4321e+00 2.1582e-05 1.7550
601 1.7965e+00 3.5931e+00 2.1787e-05 1.8352
602 1.8810e+00 3.7620e+00 2.1994e-05 1.9193
603 1.9695e+00 3.9391e+00 2.2202e-05 2.0076
604 2.0624e+00 4.1249e+00 2.2412e-05 2.1002
605 2.1599e+00 4.3198e+00 2.2623e-05 2.1974
606 2.2621e+00 4.5242e+00 2.2836e-05 2.2993
607 2.3693e+00 4.7386e+00 2.3050e-05 2.4062
608 2.4818e+00 4.9636e+00 2.3266e-05 2.5184
609 2.5998e+00 5.1997e+00 2.3484e-05 2.6362
610 2.7237e+00 5.4474e+00 2.3703e-05 2.7598
611 2.8537e+00 5.7074e+00 2.3923e-05 2.8895
612 2.9901e+00 5.9802e+00 2.4145e-05 3.0256
613 3.1332e+00 6.2665e+00 2.4368e-05 3.1685
614 3.2835e+00 6.5671e+00 2.4593e-05 3.3185
615 3.4413e+00 6.8826e+00 2.4820e-05 3.4760
616 3.6069e+00 7.2138e+00 2.5048e-05 3.6413
617 3.7807e+00 7.5615e+00 2.5277e-05 3.8149
618 3.9632e+00 7.9266e+00 2.5509e-05 3.9972
619 4.1549e+00 8.3099e+00 2.5741e-05 4.1886
620 4.3562e+00 8.7124e+00 2.5975e-05 4.3896
621 4.5675e+00 9.1352e+00 2.6211e-05 4.6008
622 4.7895e+00 9.5791e+00 2.6448e-05 4.8225
623 5.0227e+00 1.0045e+01 2.6686e-05 5.0554
624 5.2676e+00 1.0535e+01 2.6926e-05 5.3001
625 5.5249e+00 1.1050e+01 2.7168e-05 5.5571
626 5.7951e+00 1.1590e+01 2.7411e-05 5.8272
627 6.0791e+00 1.2158e+01 2.7655e-05 6.1109
628 6.3775e+00 1.2755e+01 2.7901e-05 6.4091
629 6.6910e+00 1.3382e+01 2.8148e-05 6.7224
630 7.0205e+00 1.4041e+01 2.8397e-05 7.0516
631 7.3667e+00 1.4734e+01 2.8648e-05 7.3976
632 7.7307e+00 1.5461e+01 2.8900e-05 7.7614
633 8.1132e+00 1.6227e+01 2.9153e-05 8.1437
634 8.5153e+00 1.7031e+01 2.9408e-05 8.5456
635 8.9380e+00 1.7876e+01 2.9664e-05 8.9681
636 9.3824e+00 1.8765e+01 2.9922e-05 9.4123
637 9.8497e+00 1.9700e+01 3.0181e-05 9.8793
638 1.0341e+01 2.0682e+01 3.0442e-05 10.3700
639 1.0858e+01 2.1715e+01 3.0704e-05 10.8870
640 1.1401e+01 2.2802e+01 3.0967e-05 11.4300
641 1.1972e+01 2.3945e+01 3.1232e-05 12.0010
642 1.2573e+01 2.5147e+01 3.1499e-05 12.6020
643 1.3206e+01 2.6412e+01 3.1767e-05 13.2340
644 1.3871e+01 2.7742e+01 3.2036e-05 13.8990
645 1.4570e+01 2.9141e+01 3.2307e-05 14.5990
646 1.5307e+01 3.0613e+01 3.2579e-05 15.3350
647 1.6081e+01 3.2162e+01 3.2853e-05 16.1090
648 1.6896e+01 3.3793e+01 3.3128e-05 16.9240
649 1.7754e+01 3.5508e+01 3.3405e-05 17.7810
650 1.8656e+01 3.7313e+01 3.3683e-05 18.6840
651 1.9607e+01 3.9213e+01 3.3963e-05 19.6340
652 2.0607e+01 4.1213e+01 3.4244e-05 20.6340
653 2.1659e+01 4.3319e+01 3.4526e-05 21.6860
654 2.2767e+01 4.5535e+01 3.4810e-05 22.7940
655 2.3934e+01 4.7869e+01 3.5095e-05 23.9610
656 2.5162e+01 5.0325e+01 3.5382e-05 25.1890
657 2.6456e+01 5.2912e+01 3.5670e-05 26.4820
658 2.7818e+01 5.5637e+01 3.5960e-05 27.8440
659 2.9252e+01 5.8506e+01 3.6251e-05 29.2790
660 3.0763e+01 6.1527e+01 3.6544e-05 30.7890
661 3.2354e+01 6.4710e+01 3.6838e-05 32.3800
662 3.4031e+01 6.8062e+01 3.7133e-05 34.0560
663 3.5796e+01 7.1593e+01 3.7430e-05 35.8220
664 3.7657e+01 7.5314e+01 3.7728e-05 37.6820
665 3.9616e+01 7.9234e+01 3.8028e-05 39.6420
666 4.1682e+01 8.3364e+01 3.8329e-05 41.7070
667 4.3858e+01 8.7716e+01 3.8632e-05 43.8830
668 4.6151e+01 9.2303e+01 3.8936e-05 46.1760
669 4.8568e+01 9.7136e+01 3.9242e-05 48.5930
670 5.1115e+01 1.0223e+02 3.9549e-05 51.1400
671 5.3800e+01 1.0760e+02 3.9857e-05 53.8250
672 5.6630e+01 1.1326e+02 4.0168e-05 56.6550
673 5.9614e+01 1.1923e+02 4.0479e-05 59.6390
674 6.2760e+01 1.2552e+02 4.0792e-05 62.7840
675 6.6077e+01 1.3215e+02 4.1107e-05 66.1010
676 6.9574e+01 1.3915e+02 4.1423e-05 69.5990
677 7.3262e+01 1.4653e+02 4.1740e-05 73.2870
678 7.7152e+01 1.5430e+02 4.2059e-05 77.1760
679 8.1254e+01 1.6251e+02 4.2380e-05 81.2780
680 8.5581e+01 1.7116e+02 4.2702e-05 85.6050
681 9.0145e+01 1.8029e+02 4.3025e-05 90.1690
682 9.4960e+01 1.8992e+02 4.3350e-05 94.9840
683 1.0004e+02 2.0008e+02 4.3677e-05 100.0600
684 1.0540e+02 2.1080e+02 4.4005e-05 105.4200
685 1.1105e+02 2.2211e+02 4.4335e-05 111.0800
686 1.1702e+02 2.3404e+02 4.4667e-05 117.0500
687 1.2332e+02 2.4664e+02 4.5000e-05 123.3400
688 1.2996e+02 2.5993e+02 4.5334e-05 129.9900
689 1.3698e+02 2.7396e+02 4.5671e-05 137.0000
690 1.4438e+02 2.8877e+02 4.6009e-05 144.4100
691 1.5220e+02 3.0440e+02 4.6348e-05 152.2200
692 1.6045e+02 3.2091e+02 4.6690e-05 160.4800
693 1.6916e+02 3.3833e+02 4.7033e-05 169.1900
694 1.7836e+02 3.5673e+02 4.7377e-05 178.3900
695 1.8808e+02 3.7616e+02 4.7724e-05 188.1000
696 1.9833e+02 3.9667e+02 4.8072e-05 198.3600
697 2.0917e+02 4.1834e+02 4.8423e-05 209.1900
698 2.2061e+02 4.4122e+02 4.8775e-05 220.6300
699 2.3269e+02 4.6539e+02 4.9129e-05 232.7200
700 2.4546e+02 4.9092e+02 4.9484e-05 245.4800
701 2.5894e+02 5.1789e+02 4.9842e-05 258.9700
702 2.7319e+02 5.4638e+02 5.0202e-05 273.2100
703 2.8824e+02 5.7649e+02 5.0564e-05 288.2700
704 3.0415e+02 6.0830e+02 5.0928e-05 304.1700
705 3.2096e+02 6.4192e+02 5.1294e-05 320.9800
706 3.3872e+02 6.7744e+02 5.1662e-05 338.7400
707 3.5749e+02 7.1499e+02 5.2032e-05 357.5200
708 3.7733e+02 7.5468e+02 5.2405e-05 377.3600
709 3.9831e+02 7.9662e+02 5.2779e-05 398.3300
710 4.2048e+02 8.4097e+02 5.3157e-05 420.5000
711 4.4392e+02 8.8785e+02 5.3536e-05 443.9400
712 4.6870e+02 9.3741e+02 5.3918e-05 468.7300
713 4.9490e+02 9.8982e+02 5.4303e-05 494.9300
714 5.2261e+02 1.0452e+03 5.4690e-05 522.6400
715 5.5191e+02 1.1038e+03 5.5079e-05 551.9400
716 5.8290e+02 1.1658e+03 5.5472e-05 582.9300
717 6.1568e+02 1.2314e+03 5.5867e-05 615.7000
718 6.5035e+02 1.3007e+03 5.6265e-05 650.3700
719 6.8702e+02 1.3741e+03 5.6666e-05 687.0500
720 7.2582e+02 1.4517e+03 5.7070e-05 725.8400
721 7.6686e+02 1.5337e+03 5.7477e-05 766.8900
722 8.1029e+02 1.6206e+03 5.7886e-05 810.3200
723 8.5625e+02 1.7125e+03 5.8300e-05 856.2700
724 9.0488e+02 1.8098e+03 5.8716e-05 904.9000
725 9.5634e+02 1.9127e+03 5.9136e-05 956.3600
726 1.0108e+03 2.0216e+03 5.9559e-05 1010.8000
727 1.0685e+03 2.1369e+03 5.9985e-05 1068.5000
728 1.1295e+03 2.2590e+03 6.0415e-05 1129.5000
729 1.1941e+03 2.3882e+03 6.0849e-05 1194.1000
730 1.2625e+03 2.5250e+03 6.1286e-05 1262.5000
731 1.3349e+03 2.6698e+03 6.1727e-05 1334.9000
732 1.4116e+03 2.8232e+03 6.2172e-05 1411.6000
733 1.4928e+03 2.9855e+03 6.2621e-05 1492.8000
734 1.5787e+03 3.1575e+03 6.3074e-05 1578.8000
735 1.6698e+03 3.3396e+03 6.3531e-05 1669.8000
736 1.7663e+03 3.5325e+03 6.3992e-05 1766.3000
737 1.8684e+03 3.7369e+03 6.4458e-05 1868.4000
738 1.9766e+03 3.9533e+03 6.4927e-05 1976.7000
739 2.0913e+03 4.1826e+03 6.5401e-05 2091.3000
740 2.2128e+03 4.4256e+03 6.5880e-05 2212.8000
741 2.3415e+03 4.6830e+03 6.6363e-05 2341.5000
742 2.4778e+03 4.9557e+03 6.6850e-05 2477.9000
743 2.6224e+03 5.2448e+03 6.7343e-05 2622.4000
744 2.7755e+03 5.5511e+03 6.7840e-05 2775.6000
745 2.9379e+03 5.8758e+03 6.8341e-05 2937.9000
746 3.1099e+03 6.2199e+03 6.8848e-05 3110.0000
747 3.2923e+03 6.5847e+03 6.9359e-05 3292.4000
748 3.4857e+03 6.9715e+03 6.9875e-05 3485.7000
749 3.6907e+03 7.3814e+03 7.0397e-05 3690.7000
750 3.9080e+03 7.8162e+03 7.0923e-05 3908.1000
751 4.1385e+03 8.2771e+03 7.1455e-05 4138.5000
752 4.3829e+03 8.7659e+03 7.1991e-05 4382.9000
753 4.6421e+03 9.2842e+03 7.2533e-05 4642.1000
754 4.9170e+03 9.8340e+03 7.3080e-05 4917.0000
755 5.2085e+03 1.0417e+04 7.3632e-05 5208.5000
756 5.5178e+03 1.1036e+04 7.4190e-05 5517.8000
757 5.8458e+03 1.1692e+04 7.4753e-05 5845.9000
758 6.1939e+03 1.2388e+04 7.5322e-05 6193.9000
759 6.5632e+03 1.3126e+04 7.5895e-05 6563.2000
760 6.9550e+03 1.3910e+04 7.6475e-05 6955.0000
761 7.3708e+03 1.4742e+04 7.7060e-05 7370.8000
762 7.8120e+03 1.5624e+04 7.7650e-05 7812.0000
763 8.2802e+03 1.6561e+04 7.8246e-05 8280.3000
764 8.7773e+03 1.7555e+04 7.8848e-05 8777.3000
765 9.3048e+03 1.8610e+04 7.9455e-05 9304.8000
766 9.8648e+03 1.9730e+04 8.0068e-05 9864.8000
767 1.0459e+04 2.0919e+04 8.0686e-05 10459.0000
768 1.1091e+04 2.2181e+04 8.1311e-05 11091.0000
769 1.1761e+04 2.3522e+04 8.1941e-05 11761.0000
770 1.2472e+04 2.4945e+04 8.2577e-05 12472.0000
771 1.3228e+04 2.6456e+04 8.3218e-05 13228.0000
772 1.4031e+04 2.8061e+04 8.3866e-05 14031.0000
773 1.4883e+04 2.9766e+04 8.4519e-05 14883.0000
774 1.5788e+04 3.1577e+04 8.5179e-05 15788.0000
775 1.6750e+04 3.3500e+04 8.5844e-05 16750.0000
776 1.7772e+04 3.5544e+04 8.6515e-05 17772.0000
777 1.8857e+04 3.7714e+04 8.7192e-05 18857.0000
778 2.0010e+04 4.0021e+04 8.7875e-05 20010.0000
779 2.1236e+04 4.2472e+04 8.8564e-05 21236.0000
780 2.2538e+04 4.5076e+04 8.9259e-05 22538.0000
781 2.3922e+04 4.7844e+04 8.9960e-05 23922.0000
782 2.5392e+04 5.0785e+04 9.0667e-05 25392.0000
783 2.6955e+04 5.3911e+04 9.1380e-05 26955.0000
784 2.8617e+04 5.7235e+04 9.2100e-05 28617.0000
785 3.0383e+04 6.0767e+04 9.2825e-05 30383.0000
786 3.2261e+04 6.4523e+04 9.3557e-05 32261.0000
787 3.4258e+04 6.8516e+04 9.4295e-05 34258.0000
788 3.6380e+04 7.2762e+04 9.5040e-05 36380.0000
789 3.8638e+04 7.7276e+04 9.5790e-05 38638.0000
790 4.1038e+04 8.2077e+04 9.6547e-05 41038.0000
791 4.3591e+04 8.7183e+04 9.7310e-05 43591.0000
792 4.6307e+04 9.2614e+04 9.8080e-05 46307.0000
793 4.9195e+04 9.8390e+04 9.8856e-05 49195.0000
794 5.2267e+04 1.0454e+05 9.9639e-05 52267.0000
795 5.5535e+04 1.1107e+05 1.0043e-04 55535.0000
796 5.9013e+04 1.1803e+05 1.0122e-04 59013.0000
797 6.2713e+04 1.2543e+05 1.0203e-04 62713.0000
798 6.6650e+04 1.3330e+05 1.0283e-04 66650.0000
799 7.0839e+04 1.4168e+05 1.0365e-04 70839.0000
800 7.5297e+04 1.5060e+05 1.0447e-04 75297.0000
801 8.0043e+04 1.6009e+05 1.0530e-04 80043.0000
802 8.5093e+04 1.7019e+05 1.0614e-04 85093.0000
803 9.0470e+04 1.8094e+05 1.0698e-04 90470.0000
804 9.6193e+04 1.9239e+05 1.0783e-04 96193.0000
805 1.0229e+05 2.0458e+05 1.0869e-04 102290.0000
806 1.0877e+05 2.1755e+05 1.0955e-04 108770.0000
807 1.1568e+05 2.3137e+05 1.1042e-04 115680.0000
808 1.2304e+05 2.4608e+05 1.1130e-04 123040.0000
809 1.3087e+05 2.6175e+05 1.1218e-04 130870.0000
810 1.3921e+05 2.7843e+05 1.1308e-04 139210.0000
811 1.4810e+05 2.9621e+05 1.1397e-04 148100.0000
812 1.5757e+05 3.1514e+05 1.1488e-04 157570.0000
813 1.6765e+05 3.3530e+05 1.1580e-04 167650.0000
814 1.7839e+05 3.5679e+05 1.1672e-04 178390.0000
815 1.8984e+05 3.7968e+05 1.1765e-04 189840.0000
816 2.0203e+05 4.0407e+05 1.1858e-04 202030.0000
817 2.1503e+05 4.3006e+05 1.1953e-04 215030.0000
818 2.2887e+05 4.5775e+05 1.2048e-04 228870.0000
819 2.4363e+05 4.8727e+05 1.2144e-04 243630.0000
820 2.5936e+05 5.1873e+05 1.2241e-04 259360.0000
821 2.7613e+05 5.5226e+05 1.2339e-04 276130.0000
822 2.9400e+05 5.8800e+05 1.2437e-04 294000.0000
823 3.1305e+05 6.2611e+05 1.2537e-04 313050.0000
824 3.3336e+05 6.6674e+05 1.2637e-04 333360.0000
825 3.5502e+05 7.1005e+05 1.2738e-04 355020.0000
826 3.7812e+05 7.5624e+05 1.2839e-04 378120.0000
827 4.0274e+05 8.0549e+05 1.2942e-04 402740.0000
828 4.2901e+05 8.5802e+05 1.3046e-04 429010.0000
829 4.5702e+05 9.1405e+05 1.3150e-04 457020.0000
830 4.8690e+05 9.7380e+05 1.3256e-04 486900.0000
831 5.1877e+05 1.0375e+06 1.3362e-04 518770.0000
832 5.5276e+05 1.1055e+06 1.3469e-04 552760.0000
833 5.8904e+05 1.1781e+06 1.3577e-04 589040.0000
834 6.2774e+05 1.2555e+06 1.3686e-04 627740.0000
835 6.6903e+05 1.3381e+06 1.3796e-04 669030.0000
836 7.1309e+05 1.4262e+06 1.3907e-04 713090.0000
837 7.6012e+05 1.5202e+06 1.4019e-04 760120.0000
838 8.1030e+05 1.6206e+06 1.4132e-04 810300.0000
839 8.6387e+05 1.7278e+06 1.4246e-04 863870.0000
840 9.2105e+05 1.8421e+06 1.4361e-04 921050.0000
841 9.8208e+05 1.9642e+06 1.4477e-04 982080.0000
842 1.0472e+06 2.0945e+06 1.4595e-04 1047200.0000
843 1.1168e+06 2.2337e+06 1.4713e-04 1116800.0000
844 1.1911e+06 2.3822e+06 1.4832e-04 1191100.0000
845 1.2704e+06 2.5409e+06 1.4953e-04 1270400.0000
846 1.3551e+06 2.7103e+06 1.5074e-04 1355100.0000
847 1.4456e+06 2.8912e+06 1.5197e-04 1445600.0000
848 1.5422e+06 3.0845e+06 1.5321e-04 1542200.0000
849 1.6454e+06 3.2909e+06 1.5446e-04 1645400.0000
850 1.7557e+06 3.5114e+06 1.5572e-04 1755700.0000
851 1.8734e+06 3.7469e+06 1.5700e-04 1873400.0000
852 1.9993e+06 3.9986e+06 1.5829e-04 1999300.0000
853 2.1337e+06 4.2675e+06 1.5959e-04 2133700.0000
854 2.2774e+06 4.5548e+06 1.6090e-04 2277400.0000
855 2.4309e+06 4.8618e+06 1.6223e-04 2430900.0000
856 2.5949e+06 5.1899e+06 1.6357e-04 2594900.0000
857 2.7703e+06 5.5406e+06 1.6493e-04 2770300.0000
858 2.9577e+06 5.9155e+06 1.6630e-04 2957700.0000
859 3.1580e+06 6.3161e+06 1.6768e-04 3158000.0000
860 3.3722e+06 6.7445e+06 1.6908e-04 3372200.0000
861 3.6012e+06 7.2024e+06 1.7049e-04 3601200.0000
862 3.8460e+06 7.6920e+06 1.7192e-04 3846000.0000
863 4.1077e+06 8.2155e+06 1.7336e-04 4107700.0000
864 4.3876e+06 8.7753e+06 1.7482e-04 4387600.0000
865 4.6870e+06 9.3740e+06 1.7630e-04 4687000.0000
866 5.0071e+06 1.0014e+07 1.7779e-04 5007100.0000
867 5.3495e+06 1.0699e+07 1.7930e-04 5349500.0000
868 5.7158e+06 1.1432e+07 1.8082e-04 5715800.0000
869 6.1076e+06 1.2215e+07 1.8237e-04 6107600.0000
870 6.5268e+06 1.3054e+07 1.8393e-04 6526800.0000
871 6.9753e+06 1.3951e+07 1.8550e-04 6975300.0000
872 7.4551e+06 1.4910e+07 1.8710e-04 7455100.0000
873 7.9686e+06 1.5937e+07 1.8872e-04 7968600.0000
874 8.5181e+06 1.7036e+07 1.9035e-04 8518100.0000
875 9.1061e+06 1.8212e+07 1.9201e-04 9106100.0000
876 9.7356e+06 1.9471e+07 1.9368e-04 9735600.0000
877 1.0409e+07 2.0819e+07 1.9537e-04 10409000.0000
878 1.1130e+07 2.2261e+07 1.9709e-04 11130000.0000
879 1.1903e+07 2.3805e+07 1.9883e-04 11903000.0000
880 1.2729e+07 2.5459e+07 2.0059e-04 12729000.0000
881 1.3614e+07 2.7229e+07 2.0237e-04 13614000.0000
882 1.4562e+07 2.9124e+07 2.0417e-04 14562000.0000
883 1.5577e+07 3.1154e+07 2.0600e-04 15577000.0000
884 1.6664e+07 3.3327e+07 2.0785e-04 16664000.0000
885 1.7828e+07 3.5655e+07 2.0972e-04 17828000.0000
886 1.9074e+07 3.8149e+07 2.1162e-04 19074000.0000
887 2.0410e+07 4.0820e+07 2.1354e-04 20410000.0000
888 2.1841e+07 4.3682e+07 2.1549e-04 21841000.0000
889 2.3373e+07 4.6747e+07 2.1747e-04 23373000.0000
890 2.5016e+07 5.0032e+07 2.1947e-04 25016000.0000
891 2.6775e+07 5.3551e+07 2.2150e-04 26775000.0000
892 2.8661e+07 5.7323e+07 2.2356e-04 28661000.0000
893 3.0682e+07 6.1364e+07 2.2564e-04 30682000.0000
894 3.2848e+07 6.5696e+07 2.2776e-04 32848000.0000
895 3.5169e+07 7.0339e+07 2.2990e-04 35169000.0000
896 3.7657e+07 7.5316e+07 2.3208e-04 37657000.0000
897 4.0325e+07 8.0651e+07 2.3429e-04 40325000.0000
898 4.3185e+07 8.6370e+07 2.3653e-04 43185000.0000
899 4.6251e+07 9.2502e+07 2.3880e-04 46251000.0000
900 4.9538e+07 9.9077e+07 2.4110e-04 49538000.0000
901 5.3063e+07 1.0613e+08 2.4344e-04 53063000.0000
902 5.6844e+07 1.1369e+08 2.4581e-04 56844000.0000
903 6.0898e+07 1.2180e+08 2.4822e-04 60898000.0000
904 6.5246e+07 1.3049e+08 2.5066e-04 65246000.0000
905 6.9911e+07 1.3982e+08 2.5314e-04 69911000.0000
906 7.4914e+07 1.4983e+08 2.5566e-04 74914000.0000
907 8.0282e+07 1.6057e+08 2.5822e-04 80282000.0000
908 8.6041e+07 1.7208e+08 2.6082e-04 86041000.0000
909 9.2220e+07 1.8444e+08 2.6346e-04 92220000.0000
910 9.8851e+07 1.9770e+08 2.6613e-04 98851000.0000
911 1.0597e+08 2.1193e+08 2.6886e-04 105970000.0000
912 1.1360e+08 2.2721e+08 2.7162e-04 113600000.0000
913 1.2180e+08 2.4360e+08 2.7443e-04 121800000.0000
914 1.3059e+08 2.6119e+08 2.7728e-04 130590000.0000
915 1.4004e+08 2.8008e+08 2.8018e-04 140040000.0000
916 1.5017e+08 3.0035e+08 2.8313e-04 150170000.0000
917 1.6106e+08 3.2212e+08 2.8612e-04 161060000.0000
918 1.7274e+08 3.4549e+08 2.8917e-04 172740000.0000
919 1.8529e+08 3.7058e+08 2.9226e-04 185290000.0000
920 1.9876e+08 3.9753e+08 2.9541e-04 198760000.0000
921 2.1323e+08 4.2647e+08 2.9861e-04 213230000.0000
922 2.2877e+08 4.5755e+08 3.0186e-04 228770000.0000
923 2.4546e+08 4.9093e+08 3.0517e-04 245460000.0000
924 2.6339e+08 5.2679e+08 3.0854e-04 263390000.0000
925 2.8265e+08 5.6531e+08 3.1196e-04 282650000.0000
926 3.0334e+08 6.0669e+08 3.1544e-04 303340000.0000
927 3.2558e+08 6.5116e+08 3.1899e-04 325580000.0000
928 3.4946e+08 6.9893e+08 3.2259e-04 349460000.0000
929 3.7513e+08 7.5027e+08 3.2626e-04 375130000.0000
930 4.0272e+08 8.0544e+08 3.3000e-04 402720000.0000
931 4.3236e+08 8.6474e+08 3.3380e-04 432360000.0000
932 4.6423e+08 9.2847e+08 3.3767e-04 464230000.0000
933 4.9848e+08 9.9697e+08 3.4161e-04 498480000.0000
934 5.3530e+08 1.0706e+09 3.4562e-04 535300000.0000
935 5.7488e+08 1.1498e+09 3.4970e-04 574880000.0000
936 6.1743e+08 1.2349e+09 3.5386e-04 617430000.0000
937 6.6319e+08 1.3264e+09 3.5810e-04 663190000.0000
938 7.1239e+08 1.4248e+09 3.6241e-04 712390000.0000
939 7.6530e+08 1.5306e+09 3.6681e-04 765300000.0000
940 8.2221e+08 1.6444e+09 3.7128e-04 822210000.0000
941 8.8341e+08 1.7668e+09 3.7585e-04 883410000.0000
942 9.4924e+08 1.8985e+09 3.8050e-04 949240000.0000
943 1.0200e+09 2.0401e+09 3.8523e-04 1020000000.0000
944 1.0962e+09 2.1925e+09 3.9006e-04 1096200000.0000
945 1.1782e+09 2.3564e+09 3.9499e-04 1178200000.0000
946 1.2664e+09 2.5328e+09 4.0000e-04 1266400000.0000
947 1.3613e+09 2.7225e+09 4.0512e-04 1361300000.0000
948 1.4634e+09 2.9268e+09 4.1034e-04 1463400000.0000
949 1.5732e+09 3.1465e+09 4.1566e-04 1573200000.0000
950 1.6915e+09 3.3831e+09 4.2109e-04 1691500000.0000
951 1.8188e+09 3.6377e+09 4.2662e-04 1818800000.0000
952 1.9558e+09 3.9117e+09 4.3227e-04 1955800000.0000
953 2.1033e+09 4.2067e+09 4.3803e-04 2103300000.0000
954 2.2621e+09 4.5243e+09 4.4391e-04 2262100000.0000
955 2.4331e+09 4.8663e+09 4.4991e-04 2433100000.0000
956 2.6172e+09 5.2345e+09 4.5603e-04 2617200000.0000
957 2.8155e+09 5.6310e+09 4.6228e-04 2815500000.0000
958 3.0290e+09 6.0580e+09 4.6866e-04 3029000000.0000
959 3.2589e+09 6.5179e+09 4.7517e-04 3258900000.0000
960 3.5066e+09 7.0132e+09 4.8182e-04 3506600000.0000
961 3.7733e+09 7.5468e+09 4.8861e-04 3773300000.0000
962 4.0607e+09 8.1215e+09 4.9555e-04 4060700000.0000
963 4.3703e+09 8.7407e+09 5.0263e-04 4370300000.0000
964 4.7039e+09 9.4078e+09 5.0987e-04 4703900000.0000
965 5.0633e+09 1.0127e+10 5.1726e-04 5063300000.0000
966 5.4505e+09 1.0901e+10 5.2481e-04 5450500000.0000
967 5.8679e+09 1.1736e+10 5.3253e-04 5867900000.0000
968 6.3176e+09 1.2635e+10 5.4042e-04 6317600000.0000
969 6.8024e+09 1.3605e+10 5.4849e-04 6802400000.0000
970 7.3249e+09 1.4650e+10 5.5673e-04 7324900000.0000
971 7.8882e+09 1.5777e+10 5.6516e-04 7888200000.0000
972 8.4955e+09 1.6991e+10 5.7378e-04 8495500000.0000
973 9.1501e+09 1.8300e+10 5.8259e-04 9150100000.0000
974 9.8560e+09 1.9712e+10 5.9160e-04 9856000000.0000
975 1.0617e+10 2.1235e+10 6.0082e-04 10617000000.0000
976 1.1438e+10 2.2876e+10 6.1026e-04 11438000000.0000
977 1.2323e+10 2.4647e+10 6.1991e-04 12323000000.0000
978 1.3278e+10 2.6556e+10 6.2979e-04 13278000000.0000
979 1.4308e+10 2.8616e+10 6.3990e-04 14308000000.0000
980 1.5418e+10 3.0837e+10 6.5024e-04 15418000000.0000
981 1.6617e+10 3.3234e+10 6.6083e-04 16617000000.0000
982 1.7910e+10 3.5819e+10 6.7168e-04 17910000000.0000
983 1.9304e+10 3.8609e+10 6.8278e-04 19304000000.0000
984 2.0809e+10 4.1619e+10 6.9415e-04 20809000000.0000
985 2.2434e+10 4.4868e+10 7.0579e-04 22434000000.0000
986 2.4186e+10 4.8373e+10 7.1772e-04 24186000000.0000
987 2.6078e+10 5.2157e+10 7.2995e-04 26078000000.0000
988 2.8120e+10 5.6240e+10 7.4247e-04 28120000000.0000
989 3.0324e+10 6.0648e+10 7.5531e-04 30324000000.0000
990 3.2703e+10 6.5407e+10 7.6846e-04 32703000000.0000
991 3.5272e+10 7.0544e+10 7.8194e-04 35272000000.0000
992 3.8045e+10 7.6090e+10 7.9576e-04 38045000000.0000
993 4.1039e+10 8.2079e+10 8.0993e-04 41039000000.0000
994 4.4273e+10 8.8546e+10 8.2446e-04 44273000000.0000
995 4.7764e+10 9.5530e+10 8.3936e-04 47764000000.0000
996 5.1536e+10 1.0307e+11 8.5465e-04 51536000000.0000
997 5.5609e+10 1.1122e+11 8.7034e-04 55609000000.0000
998 6.0008e+10 1.2002e+11 8.8644e-04 60008000000.0000
999 6.4761e+10 1.2952e+11 9.0296e-04 64761000000.0000
1000 6.9896e+10 1.3979e+11 9.1991e-04 69896000000.0000
1001 7.5443e+10 1.5089e+11 9.3730e-04 75443000000.0000
1002 8.1437e+10 1.6288e+11 9.5516e-04 81437000000.0000
1003 8.7913e+10 1.7583e+11 9.7350e-04 87913000000.0000
1004 9.4912e+10 1.8983e+11 9.9233e-04 94912000000.0000
1005 1.0248e+11 2.0496e+11 1.0117e-03 102480000000.0000
1006 1.1065e+11 2.2131e+11 1.0315e-03 110650000000.0000
1007 1.1949e+11 2.3898e+11 1.0520e-03 119490000000.0000
1008 1.2904e+11 2.5808e+11 1.0729e-03 129040000000.0000
1009 1.3937e+11 2.7874e+11 1.0945e-03 139370000000.0000
1010 1.5053e+11 3.0107e+11 1.1167e-03 150530000000.0000
1011 1.6260e+11 3.2521e+11 1.1394e-03 162600000000.0000
1012 1.7565e+11 3.5131e+11 1.1628e-03 175650000000.0000
1013 1.8977e+11 3.7954e+11 1.1869e-03 189770000000.0000
1014 2.0503e+11 4.1007e+11 1.2117e-03 205030000000.0000
1015 2.2154e+11 4.4309e+11 1.2371e-03 221540000000.0000
1016 2.3940e+11 4.7880e+11 1.2633e-03 239400000000.0000
1017 2.5871e+11 5.1743e+11 1.2903e-03 258710000000.0000
1018 2.7961e+11 5.5923e+11 1.3180e-03 279610000000.0000
1019 3.0222e+11 6.0444e+11 1.3466e-03 302220000000.0000
1020 3.2667e+11 6.5336e+11 1.3760e-03 326670000000.0000
1021 3.5314e+11 7.0629e+11 1.4062e-03 353140000000.0000
1022 3.8178e+11 7.6356e+11 1.4374e-03 381780000000.0000
1023 4.1277e+11 8.2555e+11 1.4694e-03 412770000000.0000
1024 4.4631e+11 8.9263e+11 1.5024e-03 446310000000.0000
1025 4.8262e+11 9.6524e+11 1.5365e-03 482620000000.0000
1026 5.2191e+11 1.0438e+12 1.5715e-03 521910000000.0000
1027 5.6445e+11 1.1289e+12 1.6077e-03 564450000000.0000
1028 6.1051e+11 1.2210e+12 1.6449e-03 610510000000.0000
1029 6.6037e+11 1.3208e+12 1.6833e-03 660370000000.0000
1030 7.1436e+11 1.4287e+12 1.7228e-03 714360000000.0000
1031 7.7282e+11 1.5457e+12 1.7636e-03 772820000000.0000
1032 8.3613e+11 1.6723e+12 1.8057e-03 836130000000.0000
1033 9.0470e+11 1.8094e+12 1.8490e-03 904700000000.0000
1034 9.7896e+11 1.9579e+12 1.8938e-03 978960000000.0000
1035 1.0594e+12 2.1188e+12 1.9399e-03 1059400000000.0000
1036 1.1465e+12 2.2931e+12 1.9875e-03 1146500000000.0000
1037 1.2409e+12 2.4819e+12 2.0367e-03 1240900000000.0000
1038 1.3432e+12 2.6865e+12 2.0874e-03 1343200000000.0000
1039 1.4540e+12 2.9081e+12 2.1398e-03 1454000000000.0000
1040 1.5741e+12 3.1482e+12 2.1939e-03 1574100000000.0000
1041 1.7042e+12 3.4085e+12 2.2497e-03 1704200000000.0000
1042 1.8452e+12 3.6905e+12 2.3073e-03 1845200000000.0000
1043 1.9981e+12 3.9962e+12 2.3668e-03 1998100000000.0000
1044 2.1638e+12 4.3276e+12 2.4283e-03 2163800000000.0000
1045 2.3433e+12 4.6867e+12 2.4919e-03 2343300000000.0000
1046 2.5380e+12 5.0761e+12 2.5576e-03 2538000000000.0000
1047 2.7491e+12 5.4982e+12 2.6255e-03 2749100000000.0000
1048 2.9779e+12 5.9559e+12 2.6957e-03 2977900000000.0000
1049 3.2261e+12 6.4522e+12 2.7682e-03 3226100000000.0000
1050 3.4951e+12 6.9903e+12 2.8432e-03 3495100000000.0000
1051 3.7869e+12 7.5740e+12 2.9208e-03 3786900000000.0000
1052 4.1034e+12 8.2070e+12 3.0010e-03 4103400000000.0000
1053 4.4467e+12 8.8935e+12 3.0839e-03 4446700000000.0000
1054 4.8191e+12 9.6382e+12 3.1697e-03 4819100000000.0000
1055 5.2230e+12 1.0446e+13 3.2586e-03 5223000000000.0000
1056 5.6612e+12 1.1323e+13 3.3505e-03 5661200000000.0000
1057 6.1367e+12 1.2274e+13 3.4457e-03 6136700000000.0000
1058 6.6526e+12 1.3305e+13 3.5442e-03 6652600000000.0000
1059 7.2125e+12 1.4425e+13 3.6462e-03 7212500000000.0000
1060 7.8200e+12 1.5640e+13 3.7519e-03 7820000000000.0000
1061 8.4794e+12 1.6959e+13 3.8612e-03 8479400000000.0000
1062 9.1950e+12 1.8390e+13 3.9744e-03 9195000000000.0000
1063 9.9718e+12 1.9944e+13 4.0917e-03 9971800000000.0000
1064 1.0815e+13 2.1631e+13 4.2133e-03 10815000000000.0000
1065 1.1731e+13 2.3461e+13 4.3392e-03 11731000000000.0000
1066 1.2725e+13 2.5449e+13 4.4698e-03 12725000000000.0000
1067 1.3804e+13 2.7608e+13 4.6052e-03 13804000000000.0000
1068 1.4976e+13 2.9952e+13 4.7456e-03 14976000000000.0000
1069 1.6248e+13 3.2497e+13 4.8911e-03 16248000000000.0000
1070 1.7630e+13 3.5261e+13 5.0420e-03 17630000000000.0000
1071 1.9132e+13 3.8264e+13 5.1984e-03 19132000000000.0000
1072 2.0762e+13 4.1525e+13 5.3605e-03 20762000000000.0000
1073 2.2533e+13 4.5067e+13 5.5288e-03 22533000000000.0000
1074 2.4458e+13 4.8916e+13 5.7034e-03 24458000000000.0000
1075 2.6548e+13 5.3097e+13 5.8846e-03 26548000000000.0000
1076 2.8820e+13 5.7640e+13 6.0728e-03 28820000000000.0000
1077 3.1288e+13 6.2576e+13 6.2681e-03 31288000000000.0000
1078 3.3970e+13 6.7941e+13 6.4708e-03 33970000000000.0000
1079 3.6885e+13 7.3770e+13 6.6813e-03 36885000000000.0000
1080 4.0053e+13 8.0107e+13 6.8998e-03 40053000000000.0000
1081 4.3496e+13 8.6994e+13 7.1267e-03 43496000000000.0000
1082 4.7240e+13 9.4480e+13 7.3622e-03 47240000000000.0000
1083 5.1309e+13 1.0262e+14 7.6069e-03 51309000000000.0000
1084 5.5733e+13 1.1147e+14 7.8612e-03 55733000000000.0000
1085 6.0543e+13 1.2109e+14 8.1254e-03 60543000000000.0000
1086 6.5773e+13 1.3155e+14 8.4001e-03 65773000000000.0000
1087 7.1460e+13 1.4292e+14 8.6857e-03 71460000000000.0000
1088 7.7645e+13 1.5529e+14 8.9825e-03 77645000000000.0000
1089 8.4372e+13 1.6875e+14 9.2911e-03 84372000000000.0000
1090 9.1689e+13 1.8338e+14 9.6118e-03 91689000000000.0000
1091 9.9648e+13 1.9930e+14 9.9451e-03 99648000000000.0000
1092 1.0831e+14 2.1661e+14 1.0292e-02 108310000000000.0000
1093 1.1773e+14 2.3545e+14 1.0652e-02 117730000000000.0000
1094 1.2797e+14 2.5595e+14 1.1027e-02 127970000000000.0000
1095 1.3912e+14 2.7825e+14 1.1418e-02 139120000000000.0000
1096 1.5126e+14 3.0252e+14 1.1824e-02 151260000000000.0000
1097 1.6446e+14 3.2893e+14 1.2247e-02 164460000000000.0000
1098 1.7883e+14 3.5767e+14 1.2687e-02 178830000000000.0000
1099 1.9448e+14 3.8896e+14 1.3145e-02 194480000000000.0000
1100 2.1150e+14 4.2301e+14 1.3622e-02 211500000000000.0000
1101 2.3004e+14 4.6008e+14 1.4118e-02 230040000000000.0000
1102 2.5021e+14 5.0043e+14 1.4634e-02 250210000000000.0000
1103 2.7218e+14 5.4437e+14 1.5172e-02 272180000000000.0000
1104 2.9610e+14 5.9221e+14 1.5732e-02 296100000000000.0000
1105 3.2215e+14 6.4430e+14 1.6315e-02 322150000000000.0000
1106 3.5051e+14 7.0103e+14 1.6923e-02 350510000000000.0000
1107 3.8140e+14 7.6282e+14 1.7557e-02 381400000000000.0000
1108 4.1505e+14 8.3011e+14 1.8218e-02 415050000000000.0000
1109 4.5170e+14 9.0340e+14 1.8906e-02 451700000000000.0000
1110 4.9162e+14 9.8324e+14 1.9622e-02 491620000000000.0000
1111 5.3511e+14 1.0702e+15 2.0369e-02 535110000000000.0000
1112 5.8249e+14 1.1650e+15 2.1147e-02 582490000000000.0000
1113 6.3411e+14 1.2682e+15 2.1959e-02 634110000000000.0000
1114 6.9036e+14 1.3807e+15 2.2805e-02 690360000000000.0000
1115 7.5166e+14 1.5033e+15 2.3687e-02 751660000000000.0000
1116 8.1847e+14 1.6370e+15 2.4608e-02 818470000000000.0000
1117 8.9128e+14 1.7826e+15 2.5568e-02 891280000000000.0000
1118 9.7064e+14 1.9413e+15 2.6570e-02 970640000000000.0000
1119 1.0572e+15 2.1143e+15 2.7615e-02 1057200000000000.0000
1120 1.1515e+15 2.3030e+15 2.8705e-02 1151500000000000.0000
1121 1.2543e+15 2.5086e+15 2.9841e-02 1254300000000000.0000
1122 1.3664e+15 2.7328e+15 3.1026e-02 1366400000000000.0000
1123 1.4886e+15 2.9773e+15 3.2263e-02 1488600000000000.0000
1124 1.6219e+15 3.2439e+15 3.3555e-02 1621900000000000.0000
1125 1.7673e+15 3.5346e+15 3.4904e-02 1767300000000000.0000
1126 1.9258e+15 3.8517e+15 3.6312e-02 1925800000000000.0000
1127 2.0987e+15 4.1975e+15 3.7782e-02 2098700000000000.0000
1128 2.2874e+15 4.5748e+15 3.9318e-02 2287400000000000.0000
1129 2.4931e+15 4.9863e+15 4.0921e-02 2493100000000000.0000
1130 2.7176e+15 5.4353e+15 4.2594e-02 2717600000000000.0000
1131 2.9625e+15 5.9251e+15 4.4341e-02 2962500000000000.0000
1132 3.2298e+15 6.4596e+15 4.6165e-02 3229800000000000.0000
1133 3.5214e+15 7.0429e+15 4.8070e-02 3521400000000000.0000
1134 3.8396e+15 7.6794e+15 5.0061e-02 3839600000000000.0000
1135 4.1870e+15 8.3740e+15 5.2141e-02 4187000000000000.0000
1136 4.5661e+15 9.1322e+15 5.4316e-02 4566100000000000.0000
1137 4.9798e+15 9.9598e+15 5.6589e-02 4979800000000000.0000
1138 5.4316e+15 1.0863e+16 5.8965e-02 5431600000000000.0000
1139 5.9247e+15 1.1850e+16 6.1447e-02 5924700000000000.0000
1140 6.4631e+15 1.2926e+16 6.4040e-02 6463100000000000.0000
1141 7.0509e+15 1.4102e+16 6.6750e-02 7050900000000000.0000
1142 7.6929e+15 1.5386e+16 6.9581e-02 7692900000000000.0000
1143 8.3938e+15 1.6788e+16 7.2541e-02 8393800000000000.0000
1144 9.1594e+15 1.8319e+16 7.5637e-02 9159400000000000.0000
1145 9.9956e+15 1.9991e+16 7.8876e-02 9995600000000000.0000
1146 1.0909e+16 2.1818e+16 8.2264e-02 10909000000000000.0000
1147 1.1907e+16 2.3813e+16 8.5808e-02 11907000000000000.0000
1148 1.2997e+16 2.5993e+16 8.9514e-02 12997000000000000.0000
1149 1.4187e+16 2.8375e+16 9.3391e-02 14187000000000000.0000
1150 1.5488e+16 3.0977e+16 9.7444e-02 15488000000000000.0000
1151 1.6910e+16 3.3820e+16 1.0168e-01 16910000000000000.0000
1152 1.8464e+16 3.6928e+16 1.0611e-01 18464000000000000.0000
1153 2.0161e+16 4.0323e+16 1.1075e-01 20161000000000000.0000
1154 2.2017e+16 4.4035e+16 1.1560e-01 22017000000000000.0000
1155 2.4045e+16 4.8091e+16 1.2069e-01 24045000000000000.0000
1156 2.6262e+16 5.2525e+16 1.2600e-01 26262000000000000.0000
1157 2.8686e+16 5.7373e+16 1.3157e-01 28686000000000000.0000
1158 3.1336e+16 6.2673e+16 1.3740e-01 31336000000000000.0000
1159 3.4233e+16 6.8467e+16 1.4350e-01 34233000000000000.0000
1160 3.7401e+16 7.4803e+16 1.4989e-01 37401000000000000.0000
1161 4.0865e+16 8.1731e+16 1.5656e-01 40865000000000000.0000
1162 4.4654e+16 8.9308e+16 1.6355e-01 44654000000000000.0000
1163 4.8797e+16 9.7595e+16 1.7087e-01 48797000000000000.0000
1164 5.3329e+16 1.0666e+17 1.7853e-01 53329000000000000.0000
1165 5.8286e+16 1.1657e+17 1.8656e-01 58286000000000000.0000
1166 6.3709e+16 1.2742e+17 1.9497e-01 63709000000000000.0000
1167 6.9642e+16 1.3929e+17 2.0379e-01 69642000000000000.0000
1168 7.6133e+16 1.5227e+17 2.1302e-01 76133000000000000.0000
1169 8.3235e+16 1.6647e+17 2.2268e-01 83235000000000000.0000
1170 9.1007e+16 1.8202e+17 2.3280e-01 91007000000000000.0000
1171 9.9512e+16 1.9903e+17 2.4340e-01 99512000000000000.0000
1172 1.0882e+17 2.1764e+17 2.5449e-01 108820000000000000.0000
1173 1.1901e+17 2.3802e+17 2.6611e-01 119010000000000000.0000
1174 1.3016e+17 2.6032e+17 2.7830e-01 130160000000000000.0000
1175 1.4237e+17 2.8474e+17 2.9107e-01 142370000000000000.0000
1176 1.5573e+17 3.1147e+17 3.0445e-01 155730000000000000.0000
1177 1.7037e+17 3.4073e+17 3.1848e-01 170370000000000000.0000
1178 1.8639e+17 3.7278e+17 3.3319e-01 186390000000000000.0000
1179 2.0393e+17 4.0786e+17 3.4860e-01 203930000000000000.0000
1180 2.2314e+17 4.4629e+17 3.6475e-01 223140000000000000.0000
1181 2.4418e+17 4.8837e+17 3.8165e-01 244180000000000000.0000
1182 2.6723e+17 5.3446e+17 3.9937e-01 267230000000000000.0000
1183 2.9247e+17 5.8494e+17 4.1795e-01 292470000000000000.0000
1184 3.2012e+17 6.4024e+17 4.3742e-01 320120000000000000.0000
1185 3.5041e+17 7.0083e+17 4.5785e-01 350410000000000000.0000
1186 3.8360e+17 7.6720e+17 4.7928e-01 383600000000000000.0000
1187 4.1996e+17 8.3993e+17 5.0175e-01 419960000000000000.0000
1188 4.5980e+17 9.1962e+17 5.2532e-01 459800000000000000.0000
1189 5.0346e+17 1.0069e+18 5.5002e-01 503460000000000000.0000
1190 5.5132e+17 1.1026e+18 5.7592e-01 551320000000000000.0000
1191 6.0376e+17 1.2075e+18 6.0305e-01 603760000000000000.0000
1192 6.6124e+17 1.3225e+18 6.3150e-01 661240000000000000.0000
1193 7.2426e+17 1.4485e+18 6.6134e-01 724260000000000000.0000
1194 7.9333e+17 1.5867e+18 6.9265e-01 793330000000000000.0000
1195 8.6906e+17 1.7382e+18 7.2550e-01 869060000000000000.0000
1196 9.5210e+17 1.9042e+18 7.5997e-01 952100000000000000.0000
1197 1.0431e+18 2.0863e+18 7.9615e-01 1043100000000000000.0000
1198 1.1430e+18 2.2860e+18 8.3410e-01 1143000000000000000.0000
1199 1.2525e+18 2.5050e+18 8.7391e-01 1252500000000000000.0000
1200 1.3726e+18 2.7452e+18 9.1565e-01 1372600000000000000.0000
1201 1.5043e+18 3.0086e+18 9.5942e-01 1504300000000000000.0000
1202 1.6488e+18 3.2976e+18 1.0053e+00 1648800000000000000.0000
1203 1.8073e+18 3.6145e+18 1.0535e+00 1807300000000000000.0000
1204 1.9811e+18 3.9623e+18 1.1040e+00 1981100000000000000.0000
1205 2.1719e+18 4.3439e+18 1.1571e+00 2171900000000000000.0000
1206 2.3812e+18 4.7625e+18 1.2129e+00 2381200000000000000.0000
1207 2.6109e+18 5.2219e+18 1.2714e+00 2610900000000000000.0000
1208 2.8630e+18 5.7261e+18 1.3328e+00 2863000000000000000.0000
1209 3.1397e+18 6.2794e+18 1.3972e+00 3139700000000000000.0000
1210 3.4433e+18 6.8867e+18 1.4648e+00 3443300000000000000.0000
1211 3.7766e+18 7.5534e+18 1.5357e+00 3776600000000000000.0000
1212 4.1425e+18 8.2852e+18 1.6101e+00 4142500000000000000.0000
1213 4.5442e+18 9.0885e+18 1.6882e+00 4544200000000000000.0000
1214 4.9852e+18 9.9706e+18 1.7702e+00 4985200000000000000.0000
1215 5.4695e+18 1.0939e+19 1.8563e+00 5469500000000000000.0000
1216 6.0012e+18 1.2003e+19 1.9468e+00 6001200000000000000.0000
1217 6.5851e+18 1.3170e+19 2.0418e+00 6585100000000000000.0000
1218 7.2264e+18 1.4453e+19 2.1416e+00 7226400000000000000.0000
1219 7.9307e+18 1.5862e+19 2.2463e+00 7930700000000000000.0000
1220 8.7044e+18 1.7409e+19 2.3563e+00 8704400000000000000.0000
1221 9.5543e+18 1.9109e+19 2.4716e+00 9554300000000000000.0000
1222 1.0488e+19 2.0976e+19 2.5927e+00 10488000000000000000.0000
1223 1.1514e+19 2.3028e+19 2.7198e+00 11514000000000000000.0000
1224 1.2641e+19 2.5282e+19 2.8534e+00 12641000000000000000.0000
1225 1.3879e+19 2.7759e+19 2.9937e+00 13879000000000000000.0000
1226 1.5240e+19 3.0480e+19 3.1412e+00 15240000000000000000.0000
1227 1.6736e+19 3.3472e+19 3.2962e+00 16736000000000000000.0000
1228 1.8379e+19 3.6759e+19 3.4589e+00 18379000000000000000.0000
1229 2.0186e+19 4.0373e+19 3.6298e+00 20186000000000000000.0000
1230 2.2172e+19 4.4345e+19 3.8093e+00 22172000000000000000.0000
1231 2.4356e+19 4.8712e+19 3.9976e+00 24356000000000000000.0000
1232 2.6756e+19 5.3513e+19 4.1954e+00 26756000000000000000.0000
1233 2.9395e+19 5.8792e+19 4.4032e+00 29395000000000000000.0000
1234 3.2297e+19 6.4596e+19 4.6215e+00 32297000000000000000.0000
1235 3.5489e+19 7.0978e+19 4.8511e+00 35489000000000000000.0000
1236 3.8998e+19 7.7998e+19 5.0924e+00 38998000000000000000.0000
1237 4.2858e+19 8.5718e+19 5.3460e+00 42858000000000000000.0000
1238 4.7104e+19 9.4209e+19 5.6126e+00 47104000000000000000.0000
1239 5.1774e+19 1.0355e+20 5.8926e+00 51774000000000000000.0000
1240 5.6911e+19 1.1382e+20 6.1867e+00 56911000000000000000.0000
1241 6.2563e+19 1.2513e+20 6.4955e+00 62563000000000000000.0000
1242 6.8782e+19 1.3757e+20 6.8199e+00 68782000000000000000.0000
1243 7.5624e+19 1.5125e+20 7.1608e+00 75624000000000000000.0000
1244 8.3154e+19 1.6631e+20 7.5193e+00 83154000000000000000.0000
1245 9.1440e+19 1.8288e+20 7.8962e+00 91440000000000000000.0000
1246 1.0056e+20 2.0112e+20 8.2925e+00 100560000000000000000.0000
1247 1.1060e+20 2.2120e+20 8.7092e+00 110600000000000000000.0000
1248 1.2164e+20 2.4329e+20 9.1472e+00 121640000000000000000.0000
1249 1.3381e+20 2.6762e+20 9.6075e+00 133810000000000000000.0000
1250 1.4720e+20 2.9440e+20 1.0091e+01 147200000000000000000.0000
1251 1.6194e+20 3.2388e+20 1.0599e+01 161940000000000000000.0000
1252 1.7817e+20 3.5635e+20 1.1132e+01 178170000000000000000.0000
1253 1.9604e+20 3.9209e+20 1.1694e+01 196040000000000000000.0000
1254 2.1573e+20 4.3146e+20 1.2284e+01 215730000000000000000.0000
1255 2.3741e+20 4.7482e+20 1.2905e+01 237410000000000000000.0000
1256 2.6128e+20 5.2257e+20 1.3558e+01 261280000000000000000.0000
1257 2.8758e+20 5.7517e+20 1.4245e+01 287580000000000000000.0000
1258 3.1655e+20 6.3311e+20 1.4968e+01 316550000000000000000.0000
1259 3.4847e+20 6.9694e+20 1.5728e+01 348470000000000000000.0000
1260 3.8363e+20 7.6727e+20 1.6527e+01 383630000000000000000.0000
1261 4.2237e+20 8.4476e+20 1.7366e+01 422370000000000000000.0000
1262 4.6506e+20 9.3014e+20 1.8249e+01 465060000000000000000.0000
1263 5.1211e+20 1.0242e+21 1.9178e+01 512110000000000000000.0000
1264 5.6396e+20 1.1279e+21 2.0154e+01 563960000000000000000.0000
1265 6.2110e+20 1.2422e+21 2.1182e+01 621100000000000000000.0000
1266 6.8409e+20 1.3682e+21 2.2263e+01 684089999999999934464.0000
1267 7.5352e+20 1.5071e+21 2.3400e+01 753520000000000000000.0000
1268 8.3006e+20 1.6601e+21 2.4596e+01 830060000000000000000.0000
1269 9.1445e+20 1.8289e+21 2.5853e+01 914449999999999934464.0000
1270 1.0075e+21 2.0150e+21 2.7174e+01 1007500000000000000000.0000
1271 1.1101e+21 2.2202e+21 2.8563e+01 1110100000000000000000.0000
1272 1.2232e+21 2.4465e+21 3.0022e+01 1223200000000000000000.0000
1273 1.3480e+21 2.6960e+21 3.1558e+01 1348000000000000000000.0000
1274 1.4856e+21 2.9712e+21 3.3175e+01 1485600000000000000000.0000
1275 1.6374e+21 3.2748e+21 3.4878e+01 1637400000000000000000.0000
1276 1.8048e+21 3.6096e+21 3.6672e+01 1804800000000000000000.0000
1277 1.9895e+21 3.9790e+21 3.8562e+01 1989500000000000131072.0000
1278 2.1932e+21 4.3866e+21 4.0553e+01 2193200000000000000000.0000
1279 2.4181e+21 4.8362e+21 4.2650e+01 2418099999999999868928.0000
1280 2.6661e+21 5.3323e+21 4.4857e+01 2666099999999999868928.0000
1281 2.9399e+21 5.8798e+21 4.7181e+01 2939900000000000131072.0000
1282 3.2420e+21 6.4840e+21 4.9626e+01 3242000000000000000000.0000
1283 3.5754e+21 7.1508e+21 5.2200e+01 3575399999999999737856.0000
1284 3.9433e+21 7.8868e+21 5.4908e+01 3943299999999999868928.0000
1285 4.3495e+21 8.6992e+21 5.7758e+01 4349500000000000131072.0000
1286 4.7980e+21 9.5960e+21 6.0754e+01 4798000000000000524288.0000
1287 5.2930e+21 1.0586e+22 6.3904e+01 5292999999999999737856.0000
1288 5.8396e+21 1.1679e+22 6.7214e+01 5839600000000000524288.0000
1289 6.4430e+21 1.2886e+22 7.0690e+01 6443000000000000262144.0000
1290 7.1094e+21 1.4219e+22 7.4338e+01 7109400000000000262144.0000
1291 7.8454e+21 1.5691e+22 7.8167e+01 7845400000000000262144.0000
1292 8.6581e+21 1.7316e+22 8.2194e+01 8658099999999999868928.0000
1293 9.5558e+21 1.9112e+22 8.6435e+01 9555800000000000262144.0000
1294 1.0547e+22 2.1095e+22 9.0910e+01 10546999999999999213568.0000
1295 1.1643e+22 2.3286e+22 9.5637e+01 11642999999999999213568.0000
1296 1.2853e+22 2.5706e+22 1.0063e+02 12853000000000000786432.0000
1297 1.4190e+22 2.8380e+22 1.0592e+02 14190000000000000524288.0000
1298 1.5667e+22 3.1334e+22 1.1151e+02 15666999999999999213568.0000
1299 1.7299e+22 3.4599e+22 1.1742e+02 17298999999999999213568.0000
1300 1.9103e+22 3.8207e+22 1.2368e+02 19102999999999998164992.0000
1301 2.1097e+22 4.2194e+22 1.3030e+02 21096999999999999737856.0000
1302 2.3300e+22 4.6600e+22 1.3728e+02 23299999999999998951424.0000
1303 2.5735e+22 5.1471e+22 1.4463e+02 25735000000000000262144.0000
1304 2.8427e+22 5.6856e+22 1.5235e+02 28426999999999999213568.0000
1305 3.1404e+22 6.2808e+22 1.6045e+02 31404000000000001048576.0000
1306 3.4694e+22 6.9389e+22 1.6892e+02 34693999999999998427136.0000
1307 3.8332e+22 7.6665e+22 1.7776e+02 38332000000000001048576.0000
1308 4.2355e+22 8.4711e+22 1.8699e+02 42355000000000001310720.0000
1309 4.6803e+22 9.3608e+22 1.9661e+02 46803000000000001310720.0000
1310 5.1723e+22 1.0345e+23 2.0662e+02 51723000000000003407872.0000
1311 5.7164e+22 1.1433e+23 2.1703e+02 57163999999999996854272.0000
1312 6.3183e+22 1.2637e+23 2.2794e+02 63183000000000002359296.0000
1313 6.9840e+22 1.3968e+23 2.3947e+02 69839999999999995805696.0000
1314 7.7205e+22 1.5441e+23 2.5172e+02 77204999999999996592128.0000
1315 8.5353e+22 1.7071e+23 2.6480e+02 85352999999999999737856.0000
1316 9.4368e+22 1.8874e+23 2.7882e+02 94367999999999991611392.0000
1317 1.0434e+23 2.0869e+23 2.9390e+02 104340000000000003145728.0000
1318 1.1538e+23 2.3077e+23 3.1015e+02 115379999999999994757120.0000
1319 1.2760e+23 2.5520e+23 3.2767e+02 127600000000000004194304.0000
1320 1.4112e+23 2.8224e+23 3.4658e+02 141120000000000000000000.0000
1321 1.5608e+23 3.1217e+23 3.6694e+02 156079999999999987417088.0000
1322 1.7265e+23 3.4530e+23 3.8859e+02 172650000000000009961472.0000
1323 1.9098e+23 3.8197e+23 4.1133e+02 190980000000000007340032.0000
1324 2.1128e+23 4.2257e+23 4.3496e+02 211280000000000012582912.0000
1325 2.3376e+23 4.6753e+23 4.5927e+02 233759999999999991611392.0000
1326 2.5865e+23 5.1730e+23 4.8405e+02 258650000000000014155776.0000
1327 2.8621e+23 5.7242e+23 5.0911e+02 286209999999999986892800.0000
1328 3.1672e+23 6.3346e+23 5.3422e+02 316720000000000020971520.0000
1329 3.5052e+23 7.0106e+23 5.5918e+02 350519999999999968542720.0000
1330 3.8796e+23 7.7593e+23 5.8380e+02 387960000000000018874368.0000
1331 4.2943e+23 8.5887e+23 6.0807e+02 429429999999999998427136.0000
1332 4.7537e+23 9.5074e+23 6.3292e+02 475369999999999976407040.0000
1333 5.2626e+23 1.0525e+24 6.5945e+02 526260000000000028311552.0000
1334 5.8264e+23 1.1653e+24 6.8881e+02 582639999999999970639872.0000
1335 6.4511e+23 1.2902e+24 7.2211e+02 645110000000000031981568.0000
1336 7.1434e+23 1.4287e+24 7.6050e+02 714339999999999948619776.0000
1337 7.9105e+23 1.5821e+24 8.0510e+02 791049999999999968018432.0000
1338 8.7607e+23 1.7522e+24 8.5706e+02 876069999999999985844224.0000
1339 9.7031e+23 1.9406e+24 9.1750e+02 970310000000000044564480.0000
1340 1.0748e+24 2.1495e+24 9.8757e+02 1074799999999999937085440.0000
1341 1.1905e+24 2.3811e+24 1.0676e+03 1190499999999999948619776.0000
1342 1.3189e+24 2.6378e+24 1.1548e+03 1318899999999999877316608.0000
1343 1.4612e+24 2.9225e+24 1.2456e+03 1461200000000000046137344.0000
1344 1.6190e+24 3.2380e+24 1.3364e+03 1619000000000000035651584.0000
1345 1.7940e+24 3.5880e+24 1.4235e+03 1794000000000000046137344.0000
1346 1.9880e+24 3.9760e+24 1.5034e+03 1987999999999999958056960.0000
1347 2.2032e+24 4.4064e+24 1.5724e+03 2203199999999999983222784.0000
1348 2.4418e+24 4.8837e+24 1.6269e+03 2441800000000000065011712.0000
1349 2.7065e+24 5.4131e+24 1.6632e+03 2706499999999999889899520.0000
1350 3.0002e+24 6.0004e+24 1.6778e+03 3000199999999999846907904.0000
