# All N_ell in µK^2 
# ell   |   N_ell_TT   |   N_ell_EE
2.000000000000000000e+00 1.820814501799999940e-06 1.330900000000000082e-05
3.000000000000000000e+00 1.820964544200000084e-06 1.593900000000000105e-05
4.000000000000000000e+00 1.821164620100000088e-06 1.166199999999999947e-05
5.000000000000000000e+00 1.821414745800000023e-06 1.246600000000000059e-05
6.000000000000000000e+00 1.821714941899999984e-06 1.044299999999999980e-05
7.000000000000000000e+00 1.822065233399999956e-06 9.898299999999999742e-06
8.000000000000000000e+00 1.822465648900000064e-06 9.140899999999999167e-06
9.000000000000000000e+00 1.822916221600000047e-06 8.497100000000000350e-06
1.000000000000000000e+01 1.823416988499999934e-06 8.430299999999999567e-06
1.100000000000000000e+01 1.823967991000000065e-06 7.706800000000000480e-06
1.200000000000000000e+01 1.824569274600000022e-06 7.349800000000000341e-06
1.300000000000000000e+01 1.825220888800000040e-06 6.851299999999999947e-06
1.400000000000000000e+01 1.825922887399999952e-06 6.671899999999999597e-06
1.500000000000000000e+01 1.826675328399999969e-06 6.396499999999999659e-06
1.600000000000000000e+01 1.827478273899999967e-06 6.330799999999999594e-06
1.700000000000000000e+01 1.828331790199999986e-06 5.868600000000000021e-06
1.800000000000000000e+01 1.829235947900000090e-06 5.627899999999999937e-06
1.900000000000000000e+01 1.830190821599999937e-06 5.096500000000000247e-06
2.000000000000000000e+01 1.831196490399999992e-06 5.078099999999999712e-06
2.100000000000000000e+01 1.832253037300000029e-06 4.843400000000000079e-06
2.200000000000000000e+01 1.833360549799999993e-06 4.696200000000000031e-06
2.300000000000000000e+01 1.834519119599999996e-06 4.384699999999999710e-06
2.400000000000000000e+01 1.835728842600000099e-06 4.404899999999999957e-06
2.500000000000000000e+01 1.836989818900000103e-06 4.157299999999999990e-06
2.600000000000000000e+01 1.838302153200000061e-06 4.060000000000000092e-06
2.700000000000000000e+01 1.839665954200000039e-06 3.972099999999999629e-06
2.800000000000000000e+01 1.841081334999999991e-06 3.876100000000000040e-06
2.900000000000000000e+01 1.842548413099999974e-06 3.685096826299999811e-06
3.000000000000000000e+01 1.844067310399999932e-06 3.688134620799999863e-06
3.100000000000000000e+01 1.845638152999999972e-06 3.691276305900000081e-06
3.200000000000000000e+01 1.847261071400000092e-06 3.694522142900000047e-06
3.300000000000000000e+01 1.848936200799999978e-06 3.697872401599999956e-06
3.400000000000000000e+01 1.850663680399999965e-06 3.701327360899999793e-06
3.500000000000000000e+01 1.852443654199999940e-06 3.704887308399999881e-06
3.600000000000000000e+01 1.854276270500000029e-06 3.708552540900000195e-06
3.700000000000000000e+01 1.856161682000000032e-06 3.712323364000000065e-06
3.800000000000000000e+01 1.858100046100000078e-06 3.716200092200000156e-06
3.900000000000000000e+01 1.860091524599999969e-06 3.720183049199999937e-06
4.000000000000000000e+01 1.862136283899999969e-06 3.724272567799999938e-06
4.100000000000000000e+01 1.864234494999999959e-06 3.728468989900000054e-06
4.200000000000000000e+01 1.866386333299999917e-06 3.732772666700000120e-06
4.300000000000000000e+01 1.868591979199999948e-06 3.737183958399999896e-06
4.400000000000000000e+01 1.870851617399999970e-06 3.741703234799999940e-06
4.500000000000000000e+01 1.873165437400000088e-06 3.746330874800000176e-06
4.600000000000000000e+01 1.875533633400000096e-06 3.751067266900000055e-06
4.700000000000000000e+01 1.877956404399999975e-06 3.755912808799999949e-06
4.800000000000000000e+01 1.880433953999999954e-06 3.760867907999999909e-06
4.900000000000000000e+01 1.882966490700000103e-06 3.765932981299999920e-06
5.000000000000000000e+01 1.885554227699999966e-06 3.771108455399999932e-06
5.100000000000000000e+01 1.888197383200000059e-06 3.776394766299999833e-06
5.200000000000000000e+01 1.890896180099999953e-06 3.781792360199999906e-06
5.300000000000000000e+01 1.893650846400000051e-06 3.787301692800000102e-06
5.400000000000000000e+01 1.896461614900000096e-06 3.792923229800000191e-06
5.500000000000000000e+01 1.899328723300000092e-06 3.798657446600000185e-06
5.600000000000000000e+01 1.902252414499999895e-06 3.804504828999999790e-06
5.700000000000000000e+01 1.905232936300000042e-06 3.810465872699999947e-06
5.800000000000000000e+01 1.908270541599999789e-06 3.816541083300000289e-06
5.900000000000000000e+01 1.911365488499999935e-06 3.822730976999999871e-06
6.000000000000000000e+01 1.914518039999999845e-06 3.829036079999999691e-06
6.100000000000000000e+01 1.917728464499999943e-06 3.835456929099999749e-06
6.200000000000000000e+01 1.920997035700000151e-06 3.841994071299999593e-06
6.300000000000000000e+01 1.924324032200000020e-06 3.848648064300000178e-06
6.400000000000000000e+01 1.927709738199999881e-06 3.855419476299999900e-06
6.500000000000000000e+01 1.931154443100000129e-06 3.862308886200000257e-06
6.600000000000000000e+01 1.934658441899999820e-06 3.869316883699999777e-06
6.700000000000000000e+01 1.938222034600000044e-06 3.876444069299999951e-06
6.800000000000000000e+01 1.941845527200000004e-06 3.883691054300000146e-06
6.900000000000000000e+01 1.945529230700000089e-06 3.891058461300000315e-06
7.000000000000000000e+01 1.949273461899999921e-06 3.898546923799999842e-06
7.100000000000000000e+01 1.953078543300000195e-06 3.906157086600000391e-06
7.200000000000000000e+01 1.956944802800000121e-06 3.913889605600000241e-06
7.300000000000000000e+01 1.960872574200000124e-06 3.921745148300000386e-06
7.400000000000000000e+01 1.964862196799999860e-06 3.929724393599999719e-06
7.500000000000000000e+01 1.968914015999999923e-06 3.937828031999999847e-06
7.600000000000000000e+01 1.973028382800000000e-06 3.946056765500000138e-06
7.700000000000000000e+01 1.977205654100000146e-06 3.954411308200000292e-06
7.800000000000000000e+01 1.981446192900000090e-06 3.962892385800000180e-06
7.900000000000000000e+01 1.985750368000000068e-06 3.971500736099999999e-06
8.000000000000000000e+01 1.990118554500000139e-06 3.980237108900000415e-06
8.100000000000000000e+01 1.994551133200000159e-06 3.989102266500000181e-06
8.200000000000000000e+01 1.999048491499999819e-06 3.998096982999999638e-06
8.300000000000000000e+01 2.003611022700000026e-06 4.007222045499999915e-06
8.400000000000000000e+01 2.008239126500000102e-06 4.016478253100000067e-06
8.500000000000000000e+01 2.012933208999999901e-06 4.025866417899999939e-06
8.600000000000000000e+01 2.017693682399999795e-06 4.035387364699999726e-06
8.700000000000000000e+01 2.022520965599999853e-06 4.045041931199999705e-06
8.800000000000000000e+01 2.027415484000000114e-06 4.054830968000000229e-06
8.900000000000000000e+01 2.032377669500000167e-06 4.064755338899999624e-06
9.000000000000000000e+01 2.037407960599999854e-06 4.074815921099999845e-06
9.100000000000000000e+01 2.042506802499999985e-06 4.085013605099999833e-06
9.200000000000000000e+01 2.047674647399999809e-06 4.095349294799999618e-06
9.300000000000000000e+01 2.052911953999999813e-06 4.105823907899999763e-06
9.400000000000000000e+01 2.058219188000000194e-06 4.116438376000000389e-06
9.500000000000000000e+01 2.063596822199999873e-06 4.127193644399999746e-06
9.600000000000000000e+01 2.069045336300000155e-06 4.138090672499999599e-06
9.700000000000000000e+01 2.074565217099999798e-06 4.149130434300000306e-06
9.800000000000000000e+01 2.080156958800000109e-06 4.160313917500000356e-06
9.900000000000000000e+01 2.085821062500000121e-06 4.171642125000000242e-06
1.000000000000000000e+02 2.091558036899999868e-06 4.183116073799999737e-06
1.010000000000000000e+02 2.097368397999999952e-06 4.194736795999999905e-06
1.020000000000000000e+02 2.103252669299999996e-06 4.206505338699999854e-06
1.030000000000000000e+02 2.109211381900000199e-06 4.218422763800000399e-06
1.040000000000000000e+02 2.115245074500000071e-06 4.230490149000000142e-06
1.050000000000000000e+02 2.121354293400000121e-06 4.242708586900000106e-06
1.060000000000000000e+02 2.127539592999999905e-06 4.255079186099999672e-06
1.070000000000000000e+02 2.133801535299999977e-06 4.267603070699999818e-06
1.080000000000000000e+02 2.140140690499999803e-06 4.280281380899999744e-06
1.090000000000000000e+02 2.146557636599999997e-06 4.293115273100000131e-06
1.100000000000000000e+02 2.153052959899999942e-06 4.306105919799999884e-06
1.110000000000000000e+02 2.159627254999999912e-06 4.319254509999999824e-06
1.120000000000000000e+02 2.166281124699999933e-06 4.332562249399999866e-06
1.130000000000000000e+02 2.173015180299999798e-06 4.346030360599999595e-06
1.140000000000000000e+02 2.179830041500000050e-06 4.359660083099999962e-06
1.150000000000000000e+02 2.186726336800000163e-06 4.373452673600000326e-06
1.160000000000000000e+02 2.193704703199999801e-06 4.387409406299999740e-06
1.170000000000000000e+02 2.200765786500000100e-06 4.401531573000000201e-06
1.180000000000000000e+02 2.207910241500000005e-06 4.415820483099999873e-06
1.190000000000000000e+02 2.215138732099999943e-06 4.430277464199999886e-06
1.200000000000000000e+02 2.222451931000000121e-06 4.444903862100000106e-06
1.210000000000000000e+02 2.229850520399999986e-06 4.459701040899999835e-06
1.220000000000000000e+02 2.237335191699999907e-06 4.474670383299999951e-06
1.230000000000000000e+02 2.244906645499999905e-06 4.489813290999999809e-06
1.240000000000000000e+02 2.252565592299999963e-06 4.505131184599999926e-06
1.250000000000000000e+02 2.260312751999999867e-06 4.520625503999999733e-06
1.260000000000000000e+02 2.268148854299999922e-06 4.536297708599999844e-06
1.270000000000000000e+02 2.276074638799999975e-06 4.552149277599999950e-06
1.280000000000000000e+02 2.284090854999999833e-06 4.568181709999999666e-06
1.290000000000000000e+02 2.292198262600000123e-06 4.584396525100000382e-06
1.300000000000000000e+02 2.300397631300000026e-06 4.600795262699999915e-06
1.310000000000000000e+02 2.308689741500000130e-06 4.617379483000000260e-06
1.320000000000000000e+02 2.317075383699999860e-06 4.634150767399999720e-06
1.330000000000000000e+02 2.325555359199999911e-06 4.651110718399999821e-06
1.340000000000000000e+02 2.334130479899999976e-06 4.668260959799999953e-06
1.350000000000000000e+02 2.342801568600000035e-06 4.685603137100000207e-06
1.360000000000000000e+02 2.351569458900000060e-06 4.703138917800000121e-06
1.370000000000000000e+02 2.360434995800000048e-06 4.720869991699999959e-06
1.380000000000000000e+02 2.369399035400000001e-06 4.738798070800000003e-06
1.390000000000000000e+02 2.378462444999999794e-06 4.756924889999999589e-06
1.400000000000000000e+02 2.387626103700000043e-06 4.775252207300000223e-06
1.410000000000000000e+02 2.396890902000000113e-06 4.793781803900000364e-06
1.420000000000000000e+02 2.406257742299999975e-06 4.812515484500000088e-06
1.430000000000000000e+02 2.415727539000000066e-06 4.831455077900000269e-06
1.440000000000000000e+02 2.425301218500000018e-06 4.850602436900000174e-06
1.450000000000000000e+02 2.434979719400000083e-06 4.869959438800000166e-06
1.460000000000000000e+02 2.444763992900000152e-06 4.889527985800000304e-06
1.470000000000000000e+02 2.454655002500000174e-06 4.909310004899999638e-06
1.480000000000000000e+02 2.464653724400000026e-06 4.929307448899999915e-06
1.490000000000000000e+02 2.474761147899999815e-06 4.949522295900000339e-06
1.500000000000000000e+02 2.484978275099999860e-06 4.969956550299999583e-06
1.510000000000000000e+02 2.495306121400000013e-06 4.990612242800000025e-06
1.520000000000000000e+02 2.505745715399999790e-06 5.011491430799999580e-06
1.530000000000000000e+02 2.516298099299999945e-06 5.032596198699999752e-06
1.540000000000000000e+02 2.526964329199999935e-06 5.053928658300000007e-06
1.550000000000000000e+02 2.537745474599999881e-06 5.075490949199999762e-06
1.560000000000000000e+02 2.548642619400000041e-06 5.097285238899999945e-06
1.570000000000000000e+02 2.559656861699999814e-06 5.119313723399999628e-06
1.580000000000000000e+02 2.570789313900000144e-06 5.141578627699999577e-06
1.590000000000000000e+02 2.582041102899999855e-06 5.164082205699999847e-06
1.600000000000000000e+02 2.593413370500000189e-06 5.186826741000000379e-06
1.610000000000000000e+02 2.604907273500000006e-06 5.209814547099999876e-06
1.620000000000000000e+02 2.616523983799999883e-06 5.233047967599999767e-06
1.630000000000000000e+02 2.628264688600000146e-06 5.256529377200000291e-06
1.640000000000000000e+02 2.640130590700000032e-06 5.280261181499999927e-06
1.650000000000000000e+02 2.652122908699999960e-06 5.304245817399999921e-06
1.660000000000000000e+02 2.664242877100000121e-06 5.328485754100000379e-06
1.670000000000000000e+02 2.676491746500000201e-06 5.352983492899999693e-06
1.680000000000000000e+02 2.688870784000000107e-06 5.377741568000000214e-06
1.690000000000000000e+02 2.701381273199999963e-06 5.402762546499999788e-06
1.700000000000000000e+02 2.714024514699999849e-06 5.428049029500000407e-06
1.710000000000000000e+02 2.726801825900000076e-06 5.453603651800000152e-06
1.720000000000000000e+02 2.739714541599999939e-06 5.479429083199999878e-06
1.730000000000000000e+02 2.752764013899999968e-06 5.505528027899999800e-06
1.740000000000000000e+02 2.765951612999999990e-06 5.531903225900000117e-06
1.750000000000000000e+02 2.779278726500000082e-06 5.558557453100000026e-06
1.760000000000000000e+02 2.792746760799999924e-06 5.585493521599999848e-06
1.770000000000000000e+02 2.806357140200000036e-06 5.612714280499999934e-06
1.780000000000000000e+02 2.820111308100000126e-06 5.640222616200000252e-06
1.790000000000000000e+02 2.834010726600000067e-06 5.668021453100000271e-06
1.800000000000000000e+02 2.848056876900000191e-06 5.696113753800000382e-06
1.810000000000000000e+02 2.862251259900000047e-06 5.724502519899999956e-06
1.820000000000000000e+02 2.876595396099999801e-06 5.753190792199999603e-06
1.830000000000000000e+02 2.891090825899999834e-06 5.782181651799999668e-06
1.840000000000000000e+02 2.905739110000000184e-06 5.811478220000000369e-06
1.850000000000000000e+02 2.920541829599999854e-06 5.841083659199999707e-06
1.860000000000000000e+02 2.935500586599999920e-06 5.871001173299999703e-06
1.870000000000000000e+02 2.950617004300000036e-06 5.901234008500000210e-06
1.880000000000000000e+02 2.965892726899999962e-06 5.931785453700000061e-06
1.890000000000000000e+02 2.981329420499999885e-06 5.962658840999999770e-06
1.900000000000000000e+02 2.996928773300000149e-06 5.993857546499999589e-06
1.910000000000000000e+02 3.012692495399999832e-06 6.025384990799999665e-06
1.920000000000000000e+02 3.028622319700000169e-06 6.057244639299999629e-06
1.930000000000000000e+02 3.044720001800000033e-06 6.089440003699999929e-06
1.940000000000000000e+02 3.060987320700000053e-06 6.121974641499999969e-06
1.950000000000000000e+02 3.077426078699999790e-06 6.154852157500000289e-06
1.960000000000000000e+02 3.094038101999999875e-06 6.188076203999999750e-06
1.970000000000000000e+02 3.110825240900000043e-06 6.221650481800000087e-06
1.980000000000000000e+02 3.127789370199999854e-06 6.255578740399999707e-06
1.990000000000000000e+02 3.144932389499999971e-06 6.289864778999999941e-06
2.000000000000000000e+02 3.162256223700000209e-06 6.324512447400000418e-06
2.010000000000000000e+02 3.179762822999999956e-06 6.359525645999999913e-06
2.020000000000000000e+02 3.197454163700000040e-06 6.394908327400000079e-06
2.030000000000000000e+02 3.215332248099999897e-06 6.430664496199999795e-06
2.040000000000000000e+02 3.233399105299999871e-06 6.466798210599999741e-06
2.050000000000000000e+02 3.251656791299999794e-06 6.503313582599999588e-06
2.060000000000000000e+02 3.270107389400000142e-06 6.540214778800000284e-06
2.070000000000000000e+02 3.288753010700000069e-06 6.577506021300000276e-06
2.080000000000000000e+02 3.307595794300000105e-06 6.615191588600000210e-06
2.090000000000000000e+02 3.326637908100000204e-06 6.653275816200000407e-06
2.100000000000000000e+02 3.345881548600000021e-06 6.691763097200000043e-06
2.110000000000000000e+02 3.365328941799999798e-06 6.730657883700000306e-06
2.120000000000000000e+02 3.384982343499999945e-06 6.769964686999999890e-06
2.130000000000000000e+02 3.404844039499999923e-06 6.809688078899999984e-06
2.140000000000000000e+02 3.424916346299999825e-06 6.849832692499999788e-06
2.150000000000000000e+02 3.445201611300000098e-06 6.890403222700000058e-06
2.160000000000000000e+02 3.465702213699999884e-06 6.931404427399999769e-06
2.170000000000000000e+02 3.486420564299999841e-06 6.972841128599999683e-06
2.180000000000000000e+02 3.507359106300000191e-06 7.014718212600000383e-06
2.190000000000000000e+02 3.528520315899999901e-06 7.057040631899999665e-06
2.200000000000000000e+02 3.549906702600000079e-06 7.099813405100000296e-06
2.210000000000000000e+02 3.571520809399999892e-06 7.143041618799999785e-06
2.220000000000000000e+02 3.593365213999999998e-06 7.186730427900000134e-06
2.230000000000000000e+02 3.615442528400000131e-06 7.230885056900000126e-06
2.240000000000000000e+02 3.637755400400000007e-06 7.275510800800000015e-06
2.250000000000000000e+02 3.660306513100000010e-06 7.320613026200000019e-06
2.260000000000000000e+02 3.683098586099999967e-06 7.366197172199999933e-06
2.270000000000000000e+02 3.706134375800000009e-06 7.412268751500000156e-06
2.280000000000000000e+02 3.729416675899999884e-06 7.458833351799999769e-06
2.290000000000000000e+02 3.752948318100000113e-06 7.505896636100000363e-06
2.300000000000000000e+02 3.776732172399999883e-06 7.553464344699999903e-06
2.310000000000000000e+02 3.800771147799999899e-06 7.601542295599999798e-06
2.320000000000000000e+02 3.825068193100000017e-06 7.650136386099999324e-06
2.330000000000000000e+02 3.849626296899999663e-06 7.699252593799999327e-06
2.340000000000000000e+02 3.874448488700000140e-06 7.748896977499999296e-06
2.350000000000000000e+02 3.899537839500000411e-06 7.799075679000000823e-06
2.360000000000000000e+02 3.924897461800000068e-06 7.849794923700000845e-06
2.370000000000000000e+02 3.950530511099999809e-06 7.901061022199999619e-06
2.380000000000000000e+02 3.976440185700000025e-06 7.952880371400000050e-06
2.390000000000000000e+02 4.002629727999999856e-06 8.005259455900000696e-06
2.400000000000000000e+02 4.029102424499999736e-06 8.058204848999999471e-06
2.410000000000000000e+02 4.055861607200000317e-06 8.111723214400000633e-06
2.420000000000000000e+02 4.082910653599999927e-06 8.165821307300000564e-06
2.430000000000000000e+02 4.110252987799999840e-06 8.220505975500000663e-06
2.440000000000000000e+02 4.137892080799999621e-06 8.275784161500000227e-06
2.450000000000000000e+02 4.165831451599999861e-06 8.331662903300000433e-06
2.460000000000000000e+02 4.194074667900000362e-06 8.388149335700000015e-06
2.470000000000000000e+02 4.222625346200000002e-06 8.445250692500000714e-06
2.480000000000000000e+02 4.251487153500000330e-06 8.502974307099999676e-06
2.490000000000000000e+02 4.280663807199999775e-06 8.561327614500000260e-06
2.500000000000000000e+02 4.310159076400000331e-06 8.620318152800000662e-06
2.510000000000000000e+02 4.339976782200000369e-06 8.679953564400000738e-06
2.520000000000000000e+02 4.370120798999999629e-06 8.740241597999999257e-06
2.530000000000000000e+02 4.400595054900000362e-06 8.801190109899999740e-06
2.540000000000000000e+02 4.431403532799999898e-06 8.862807065599999796e-06
2.550000000000000000e+02 4.462550270800000252e-06 8.925100541699999520e-06
2.560000000000000000e+02 4.494039363600000280e-06 8.988078727200000560e-06
2.570000000000000000e+02 4.525874962800000345e-06 9.051749925600000691e-06
2.580000000000000000e+02 4.558061278099999827e-06 9.116122556199999653e-06
2.590000000000000000e+02 4.590602578100000253e-06 9.181205156299999522e-06
2.600000000000000000e+02 4.623503191299999698e-06 9.247006382500000380e-06
2.610000000000000000e+02 4.656767506499999850e-06 9.313535012999999701e-06
2.620000000000000000e+02 4.690399974500000297e-06 9.380799948899999884e-06
2.630000000000000000e+02 4.724405108299999938e-06 9.448810216700000587e-06
2.640000000000000000e+02 4.758787484699999876e-06 9.517574969500000462e-06
2.650000000000000000e+02 4.793551744700000323e-06 9.587103489499999661e-06
2.660000000000000000e+02 4.828702594900000372e-06 9.657405189700000035e-06
2.670000000000000000e+02 4.864244807999999858e-06 9.728489615999999716e-06
2.680000000000000000e+02 4.900183224500000403e-06 9.800366449000000806e-06
2.690000000000000000e+02 4.936522753199999655e-06 9.873045506399999311e-06
2.700000000000000000e+02 4.973268372399999802e-06 9.946536744799999605e-06
2.710000000000000000e+02 5.010425131000000132e-06 1.002085026200000026e-05
2.720000000000000000e+02 5.047998149599999759e-06 1.009599629899999979e-05
2.730000000000000000e+02 5.085992621499999639e-06 1.017198524299999928e-05
2.740000000000000000e+02 5.124413813900000075e-06 1.024882762799999988e-05
2.750000000000000000e+02 5.163267069000000053e-06 1.032653413800000011e-05
2.760000000000000000e+02 5.202557805099999968e-06 1.040511561000000021e-05
2.770000000000000000e+02 5.242291517999999703e-06 1.048458303599999941e-05
2.780000000000000000e+02 5.282473781800000070e-06 1.056494756399999959e-05
2.790000000000000000e+02 5.323110250800000204e-06 1.064622050199999986e-05
2.800000000000000000e+02 5.364206659699999826e-06 1.072841331900000020e-05
2.810000000000000000e+02 5.405768825900000324e-06 1.081153765200000037e-05
2.820000000000000000e+02 5.447802650099999693e-06 1.089560529999999966e-05
2.830000000000000000e+02 5.490314117899999657e-06 1.098062823600000073e-05
2.840000000000000000e+02 5.533309300899999919e-06 1.106661860199999956e-05
2.850000000000000000e+02 5.576794358499999933e-06 1.115358871699999987e-05
2.860000000000000000e+02 5.620775538499999767e-06 1.124155107699999953e-05
2.870000000000000000e+02 5.665259179299999629e-06 1.133051835900000040e-05
2.880000000000000000e+02 5.710251710900000186e-06 1.142050342200000010e-05
2.890000000000000000e+02 5.755759656000000206e-06 1.151151931200000041e-05
2.900000000000000000e+02 5.801789632400000042e-06 1.160357926499999981e-05
2.910000000000000000e+02 5.848348353400000235e-06 1.169669670700000019e-05
2.920000000000000000e+02 5.895442630199999911e-06 1.179088526000000037e-05
2.930000000000000000e+02 5.943079373000000356e-06 1.188615874600000071e-05
2.940000000000000000e+02 5.991265592299999844e-06 1.198253118500000083e-05
2.950000000000000000e+02 6.040008401299999656e-06 1.208001680300000046e-05
2.960000000000000000e+02 6.089315016499999870e-06 1.217863003299999974e-05
2.970000000000000000e+02 6.139192760399999891e-06 1.227838552099999951e-05
2.980000000000000000e+02 6.189649062299999892e-06 1.237929812499999923e-05
2.990000000000000000e+02 6.240691460199999899e-06 1.248138292000000035e-05
3.000000000000000000e+02 6.292327603000000163e-06 1.258465520600000033e-05
3.010000000000000000e+02 6.344565251800000218e-06 1.268913050399999989e-05
3.020000000000000000e+02 6.397412281599999936e-06 1.279482456300000015e-05
3.030000000000000000e+02 6.450876683599999761e-06 1.290175336699999980e-05
3.040000000000000000e+02 6.504966566499999769e-06 1.300993313299999954e-05
3.050000000000000000e+02 6.559690158700000033e-06 1.311938031700000062e-05
3.060000000000000000e+02 6.615055810299999579e-06 1.323011162100000030e-05
3.070000000000000000e+02 6.671071994799999974e-06 1.334214398999999940e-05
3.080000000000000000e+02 6.727747311100000043e-06 1.345549462200000036e-05
3.090000000000000000e+02 6.785090485699999625e-06 1.357018097099999980e-05
3.100000000000000000e+02 6.843110374399999779e-06 1.368622074899999928e-05
3.110000000000000000e+02 6.901815964900000063e-06 1.380363192999999985e-05
3.120000000000000000e+02 6.961216378399999726e-06 1.392243275699999918e-05
3.130000000000000000e+02 7.021320872200000065e-06 1.404264174400000068e-05
3.140000000000000000e+02 7.082138841299999692e-06 1.416427768300000053e-05
3.150000000000000000e+02 7.143679821499999592e-06 1.428735964299999918e-05
3.160000000000000000e+02 7.205953490699999644e-06 1.441190698099999984e-05
3.170000000000000000e+02 7.268969671899999589e-06 1.453793934400000060e-05
3.180000000000000000e+02 7.332738335300000379e-06 1.466547667100000021e-05
3.190000000000000000e+02 7.397269600700000034e-06 1.479453920100000062e-05
3.200000000000000000e+02 7.462573739899999668e-06 1.492514748000000076e-05
3.210000000000000000e+02 7.528661179200000056e-06 1.505732235800000066e-05
3.220000000000000000e+02 7.595542501999999757e-06 1.519108500399999951e-05
3.230000000000000000e+02 7.663228451200000292e-06 1.532645690200000113e-05
3.240000000000000000e+02 7.731729931900000740e-06 1.546345986399999951e-05
3.250000000000000000e+02 7.801058014000000103e-06 1.560211602800000021e-05
3.260000000000000000e+02 7.871223935000000235e-06 1.574244787000000047e-05
3.270000000000000000e+02 7.942239102700000440e-06 1.588447820500000143e-05
3.280000000000000000e+02 8.014115097800000683e-06 1.602823019600000082e-05
3.290000000000000000e+02 8.086863676999999872e-06 1.617372735399999974e-05
3.300000000000000000e+02 8.160496775800000487e-06 1.632099355200000043e-05
3.310000000000000000e+02 8.235026511400000363e-06 1.647005302299999876e-05
3.320000000000000000e+02 8.310465185700000428e-06 1.662093037100000140e-05
3.330000000000000000e+02 8.386825288500000312e-06 1.677365057700000062e-05
3.340000000000000000e+02 8.464119500200000570e-06 1.692823900000000169e-05
3.350000000000000000e+02 8.542360695399999434e-06 1.708472139100000029e-05
3.360000000000000000e+02 8.621561945999999565e-06 1.724312389199999913e-05
3.370000000000000000e+02 8.701736524299999570e-06 1.740347304899999859e-05
3.380000000000000000e+02 8.782897906199999764e-06 1.756579581200000008e-05
3.390000000000000000e+02 8.865059775200000074e-06 1.773011955000000070e-05
3.400000000000000000e+02 8.948236025199999581e-06 1.789647204999999971e-05
3.410000000000000000e+02 9.032440764299999773e-06 1.806488152899999900e-05
3.420000000000000000e+02 9.117688318199999878e-06 1.823537663600000030e-05
3.430000000000000000e+02 9.203993234199999842e-06 1.840798646800000023e-05
3.440000000000000000e+02 9.291370284399999327e-06 1.858274056900000007e-05
3.450000000000000000e+02 9.379834469799999704e-06 1.875966893999999886e-05
3.460000000000000000e+02 9.469401023900000805e-06 1.893880204799999964e-05
3.470000000000000000e+02 9.560085417099999964e-06 1.912017083399999851e-05
3.480000000000000000e+02 9.651903359699999760e-06 1.930380671900000007e-05
3.490000000000000000e+02 9.744870807099999179e-06 1.948974161400000033e-05
3.500000000000000000e+02 9.839003962900000377e-06 1.967800792599999878e-05
3.510000000000000000e+02 9.934319283900000115e-06 1.986863856800000165e-05
3.520000000000000000e+02 1.003083348400000050e-05 2.006166696700000069e-05
3.530000000000000000e+02 1.012856353700000008e-05 2.025712707400000015e-05
3.540000000000000000e+02 1.022752668599999952e-05 2.045505337099999871e-05
3.550000000000000000e+02 1.032774043999999955e-05 2.065548087999999910e-05
3.560000000000000000e+02 1.042922258700000075e-05 2.085844517300000119e-05
3.570000000000000000e+02 1.053199119099999920e-05 2.106398238199999839e-05
3.580000000000000000e+02 1.063606460400000047e-05 2.127212920700000061e-05
3.590000000000000000e+02 1.074146146300000006e-05 2.148292292600000012e-05
3.600000000000000000e+02 1.084820070299999944e-05 2.169640140499999855e-05
3.610000000000000000e+02 1.095630155500000027e-05 2.191260310900000022e-05
3.620000000000000000e+02 1.106578355500000059e-05 2.213156711100000150e-05
3.630000000000000000e+02 1.117666655000000007e-05 2.235333310100000046e-05
3.640000000000000000e+02 1.128897070000000069e-05 2.257794140000000138e-05
3.650000000000000000e+02 1.140271648500000051e-05 2.280543296900000070e-05
3.660000000000000000e+02 1.151792471000000036e-05 2.303584942000000071e-05
3.670000000000000000e+02 1.163461651199999929e-05 2.326923302499999890e-05
3.680000000000000000e+02 1.175281336599999994e-05 2.350562673199999987e-05
3.690000000000000000e+02 1.187253708600000032e-05 2.374507417200000063e-05
3.700000000000000000e+02 1.199380983799999974e-05 2.398761967599999948e-05
3.710000000000000000e+02 1.211665413900000015e-05 2.423330827900000063e-05
3.720000000000000000e+02 1.224109287000000018e-05 2.448218574000000035e-05
3.730000000000000000e+02 1.236714927600000017e-05 2.473429855200000034e-05
3.740000000000000000e+02 1.249484697600000036e-05 2.498969395200000072e-05
3.750000000000000000e+02 1.262420996899999940e-05 2.524841993799999880e-05
3.760000000000000000e+02 1.275526263899999934e-05 2.551052527799999869e-05
3.770000000000000000e+02 1.288802976400000007e-05 2.577605952699999983e-05
3.780000000000000000e+02 1.302253652000000059e-05 2.604507304000000119e-05
3.790000000000000000e+02 1.315880849100000053e-05 2.631761698200000107e-05
3.800000000000000000e+02 1.329687167400000007e-05 2.659374334800000014e-05
3.810000000000000000e+02 1.343675248600000048e-05 2.687350497300000128e-05
3.820000000000000000e+02 1.357847777400000058e-05 2.715695554800000115e-05
3.830000000000000000e+02 1.372207481899999969e-05 2.744414963799999939e-05
3.840000000000000000e+02 1.386757134500000056e-05 2.773514269100000145e-05
3.850000000000000000e+02 1.401499552900000069e-05 2.802999105700000105e-05
3.860000000000000000e+02 1.416437600400000006e-05 2.832875200699999980e-05
3.870000000000000000e+02 1.431574187099999995e-05 2.863148374199999991e-05
3.880000000000000000e+02 1.446912270700000041e-05 2.893824541500000113e-05
3.890000000000000000e+02 1.462454857200000077e-05 2.924909714499999847e-05
3.900000000000000000e+02 1.478205001799999921e-05 2.956410003500000149e-05
3.910000000000000000e+02 1.494165809499999974e-05 2.988331619099999980e-05
3.920000000000000000e+02 1.510340436700000038e-05 3.020680873400000076e-05
3.930000000000000000e+02 1.526732091200000166e-05 3.053464182400000333e-05
3.940000000000000000e+02 1.543344033900000023e-05 3.086688067800000046e-05
3.950000000000000000e+02 1.560179579099999994e-05 3.120359158199999987e-05
3.960000000000000000e+02 1.577242095899999944e-05 3.154484191899999921e-05
3.970000000000000000e+02 1.594535008999999984e-05 3.189070018100000000e-05
3.980000000000000000e+02 1.612061799700000109e-05 3.224123599300000187e-05
3.990000000000000000e+02 1.629826006700000124e-05 3.259652013400000248e-05
4.000000000000000000e+02 1.647831227600000118e-05 3.295662455100000204e-05
4.010000000000000000e+02 1.666081119399999953e-05 3.332162238799999906e-05
4.020000000000000000e+02 1.684579400100000114e-05 3.369158800200000228e-05
4.030000000000000000e+02 1.703329849299999870e-05 3.406659698599999740e-05
4.040000000000000000e+02 1.722336309500000062e-05 3.444672619100000156e-05
4.050000000000000000e+02 1.741602687500000166e-05 3.483205375000000332e-05
4.060000000000000000e+02 1.761132954900000147e-05 3.522265909900000326e-05
4.070000000000000000e+02 1.780931150000000053e-05 3.561862300000000106e-05
4.080000000000000000e+02 1.801001378399999869e-05 3.602002756799999739e-05
4.090000000000000000e+02 1.821347814600000032e-05 3.642695629200000065e-05
4.100000000000000000e+02 1.841974703000000057e-05 3.683949405900000082e-05
4.110000000000000000e+02 1.862886359199999970e-05 3.725772718399999941e-05
4.120000000000000000e+02 1.884087171600000148e-05 3.768174343200000296e-05
4.130000000000000000e+02 1.905581602099999845e-05 3.811163204199999690e-05
4.140000000000000000e+02 1.927374188099999873e-05 3.854748376099999713e-05
4.150000000000000000e+02 1.949469543200000110e-05 3.898939086300000188e-05
4.160000000000000000e+02 1.971872359100000117e-05 3.943744718300000267e-05
4.170000000000000000e+02 1.994587406999999923e-05 3.989174813999999845e-05
4.180000000000000000e+02 2.017619538600000004e-05 4.035239077099999976e-05
4.190000000000000000e+02 2.040973687800000144e-05 4.081947375700000321e-05
4.200000000000000000e+02 2.064654872600000038e-05 4.129309745100000044e-05
4.210000000000000000e+02 2.088668195799999857e-05 4.177336391599999714e-05
4.220000000000000000e+02 2.113018847299999973e-05 4.226037694699999979e-05
4.230000000000000000e+02 2.137712105400000020e-05 4.275424210800000041e-05
4.240000000000000000e+02 2.162753338200000021e-05 4.325506676400000042e-05
4.250000000000000000e+02 2.188148005700000045e-05 4.376296011300000058e-05
4.260000000000000000e+02 2.213901660899999886e-05 4.427803321899999805e-05
4.270000000000000000e+02 2.240019952299999865e-05 4.480039904599999729e-05
4.280000000000000000e+02 2.266508624700000067e-05 4.533017249400000134e-05
4.290000000000000000e+02 2.293373521800000166e-05 4.586747043600000333e-05
4.300000000000000000e+02 2.320620587499999839e-05 4.641241174999999677e-05
4.310000000000000000e+02 2.348255867900000084e-05 4.696511735900000200e-05
4.320000000000000000e+02 2.376285513399999834e-05 4.752571026799999669e-05
4.330000000000000000e+02 2.404715780100000132e-05 4.809431560200000264e-05
4.340000000000000000e+02 2.433553032399999881e-05 4.867106064699999729e-05
4.350000000000000000e+02 2.462803744400000023e-05 4.925607488700000015e-05
4.360000000000000000e+02 2.492474502299999909e-05 4.984949004599999818e-05
4.370000000000000000e+02 2.522572006499999999e-05 5.045144012999999998e-05
4.380000000000000000e+02 2.553103073400000075e-05 5.106206146900000182e-05
4.390000000000000000e+02 2.584074637900000041e-05 5.168149275800000081e-05
4.400000000000000000e+02 2.615493755399999888e-05 5.230987510699999744e-05
4.410000000000000000e+02 2.647367603900000033e-05 5.294735207800000065e-05
4.420000000000000000e+02 2.679703486799999841e-05 5.359406973599999683e-05
4.430000000000000000e+02 2.712508834699999905e-05 5.425017669499999841e-05
4.440000000000000000e+02 2.745791208099999855e-05 5.491582416299999742e-05
4.450000000000000000e+02 2.779558299600000089e-05 5.559116599300000211e-05
4.460000000000000000e+02 2.813817936599999928e-05 5.627635873199999855e-05
4.470000000000000000e+02 2.848578083500000012e-05 5.697156167000000024e-05
4.480000000000000000e+02 2.883846844699999883e-05 5.767693689499999799e-05
4.490000000000000000e+02 2.919632467000000107e-05 5.839264933900000182e-05
4.500000000000000000e+02 2.955943341999999995e-05 5.911886683999999990e-05
4.510000000000000000e+02 2.992788009400000021e-05 5.985576018800000043e-05
4.520000000000000000e+02 3.030175159299999850e-05 6.060350318699999733e-05
4.530000000000000000e+02 3.068113635399999703e-05 6.136227270899999439e-05
4.540000000000000000e+02 3.106612437600000178e-05 6.213224875100000323e-05
4.550000000000000000e+02 3.145680724899999791e-05 6.291361449799999582e-05
4.560000000000000000e+02 3.185327818900000169e-05 6.370655637900000370e-05
4.570000000000000000e+02 3.225563206399999769e-05 6.451126412899999571e-05
4.580000000000000000e+02 3.266396542699999682e-05 6.532793085399999364e-05
4.590000000000000000e+02 3.307837654699999884e-05 6.615675309299999735e-05
4.600000000000000000e+02 3.349896544300000328e-05 6.699793088500000625e-05
4.610000000000000000e+02 3.392583391599999945e-05 6.785166783299999922e-05
4.620000000000000000e+02 3.435908558599999856e-05 6.871817117299999745e-05
4.630000000000000000e+02 3.479882592200000279e-05 6.959765184400000559e-05
4.640000000000000000e+02 3.524516227899999679e-05 7.049032455799999358e-05
4.650000000000000000e+02 3.569820393500000024e-05 7.139640787100000080e-05
4.660000000000000000e+02 3.615806212899999876e-05 7.231612425799999752e-05
4.670000000000000000e+02 3.662485009500000225e-05 7.324970018900000418e-05
4.680000000000000000e+02 3.709868310100000320e-05 7.419736620100000608e-05
4.690000000000000000e+02 3.757967849099999699e-05 7.515935698099999367e-05
4.700000000000000000e+02 3.806795572200000053e-05 7.613591144300000074e-05
4.710000000000000000e+02 3.856363640499999766e-05 7.712727280899999501e-05
4.720000000000000000e+02 3.906684434700000012e-05 7.813368869500000055e-05
4.730000000000000000e+02 3.957770559500000063e-05 7.915541118900000094e-05
4.740000000000000000e+02 4.009634847299999841e-05 8.019269694599999681e-05
4.750000000000000000e+02 4.062290363500000259e-05 8.124580727000000517e-05
4.760000000000000000e+02 4.115750410199999669e-05 8.231500820399999339e-05
4.770000000000000000e+02 4.170028531200000214e-05 8.340057062400000427e-05
4.780000000000000000e+02 4.225138516599999812e-05 8.450277033299999655e-05
4.790000000000000000e+02 4.281094407599999804e-05 8.562188815299999641e-05
4.800000000000000000e+02 4.337910501199999686e-05 8.675821002499999404e-05
4.810000000000000000e+02 4.395601355500000163e-05 8.791202710900000294e-05
4.820000000000000000e+02 4.454181794199999855e-05 8.908363588399999711e-05
4.830000000000000000e+02 4.513666912499999904e-05 9.027333824999999809e-05
4.840000000000000000e+02 4.574072081900000091e-05 9.148144163900000215e-05
4.850000000000000000e+02 4.635412955799999961e-05 9.270825911599999921e-05
4.860000000000000000e+02 4.697705474699999812e-05 9.395410949399999624e-05
4.870000000000000000e+02 4.760965872299999951e-05 9.521931744599999902e-05
4.880000000000000000e+02 4.825210680799999678e-05 9.650421361699999389e-05
4.890000000000000000e+02 4.890456736999999931e-05 9.780913474099999893e-05
4.900000000000000000e+02 4.956721188199999752e-05 9.913442376499999537e-05
4.910000000000000000e+02 5.024021498200000258e-05 1.004804299600000039e-04
4.920000000000000000e+02 5.092375453799999943e-05 1.018475090800000001e-04
4.930000000000000000e+02 5.161801170599999934e-05 1.032360234099999980e-04
4.940000000000000000e+02 5.232317100300000240e-05 1.046463420100000061e-04
4.950000000000000000e+02 5.303942036500000254e-05 1.060788407300000051e-04
4.960000000000000000e+02 5.376695121999999750e-05 1.075339024399999950e-04
4.970000000000000000e+02 5.450595855400000318e-05 1.090119171099999934e-04
4.980000000000000000e+02 5.525664098500000294e-05 1.105132819700000059e-04
4.990000000000000000e+02 5.601920082800000234e-05 1.120384016600000060e-04
5.000000000000000000e+02 5.679384417600000093e-05 1.135876883500000012e-04
5.010000000000000000e+02 5.758078097100000157e-05 1.151615619400000025e-04
5.020000000000000000e+02 5.838022508100000119e-05 1.167604501600000017e-04
5.030000000000000000e+02 5.919239437700000208e-05 1.183847887500000029e-04
5.040000000000000000e+02 6.001751081499999749e-05 1.200350216299999950e-04
5.050000000000000000e+02 6.085580051599999738e-05 1.217116010299999941e-04
5.060000000000000000e+02 6.170749384899999409e-05 1.234149876999999888e-04
5.070000000000000000e+02 6.257282551699999674e-05 1.251456510299999922e-04
5.080000000000000000e+02 6.345203464100000398e-05 1.269040692800000073e-04
5.090000000000000000e+02 6.434536485100000619e-05 1.286907297000000117e-04
5.100000000000000000e+02 6.525306437599999400e-05 1.305061287499999874e-04
5.110000000000000000e+02 6.617538613400000076e-05 1.323507722700000022e-04
5.120000000000000000e+02 6.711258783099999887e-05 1.342251756599999971e-04
5.130000000000000000e+02 6.806493204899999577e-05 1.361298640999999922e-04
5.140000000000000000e+02 6.903268635400000087e-05 1.380653727100000024e-04
5.150000000000000000e+02 7.001612338800000093e-05 1.400322467800000031e-04
5.160000000000000000e+02 7.101552097699999474e-05 1.420310419499999882e-04
5.170000000000000000e+02 7.203116223199999846e-05 1.440623244599999956e-04
5.180000000000000000e+02 7.306333565699999898e-05 1.461266713099999967e-04
5.190000000000000000e+02 7.411233525900000286e-05 1.482246705200000064e-04
5.200000000000000000e+02 7.517846065900000421e-05 1.503569213200000091e-04
5.210000000000000000e+02 7.626201720200000644e-05 1.525240344000000116e-04
5.220000000000000000e+02 7.736331608099999437e-05 1.547266321599999881e-04
5.230000000000000000e+02 7.848267444899999733e-05 1.569653488999999953e-04
5.240000000000000000e+02 7.962041554100000634e-05 1.592408310800000120e-04
5.250000000000000000e+02 8.077686880100000140e-05 1.615537376000000021e-04
5.260000000000000000e+02 8.195237000600000482e-05 1.639047400100000090e-04
5.270000000000000000e+02 8.314726139600000111e-05 1.662945227900000016e-04
5.280000000000000000e+02 8.436189180500000605e-05 1.687237836100000121e-04
5.290000000000000000e+02 8.559661679700000206e-05 1.711932335900000028e-04
5.300000000000000000e+02 8.685179880199999541e-05 1.737035975999999895e-04
5.310000000000000000e+02 8.812780725999999469e-05 1.762556145199999894e-04
5.320000000000000000e+02 8.942501875900000098e-05 1.788500375200000026e-04
5.330000000000000000e+02 9.074381718700000245e-05 1.814876343700000036e-04
5.340000000000000000e+02 9.208459387999999482e-05 1.841691877599999896e-04
5.350000000000000000e+02 9.344774777500000336e-05 1.868954955500000067e-04
5.360000000000000000e+02 9.483368556699999787e-05 1.896673711299999945e-04
5.370000000000000000e+02 9.624282186599999729e-05 1.924856437299999939e-04
5.380000000000000000e+02 9.767557936700000233e-05 1.953511587300000034e-04
5.390000000000000000e+02 9.913238900800000562e-05 1.982647780200000125e-04
5.400000000000000000e+02 1.006136901499999953e-04 2.012273802999999905e-04
5.410000000000000000e+02 1.021199307399999937e-04 2.042398614799999874e-04
5.420000000000000000e+02 1.036515674999999965e-04 2.073031349999999930e-04
5.430000000000000000e+02 1.052090661000000006e-04 2.104181322100000045e-04
5.440000000000000000e+02 1.067929013600000019e-04 2.135858027300000070e-04
5.450000000000000000e+02 1.084035574100000054e-04 2.168071148299999869e-04
5.460000000000000000e+02 1.100415279200000048e-04 2.200830558400000095e-04
5.470000000000000000e+02 1.117073162600000063e-04 2.234146325200000126e-04
5.480000000000000000e+02 1.134014357399999978e-04 2.268028714699999923e-04
5.490000000000000000e+02 1.151244097800000030e-04 2.302488195600000060e-04
5.500000000000000000e+02 1.168767721700000027e-04 2.337535443400000053e-04
5.510000000000000000e+02 1.186590672400000026e-04 2.373181344700000021e-04
5.520000000000000000e+02 1.204718500899999993e-04 2.409437001699999954e-04
5.530000000000000000e+02 1.223156868400000058e-04 2.446313736699999813e-04
5.540000000000000000e+02 1.241911548300000077e-04 2.483823096699999916e-04
5.550000000000000000e+02 1.260988429000000125e-04 2.521976858000000250e-04
5.560000000000000000e+02 1.280393515700000123e-04 2.560787031400000246e-04
5.570000000000000000e+02 1.300132933299999959e-04 2.600265866599999918e-04
5.580000000000000000e+02 1.320212928799999988e-04 2.640425857599999976e-04
5.590000000000000000e+02 1.340639873899999968e-04 2.681279747900000240e-04
5.600000000000000000e+02 1.361420267699999930e-04 2.722840535300000099e-04
5.610000000000000000e+02 1.382560739000000100e-04 2.765121477899999897e-04
5.620000000000000000e+02 1.404068049600000066e-04 2.808136099099999830e-04
5.630000000000000000e+02 1.425949096800000122e-04 2.851898193600000244e-04
5.640000000000000000e+02 1.448210916300000028e-04 2.896421832600000056e-04
5.650000000000000000e+02 1.470860685199999979e-04 2.941721370500000260e-04
5.660000000000000000e+02 1.493905724999999938e-04 2.987811449999999876e-04
5.670000000000000000e+02 1.517353504500000029e-04 3.034707008899999755e-04
5.680000000000000000e+02 1.541211643099999970e-04 3.082423286300000243e-04
5.690000000000000000e+02 1.565487914199999891e-04 3.130975828399999781e-04
5.700000000000000000e+02 1.590190247900000122e-04 3.180380495900000004e-04
5.710000000000000000e+02 1.615326735100000067e-04 3.230653470099999832e-04
5.720000000000000000e+02 1.640905630100000128e-04 3.281811260200000256e-04
5.730000000000000000e+02 1.666935355000000131e-04 3.333870709899999958e-04
5.740000000000000000e+02 1.693424502399999926e-04 3.386849004799999852e-04
5.750000000000000000e+02 1.720381839799999988e-04 3.440763679599999976e-04
5.760000000000000000e+02 1.747816312900000036e-04 3.495632625699999769e-04
5.770000000000000000e+02 1.775737049500000016e-04 3.551474099000000032e-04
5.780000000000000000e+02 1.804153363600000061e-04 3.608306727200000122e-04
5.790000000000000000e+02 1.833074759300000120e-04 3.666149518499999937e-04
5.800000000000000000e+02 1.862510934600000094e-04 3.725021869299999949e-04
5.810000000000000000e+02 1.892471786300000053e-04 3.784943572600000107e-04
5.820000000000000000e+02 1.922967413500000010e-04 3.845934827000000019e-04
5.830000000000000000e+02 1.954008122400000100e-04 3.908016244800000200e-04
5.840000000000000000e+02 1.985604430700000104e-04 3.971208861499999970e-04
5.850000000000000000e+02 2.017767072399999904e-04 4.035534144700000047e-04
5.860000000000000000e+02 2.050507001799999952e-04 4.101014003599999904e-04
5.870000000000000000e+02 2.083835399200000124e-04 4.167670798299999944e-04
5.880000000000000000e+02 2.117763674999999951e-04 4.235527350100000204e-04
5.890000000000000000e+02 2.152303475399999907e-04 4.304606950799999814e-04
5.900000000000000000e+02 2.187466686899999877e-04 4.374933373799999754e-04
5.910000000000000000e+02 2.223265441899999867e-04 4.446530883799999735e-04
5.920000000000000000e+02 2.259712124100000117e-04 4.519424248099999930e-04
5.930000000000000000e+02 2.296819373600000023e-04 4.593638747200000047e-04
5.940000000000000000e+02 2.334600093099999866e-04 4.669200186099999972e-04
5.950000000000000000e+02 2.373067453000000005e-04 4.746134906000000009e-04
5.960000000000000000e+02 2.412234897799999951e-04 4.824469795599999901e-04
5.970000000000000000e+02 2.452116151799999932e-04 4.904232303499999560e-04
5.980000000000000000e+02 2.492725225200000138e-04 4.985450450400000276e-04
5.990000000000000000e+02 2.534076420799999895e-04 5.068152841499999487e-04
6.000000000000000000e+02 2.576184339700000035e-04 5.152368679500000373e-04
6.010000000000000000e+02 2.619063888700000125e-04 5.238127777400000250e-04
