# All N_ell in µK^2
# ell   |   N_ell_TT   |   N_ell_EE
2.000000000000000000e+00 1.820731150196958574e-06 1.330900000000000082e-05
3.000000000000000000e+00 1.820797831150716032e-06 1.593900000000000105e-05
4.000000000000000000e+00 1.820886742887846789e-06 1.166199999999999947e-05
5.000000000000000000e+00 1.820997888664754398e-06 1.246600000000000059e-05
6.000000000000000000e+00 1.821131272552313297e-06 1.044299999999999980e-05
7.000000000000000000e+00 1.821286899436121223e-06 9.898299999999999742e-06
8.000000000000000000e+00 1.821464775016795462e-06 9.140899999999999167e-06
9.000000000000000000e+00 1.821664905810321401e-06 8.497100000000000350e-06
1.000000000000000000e+01 1.821887299148450002e-06 8.430299999999999567e-06
1.100000000000000000e+01 1.822131963179146514e-06 7.706800000000000480e-06
1.200000000000000000e+01 1.822398906867085991e-06 7.349800000000000341e-06
1.300000000000000000e+01 1.822688139994203013e-06 6.851299999999999947e-06
1.400000000000000000e+01 1.822999673160287575e-06 6.671899999999999597e-06
1.500000000000000000e+01 1.823333517783633916e-06 6.396499999999999659e-06
1.600000000000000000e+01 1.823689686101736564e-06 6.330799999999999594e-06
1.700000000000000000e+01 1.824068191172037424e-06 5.868600000000000021e-06
1.800000000000000000e+01 1.824469046872726856e-06 5.627899999999999937e-06
1.900000000000000000e+01 1.824892267903588380e-06 5.096500000000000247e-06
2.000000000000000000e+01 1.825337869786898860e-06 5.078099999999999712e-06
2.100000000000000000e+01 1.825805868868376333e-06 4.843400000000000079e-06
2.200000000000000000e+01 1.826296282318180569e-06 4.696200000000000031e-06
2.300000000000000000e+01 1.826809128131961696e-06 4.384699999999999710e-06
2.400000000000000000e+01 1.827344425131961977e-06 4.404899999999999957e-06
2.500000000000000000e+01 1.827902192968166507e-06 4.157299999999999990e-06
2.600000000000000000e+01 1.828482452119504940e-06 4.060000000000000092e-06
2.700000000000000000e+01 1.829085223895105520e-06 3.972099999999999629e-06
2.800000000000000000e+01 1.829710530435598665e-06 3.876100000000000040e-06
2.900000000000000000e+01 1.830358394714473916e-06 3.660716789428948680e-06
3.000000000000000000e+01 1.831028840539483681e-06 3.662057681078968209e-06
3.100000000000000000e+01 1.831721892554105000e-06 3.663443785108210847e-06
3.200000000000000000e+01 1.832437576239046208e-06 3.664875152478093263e-06
3.300000000000000000e+01 1.833175917913809921e-06 3.666351835827620690e-06
3.400000000000000000e+01 1.833936944738305788e-06 3.667873889476612423e-06
3.500000000000000000e+01 1.834720684714515543e-06 3.669441369429031933e-06
3.600000000000000000e+01 1.835527166688210368e-06 3.671054333376421582e-06
3.700000000000000000e+01 1.836356420350720342e-06 3.672712840701441531e-06
3.800000000000000000e+01 1.837208476240756200e-06 3.674416952481513247e-06
3.900000000000000000e+01 1.838083365746283814e-06 3.676166731492568475e-06
4.000000000000000000e+01 1.838981121106451193e-06 3.677962242212903234e-06
4.100000000000000000e+01 1.839901775413567792e-06 3.679803550827136430e-06
4.200000000000000000e+01 1.840845362615139500e-06 3.681690725230279847e-06
4.300000000000000000e+01 1.841811917515952562e-06 3.683623835031905972e-06
4.400000000000000000e+01 1.842801475780214450e-06 3.685602951560429747e-06
4.500000000000000000e+01 1.843814073933747676e-06 3.687628147867496200e-06
4.600000000000000000e+01 1.844849749366234225e-06 3.689699498732469297e-06
4.700000000000000000e+01 1.845908540333519476e-06 3.691817080667039798e-06
4.800000000000000000e+01 1.846990485959965901e-06 3.693980971919932649e-06
4.900000000000000000e+01 1.848095626240861813e-06 3.696191252481724473e-06
5.000000000000000000e+01 1.849224002044887925e-06 3.698448004089776698e-06
5.100000000000000000e+01 1.850375655116632616e-06 3.700751310233266080e-06
5.200000000000000000e+01 1.851550628079168604e-06 3.703101256158338055e-06
5.300000000000000000e+01 1.852748964436681077e-06 3.705497928873363002e-06
5.400000000000000000e+01 1.853970708577151731e-06 3.707941417154304310e-06
5.500000000000000000e+01 1.855215905775100190e-06 3.710431811550201227e-06
5.600000000000000000e+01 1.856484602194378156e-06 3.712969204388757158e-06
5.700000000000000000e+01 1.857776844891023487e-06 3.715553689782047821e-06
5.800000000000000000e+01 1.859092681816168487e-06 3.718185363632337821e-06
5.900000000000000000e+01 1.860432161819004939e-06 3.720864323638010725e-06
6.000000000000000000e+01 1.861795334649805266e-06 3.723590669299611804e-06
6.100000000000000000e+01 1.863182250963004458e-06 3.726364501926009762e-06
6.200000000000000000e+01 1.864592962320335361e-06 3.729185924640671569e-06
6.300000000000000000e+01 1.866027521194022632e-06 3.732055042388046112e-06
6.400000000000000000e+01 1.867485980970037462e-06 3.734971961940075770e-06
6.500000000000000000e+01 1.868968395951406293e-06 3.737936791902813433e-06
6.600000000000000000e+01 1.870474821361582018e-06 3.740949642723164883e-06
6.700000000000000000e+01 1.872005313347870221e-06 3.744010626695741290e-06
6.800000000000000000e+01 1.873559928984919382e-06 3.747119857969839612e-06
6.900000000000000000e+01 1.875138726278264649e-06 3.750277452556530144e-06
7.000000000000000000e+01 1.876741764167937254e-06 3.753483528335875355e-06
7.100000000000000000e+01 1.878369102532129843e-06 3.756738205064260534e-06
7.200000000000000000e+01 1.880020802190923205e-06 3.760041604381847257e-06
7.300000000000000000e+01 1.881696924910076743e-06 3.763393849820154333e-06
7.400000000000000000e+01 1.883397533404873161e-06 3.766795066809747168e-06
7.500000000000000000e+01 1.885122691344032387e-06 3.770245382688065621e-06
7.600000000000000000e+01 1.886872463353682891e-06 3.773744926707366628e-06
7.700000000000000000e+01 1.888646915021394193e-06 3.777293830042789233e-06
7.800000000000000000e+01 1.890446112900275448e-06 3.780892225800551744e-06
7.900000000000000000e+01 1.892270124513134164e-06 3.784540249026269174e-06
8.000000000000000000e+01 1.894119018356697387e-06 3.788238036713395621e-06
8.100000000000000000e+01 1.895992863905899390e-06 3.791985727811799627e-06
8.200000000000000000e+01 1.897891731618231602e-06 3.795783463236464052e-06
8.300000000000000000e+01 1.899815692938155657e-06 3.799631385876312162e-06
8.400000000000000000e+01 1.901764820301582923e-06 3.803529640603166693e-06
8.500000000000000000e+01 1.903739187140419257e-06 3.807478374280839361e-06
8.600000000000000000e+01 1.905738867887172022e-06 3.811477735774344891e-06
8.700000000000000000e+01 1.907763937979629304e-06 3.815527875959259454e-06
8.800000000000000000e+01 1.909814473865595886e-06 3.819628947731192619e-06
8.900000000000000000e+01 1.911890553007707785e-06 3.823781106015416417e-06
9.000000000000000000e+01 1.913992253888302479e-06 3.827984507776605804e-06
9.100000000000000000e+01 1.916119656014364730e-06 3.832239312028730307e-06
9.200000000000000000e+01 1.918272839922535518e-06 3.836545679845071883e-06
9.300000000000000000e+01 1.920451887184194233e-06 3.840903774368389314e-06
9.400000000000000000e+01 1.922656880410602712e-06 3.845313760821206272e-06
9.500000000000000000e+01 1.924887903258126769e-06 3.849775806516254385e-06
9.600000000000000000e+01 1.927145040433520835e-06 3.854290080867042517e-06
9.700000000000000000e+01 1.929428377699285442e-06 3.858856755398571731e-06
9.800000000000000000e+01 1.931738001879098398e-06 3.863476003758197644e-06
9.900000000000000000e+01 1.934074000863310761e-06 3.868148001726622369e-06
1.000000000000000000e+02 1.936436463614519467e-06 3.872872927229039780e-06
1.010000000000000000e+02 1.938825480173211957e-06 3.877650960346424761e-06
1.020000000000000000e+02 1.941241141663478996e-06 3.882482283326958838e-06
1.030000000000000000e+02 1.943683540298807523e-06 3.887367080597615893e-06
1.040000000000000000e+02 1.946152769387940857e-06 3.892305538775882561e-06
1.050000000000000000e+02 1.948648923340817662e-06 3.897297846681636172e-06
1.060000000000000000e+02 1.951172097674582920e-06 3.902344195349167534e-06
1.070000000000000000e+02 1.953722389019675978e-06 3.907444778039352802e-06
1.080000000000000000e+02 1.956299895125992291e-06 3.912599790251985428e-06
1.090000000000000000e+02 1.958904714869123936e-06 3.917809429738248718e-06
1.100000000000000000e+02 1.961536948256675938e-06 3.923073896513352723e-06
1.110000000000000000e+02 1.964196696434660944e-06 3.928393392869322735e-06
1.120000000000000000e+02 1.966884061693969708e-06 3.933768123387941110e-06
1.130000000000000000e+02 1.969599147476923314e-06 3.939198294953847476e-06
1.140000000000000000e+02 1.972342058383900788e-06 3.944684116767802423e-06
1.150000000000000000e+02 1.975112900180051828e-06 3.950225800360105351e-06
1.160000000000000000e+02 1.977911779802086205e-06 3.955823559604174104e-06
1.170000000000000000e+02 1.980738805365143191e-06 3.961477610730287230e-06
1.180000000000000000e+02 1.983594086169746132e-06 3.967188172339493111e-06
1.190000000000000000e+02 1.986477732708838320e-06 3.972955465417678334e-06
1.200000000000000000e+02 1.989389856674900615e-06 3.978779713349802076e-06
1.210000000000000000e+02 1.992330570967151646e-06 3.984661141934304139e-06
1.220000000000000000e+02 1.995299989698836532e-06 3.990599979397673911e-06
1.230000000000000000e+02 1.998298228204595645e-06 3.996596456409192136e-06
1.240000000000000000e+02 2.001325403047921883e-06 4.002650806095844614e-06
1.250000000000000000e+02 2.004381632028704778e-06 4.008763264057410404e-06
1.260000000000000000e+02 2.007467034190856325e-06 4.014934068381713498e-06
1.270000000000000000e+02 2.010581729830031693e-06 4.021163459660064232e-06
1.280000000000000000e+02 2.013725840501434205e-06 4.027451681002869256e-06
1.290000000000000000e+02 2.016899489027707150e-06 4.033798978055415146e-06
1.300000000000000000e+02 2.020102799506920875e-06 4.040205599013843445e-06
1.310000000000000000e+02 2.023335897320647555e-06 4.046671794641295957e-06
1.320000000000000000e+02 2.026598909142123197e-06 4.053197818284247241e-06
1.330000000000000000e+02 2.029891962944510025e-06 4.059783925889020898e-06
1.340000000000000000e+02 2.033215188009243994e-06 4.066430376018489682e-06
1.350000000000000000e+02 2.036568714934480548e-06 4.073137429868961942e-06
1.360000000000000000e+02 2.039952675643629752e-06 4.079905351287260352e-06
1.370000000000000000e+02 2.043367203393993065e-06 4.086734406787986978e-06
1.380000000000000000e+02 2.046812432785489469e-06 4.093624865570979785e-06
1.390000000000000000e+02 2.050288499769481978e-06 4.100576999538964803e-06
1.400000000000000000e+02 2.053795541657699437e-06 4.107591083315399721e-06
1.410000000000000000e+02 2.057333697131258691e-06 4.114667394262518229e-06
1.420000000000000000e+02 2.060903106249785016e-06 4.121806212499570878e-06
1.430000000000000000e+02 2.064503910460629103e-06 4.129007820921259053e-06
1.440000000000000000e+02 2.068136252608191625e-06 4.136272505216384096e-06
1.450000000000000000e+02 2.071800276943342240e-06 4.143600553886685326e-06
1.460000000000000000e+02 2.075496129132945749e-06 4.150992258265892344e-06
1.470000000000000000e+02 2.079223956269489895e-06 4.158447912538980637e-06
1.480000000000000000e+02 2.082983906880816501e-06 4.165967813761634697e-06
1.490000000000000000e+02 2.086776130939961031e-06 4.173552261879922908e-06
1.500000000000000000e+02 2.090600779875093785e-06 4.181201559750188418e-06
1.510000000000000000e+02 2.094458006579569531e-06 4.188916013159139909e-06
1.520000000000000000e+02 2.098347965422088504e-06 4.196695930844177856e-06
1.530000000000000000e+02 2.102270812256960757e-06 4.204541624513922361e-06
1.540000000000000000e+02 2.106226704434483581e-06 4.212453408868968009e-06
1.550000000000000000e+02 2.110215800811429893e-06 4.220431601622861480e-06
1.560000000000000000e+02 2.114238261761645888e-06 4.228476523523293470e-06
1.570000000000000000e+02 2.118294249186763888e-06 4.236588498373529471e-06
1.580000000000000000e+02 2.122383926527027001e-06 4.244767853054054849e-06
1.590000000000000000e+02 2.126507458772229818e-06 4.253014917544461331e-06
1.600000000000000000e+02 2.130665012472774317e-06 4.261330024945550327e-06
1.610000000000000000e+02 2.134856755750843914e-06 4.269713511501688674e-06
1.620000000000000000e+02 2.139082858311690183e-06 4.278165716623381214e-06
1.630000000000000000e+02 2.143343491455047048e-06 4.286686982910094944e-06
1.640000000000000000e+02 2.147638828086656781e-06 4.295277656173314408e-06
1.650000000000000000e+02 2.151969042729921363e-06 4.303938085459843573e-06
1.660000000000000000e+02 2.156334311537674552e-06 4.312668623075350799e-06
1.670000000000000000e+02 2.160734812304079307e-06 4.321469624608159462e-06
1.680000000000000000e+02 2.165170724476645064e-06 4.330341448953290975e-06
1.690000000000000000e+02 2.169642229168375039e-06 4.339284458336750926e-06
1.700000000000000000e+02 2.174149509170037618e-06 4.348299018340076083e-06
1.710000000000000000e+02 2.178692748962567340e-06 4.357385497925135527e-06
1.720000000000000000e+02 2.183272134729592517e-06 4.366544269459185882e-06
1.730000000000000000e+02 2.187887854370093718e-06 4.375775708740188284e-06
1.740000000000000000e+02 2.192540097511196929e-06 4.385080195022394706e-06
1.750000000000000000e+02 2.197229055521093348e-06 4.394458111042187542e-06
1.760000000000000000e+02 2.201954921522097666e-06 4.403909843044196180e-06
1.770000000000000000e+02 2.206717890403838918e-06 4.413435780807678682e-06
1.780000000000000000e+02 2.211518158836589383e-06 4.423036317673179613e-06
1.790000000000000000e+02 2.216355925284729454e-06 4.432711850569460601e-06
1.800000000000000000e+02 2.221231390020353518e-06 4.442462780040707884e-06
1.810000000000000000e+02 2.226144755137011382e-06 4.452289510274023611e-06
1.820000000000000000e+02 2.231096224563596639e-06 4.462192449127194973e-06
1.830000000000000000e+02 2.236086004078376082e-06 4.472172008156753010e-06
1.840000000000000000e+02 2.241114301323159289e-06 4.482228602646319424e-06
1.850000000000000000e+02 2.246181325817620260e-06 4.492362651635242214e-06
1.860000000000000000e+02 2.251287288973761775e-06 4.502574577947524397e-06
1.870000000000000000e+02 2.256432404110527981e-06 4.512864808221056809e-06
1.880000000000000000e+02 2.261616886468566905e-06 4.523233772937134657e-06
1.890000000000000000e+02 2.266840953225147555e-06 4.533681906450296805e-06
1.900000000000000000e+02 2.272104823509224398e-06 4.544209647018449643e-06
1.910000000000000000e+02 2.277408718416658118e-06 4.554817436833317084e-06
1.920000000000000000e+02 2.282752861025592655e-06 4.565505722051186158e-06
1.930000000000000000e+02 2.288137476411987246e-06 4.576274952823975340e-06
1.940000000000000000e+02 2.293562791665308981e-06 4.587125583330618810e-06
1.950000000000000000e+02 2.299029035904382908e-06 4.598058071808767511e-06
1.960000000000000000e+02 2.304536440293408155e-06 4.609072880586817156e-06
1.970000000000000000e+02 2.310085238058129058e-06 4.620170476116259809e-06
1.980000000000000000e+02 2.315675664502180359e-06 4.631351329004362411e-06
1.990000000000000000e+02 2.321307957023592064e-06 4.642615914047184975e-06
2.000000000000000000e+02 2.326982355131462864e-06 4.653964710262927422e-06
2.010000000000000000e+02 2.332699100462808891e-06 4.665398200925618628e-06
2.020000000000000000e+02 2.338458436799572561e-06 4.676916873599146816e-06
2.030000000000000000e+02 2.344260610085817770e-06 4.688521220171636387e-06
2.040000000000000000e+02 2.350105868445086020e-06 4.700211736890172888e-06
2.050000000000000000e+02 2.355994462197939743e-06 4.711988924395880333e-06
2.060000000000000000e+02 2.361926643879676300e-06 4.723853287759353447e-06
2.070000000000000000e+02 2.367902668258225787e-06 4.735805336516453268e-06
2.080000000000000000e+02 2.373922792352228415e-06 4.747845584704458524e-06
2.090000000000000000e+02 2.379987275449294843e-06 4.759974550898590533e-06
2.100000000000000000e+02 2.386096379124451592e-06 4.772192758248904031e-06
2.110000000000000000e+02 2.392250367258774923e-06 4.784500734517551541e-06
2.120000000000000000e+02 2.398449506058211910e-06 4.796899012116424668e-06
2.130000000000000000e+02 2.404694064072592093e-06 4.809388128145185034e-06
2.140000000000000000e+02 2.410984312214830139e-06 4.821968624429661972e-06
2.150000000000000000e+02 2.417320523780327978e-06 4.834641047560657651e-06
2.160000000000000000e+02 2.423702974466565407e-06 4.847405948933131662e-06
2.170000000000000000e+02 2.430131942392895670e-06 4.860263884785792187e-06
2.180000000000000000e+02 2.436607708120538403e-06 4.873215416241077653e-06
2.190000000000000000e+02 2.443130554672773744e-06 4.886261109345549182e-06
2.200000000000000000e+02 2.449700767555343125e-06 4.899401535110687097e-06
2.210000000000000000e+02 2.456318634777053344e-06 4.912637269554107536e-06
2.220000000000000000e+02 2.462984446870591981e-06 4.925968893741184810e-06
2.230000000000000000e+02 2.469698496913550752e-06 4.939396993827102351e-06
2.240000000000000000e+02 2.476461080549662743e-06 4.952922161099326333e-06
2.250000000000000000e+02 2.483272496010253945e-06 4.966544992020508738e-06
2.260000000000000000e+02 2.490133044135910356e-06 4.980266088271822406e-06
2.270000000000000000e+02 2.497043028398366580e-06 4.994086056796734007e-06
2.280000000000000000e+02 2.504002754922612122e-06 5.008005509845225938e-06
2.290000000000000000e+02 2.511012532509225524e-06 5.022025065018451895e-06
2.300000000000000000e+02 2.518072672656929584e-06 5.036145345313860862e-06
2.310000000000000000e+02 2.525183489585376967e-06 5.050366979170755627e-06
2.320000000000000000e+02 2.532345300258166204e-06 5.064690600516334103e-06
2.330000000000000000e+02 2.539558424406088941e-06 5.079116848812178729e-06
2.340000000000000000e+02 2.546823184550614343e-06 5.093646369101229534e-06
2.350000000000000000e+02 2.554139906027607295e-06 5.108279812055216284e-06
2.360000000000000000e+02 2.561508917011290957e-06 5.123017834022582761e-06
2.370000000000000000e+02 2.568930548538445230e-06 5.137861097076892155e-06
2.380000000000000000e+02 2.576405134532858478e-06 5.152810269065717804e-06
2.390000000000000000e+02 2.583933011830016420e-06 5.167866023660033687e-06
2.400000000000000000e+02 2.591514520202049791e-06 5.183029040404101276e-06
2.410000000000000000e+02 2.599150002382929763e-06 5.198300004765860373e-06
2.420000000000000000e+02 2.606839804093915776e-06 5.213679608187832399e-06
2.430000000000000000e+02 2.614584274069266380e-06 5.229168548138533607e-06
2.440000000000000000e+02 2.622383764082207144e-06 5.244767528164415136e-06
2.450000000000000000e+02 2.630238628971161575e-06 5.260477257942324844e-06
2.460000000000000000e+02 2.638149226666246729e-06 5.276298453332495151e-06
2.470000000000000000e+02 2.646115918216039455e-06 5.292231836432079757e-06
2.480000000000000000e+02 2.654139067814610298e-06 5.308278135629222291e-06
2.490000000000000000e+02 2.662219042828834383e-06 5.324438085657669612e-06
2.500000000000000000e+02 2.670356213825975885e-06 5.340712427651952617e-06
2.510000000000000000e+02 2.678550954601555844e-06 5.357101909203113382e-06
2.520000000000000000e+02 2.686803642207498218e-06 5.373607284414997282e-06
2.530000000000000000e+02 2.695114656980561814e-06 5.390229313961125323e-06
2.540000000000000000e+02 2.703484382571065298e-06 5.406968765142132290e-06
2.550000000000000000e+02 2.711913205971896372e-06 5.423826411943793591e-06
2.560000000000000000e+02 2.720401517547819543e-06 5.440803035095639933e-06
2.570000000000000000e+02 2.728949711065080769e-06 5.457899422130163233e-06
2.580000000000000000e+02 2.737558183721311960e-06 5.475116367442625614e-06
2.590000000000000000e+02 2.746227336175739556e-06 5.492454672351479959e-06
2.600000000000000000e+02 2.754957572579696777e-06 5.509915145159394401e-06
2.610000000000000000e+02 2.763749300607452230e-06 5.527498601214906153e-06
2.620000000000000000e+02 2.772602931487345147e-06 5.545205862974691989e-06
2.630000000000000000e+02 2.781518880033241228e-06 5.563037760066484149e-06
2.640000000000000000e+02 2.790497564676305686e-06 5.580995129352612218e-06
2.650000000000000000e+02 2.799539407497100720e-06 5.599078814994203135e-06
2.660000000000000000e+02 2.808644834258012054e-06 5.617289668516024955e-06
2.670000000000000000e+02 2.817814274435997342e-06 5.635628548871995531e-06
2.680000000000000000e+02 2.827048161255679753e-06 5.654096322511361200e-06
2.690000000000000000e+02 2.836346931722766803e-06 5.672693863445534453e-06
2.700000000000000000e+02 2.845711026657818597e-06 5.691422053315638888e-06
2.710000000000000000e+02 2.855140890730354034e-06 5.710281781460709762e-06
2.720000000000000000e+02 2.864636972493309800e-06 5.729273944986621294e-06
2.730000000000000000e+02 2.874199724417845800e-06 5.748399448835693293e-06
2.740000000000000000e+02 2.883829602928510153e-06 5.767659205857022000e-06
2.750000000000000000e+02 2.893527068438759522e-06 5.787054136877520737e-06
2.760000000000000000e+02 2.903292585386845353e-06 5.806585170773692400e-06
2.770000000000000000e+02 2.913126622272063504e-06 5.826253244544127855e-06
2.780000000000000000e+02 2.923029651691376132e-06 5.846059303382753111e-06
2.790000000000000000e+02 2.933002150376406707e-06 5.866004300752815109e-06
2.800000000000000000e+02 2.943044599230817036e-06 5.886089198461635765e-06
2.810000000000000000e+02 2.953157483368061210e-06 5.906314966736124115e-06
2.820000000000000000e+02 2.963341292149529624e-06 5.926682584299060095e-06
2.830000000000000000e+02 2.973596519223080920e-06 5.947193038446163535e-06
2.840000000000000000e+02 2.983923662561973323e-06 5.967847325123947493e-06
2.850000000000000000e+02 2.994323224504189410e-06 5.988646449008380515e-06
2.860000000000000000e+02 3.004795711792167889e-06 6.009591423584337473e-06
2.870000000000000000e+02 3.015341635612941948e-06 6.030683271225885589e-06
2.880000000000000000e+02 3.025961511638686295e-06 6.051923023277374284e-06
2.890000000000000000e+02 3.036655860067686878e-06 6.073311720135374604e-06
2.900000000000000000e+02 3.047425205665726063e-06 6.094850411331453820e-06
2.910000000000000000e+02 3.058270077807896415e-06 6.116540155615793677e-06
2.920000000000000000e+02 3.069191010520840116e-06 6.138382021041681927e-06
2.930000000000000000e+02 3.080188542525429685e-06 6.160377085050861064e-06
2.940000000000000000e+02 3.091263217279878986e-06 6.182526434559759667e-06
2.950000000000000000e+02 3.102415583023306986e-06 6.204831166046615667e-06
2.960000000000000000e+02 3.113646192819745346e-06 6.227292385639492387e-06
2.970000000000000000e+02 3.124955604602597913e-06 6.249911209205197520e-06
2.980000000000000000e+02 3.136344381219564382e-06 6.272688762439130458e-06
2.990000000000000000e+02 3.147813090478022627e-06 6.295626180956046948e-06
3.000000000000000000e+02 3.159362305190880713e-06 6.318724610381762274e-06
3.010000000000000000e+02 3.170992603222903245e-06 6.341985206445807337e-06
3.020000000000000000e+02 3.182704567537514173e-06 6.365409135075030039e-06
3.030000000000000000e+02 3.194498786244088334e-06 6.388997572488178363e-06
3.040000000000000000e+02 3.206375852645723693e-06 6.412751705291448232e-06
3.050000000000000000e+02 3.218336365287516706e-06 6.436672730575035105e-06
3.060000000000000000e+02 3.230380928005332791e-06 6.460761856010666428e-06
3.070000000000000000e+02 3.242510149975080771e-06 6.485020299950162389e-06
3.080000000000000000e+02 3.254724645762501897e-06 6.509449291525004641e-06
3.090000000000000000e+02 3.267025035373473014e-06 6.534050070746947723e-06
3.100000000000000000e+02 3.279411944304830660e-06 6.558823888609663014e-06
3.110000000000000000e+02 3.291886003595724550e-06 6.583772007191450794e-06
3.120000000000000000e+02 3.304447849879503855e-06 6.608895699759009404e-06
3.130000000000000000e+02 3.317098125436141763e-06 6.634196250872284373e-06
3.140000000000000000e+02 3.329837478245205107e-06 6.659674956490411061e-06
3.150000000000000000e+02 3.342666562039377532e-06 6.685333124078756759e-06
3.160000000000000000e+02 3.355586036358537466e-06 6.711172072717076626e-06
3.170000000000000000e+02 3.368596566604397248e-06 6.737193133208795344e-06
3.180000000000000000e+02 3.381698824095715705e-06 6.763397648191433103e-06
3.190000000000000000e+02 3.394893486124085854e-06 6.789786972248173402e-06
3.200000000000000000e+02 3.408181236010301561e-06 6.816362472020604817e-06
3.210000000000000000e+02 3.421562763161313307e-06 6.843125526322628308e-06
3.220000000000000000e+02 3.435038763127781954e-06 6.870077526255564754e-06
3.230000000000000000e+02 3.448609937662229679e-06 6.897219875324461052e-06
3.240000000000000000e+02 3.462276994777802038e-06 6.924553989555605771e-06
3.250000000000000000e+02 3.476040648807642432e-06 6.952081297615286558e-06
3.260000000000000000e+02 3.489901620464890840e-06 6.979803240929783374e-06
3.270000000000000000e+02 3.503860636903305542e-06 7.007721273806612779e-06
3.280000000000000000e+02 3.517918431778528169e-06 7.035836863557058033e-06
3.290000000000000000e+02 3.532075745309981902e-06 7.064151490619965498e-06
3.300000000000000000e+02 3.546333324343428668e-06 7.092666648686859030e-06
3.310000000000000000e+02 3.560691922414173046e-06 7.121383844828347785e-06
3.320000000000000000e+02 3.575152299810940830e-06 7.150304599621883355e-06
3.330000000000000000e+02 3.589715223640415322e-06 7.179430447280832338e-06
3.340000000000000000e+02 3.604381467892469449e-06 7.208762935784940593e-06
3.350000000000000000e+02 3.619151813506066628e-06 7.238303627012134950e-06
3.360000000000000000e+02 3.634027048435868890e-06 7.268054096871739473e-06
3.370000000000000000e+02 3.649007967719538732e-06 7.298015935439079159e-06
3.380000000000000000e+02 3.664095373545756290e-06 7.328190747091514273e-06
3.390000000000000000e+02 3.679290075322945466e-06 7.358580150645892627e-06
3.400000000000000000e+02 3.694592889748735722e-06 7.389185779497473139e-06
3.410000000000000000e+02 3.710004640880151457e-06 7.420009281760304609e-06
3.420000000000000000e+02 3.725526160204541704e-06 7.451052320409085949e-06
3.430000000000000000e+02 3.741158286711262830e-06 7.482316573422527355e-06
3.440000000000000000e+02 3.756901866964118494e-06 7.513803733928238682e-06
3.450000000000000000e+02 3.772757755174567850e-06 7.545515510349138242e-06
3.460000000000000000e+02 3.788726813275707106e-06 7.577453626551415905e-06
3.470000000000000000e+02 3.804809910997034997e-06 7.609619821994071688e-06
3.480000000000000000e+02 3.821007925940011944e-06 7.642015851880025582e-06
3.490000000000000000e+02 3.837321743654423878e-06 7.674643487308849450e-06
3.500000000000000000e+02 3.853752257715550759e-06 7.707504515431103212e-06
3.510000000000000000e+02 3.870300369802160519e-06 7.740600739604322733e-06
3.520000000000000000e+02 3.886966989775329716e-06 7.773933979550661126e-06
3.530000000000000000e+02 3.903753035758101897e-06 7.807506071516205488e-06
3.540000000000000000e+02 3.920659434215995540e-06 7.841318868431992775e-06
3.550000000000000000e+02 3.937687120038369196e-06 7.875374240076740085e-06
3.560000000000000000e+02 3.954837036620653979e-06 7.909674073241309652e-06
3.570000000000000000e+02 3.972110135947462756e-06 7.944220271894927206e-06
3.580000000000000000e+02 3.989507378676582772e-06 7.979014757353167239e-06
3.590000000000000000e+02 4.007029734223870381e-06 8.014059468447742456e-06
3.600000000000000000e+02 4.024678180849056323e-06 8.049356361698114341e-06
3.610000000000000000e+02 4.042453705742451414e-06 8.084907411484904523e-06
3.620000000000000000e+02 4.060357305112600048e-06 8.120714610225203485e-06
3.630000000000000000e+02 4.078389984274863755e-06 8.156779968549729204e-06
3.640000000000000000e+02 4.096552757740945804e-06 8.193105515481893301e-06
3.650000000000000000e+02 4.114846649309389052e-06 8.229693298618779798e-06
3.660000000000000000e+02 4.133272692157037715e-06 8.266545384314077124e-06
3.670000000000000000e+02 4.151831928931477461e-06 8.303663857862956615e-06
3.680000000000000000e+02 4.170525411844471612e-06 8.341050823688944918e-06
3.690000000000000000e+02 4.189354202766409557e-06 8.378708405532822503e-06
3.700000000000000000e+02 4.208319373321755505e-06 8.416638746643512705e-06
3.710000000000000000e+02 4.227422004985529771e-06 8.454844009971061237e-06
3.720000000000000000e+02 4.246663189180838694e-06 8.493326378361679081e-06
3.730000000000000000e+02 4.266044027377440468e-06 8.532088054754882631e-06
3.740000000000000000e+02 4.285565631191383329e-06 8.571131262382768352e-06
3.750000000000000000e+02 4.305229122485716071e-06 8.610458244971433837e-06
3.760000000000000000e+02 4.325035633472281930e-06 8.650071266944565554e-06
3.770000000000000000e+02 4.344986306814621224e-06 8.689972613629244142e-06
3.780000000000000000e+02 4.365082295731973450e-06 8.730164591463950287e-06
3.790000000000000000e+02 4.385324764104418635e-06 8.770649528208838963e-06
3.800000000000000000e+02 4.405714886579141008e-06 8.811429773158285404e-06
3.810000000000000000e+02 4.426253848677859883e-06 8.852507697355721460e-06
3.820000000000000000e+02 4.446942846905404882e-06 8.893885693810813151e-06
3.830000000000000000e+02 4.467783088859498182e-06 8.935566177718999752e-06
3.840000000000000000e+02 4.488775793341692115e-06 8.977551586683385924e-06
3.850000000000000000e+02 4.509922190469535810e-06 9.019844380939073315e-06
3.860000000000000000e+02 4.531223521789958180e-06 9.062447043579919748e-06
3.870000000000000000e+02 4.552681040393874861e-06 9.105362080787751417e-06
3.880000000000000000e+02 4.574296011032044541e-06 9.148592022064090776e-06
3.890000000000000000e+02 4.596069710232194972e-06 9.192139420464391639e-06
3.900000000000000000e+02 4.618003426417411927e-06 9.236006852834827241e-06
3.910000000000000000e+02 4.640098460025830876e-06 9.280196920051665140e-06
3.920000000000000000e+02 4.662356123631623792e-06 9.324712247263249279e-06
3.930000000000000000e+02 4.684777742067316634e-06 9.369555484134634962e-06
3.940000000000000000e+02 4.707364652547433285e-06 9.414729305094868264e-06
3.950000000000000000e+02 4.730118204793498139e-06 9.460236409586999666e-06
3.960000000000000000e+02 4.753039761160401553e-06 9.506079522320804801e-06
3.970000000000000000e+02 4.776130696764151055e-06 9.552261393528305497e-06
3.980000000000000000e+02 4.799392399611020145e-06 9.598784799222041984e-06
3.990000000000000000e+02 4.822826270728112503e-06 9.645652541456226699e-06
4.000000000000000000e+02 4.846433724295359360e-06 9.692867448590720413e-06
4.010000000000000000e+02 4.870216187778960227e-06 9.740432375557922149e-06
4.020000000000000000e+02 4.894175102066299150e-06 9.788350204132599994e-06
4.030000000000000000e+02 4.918311921602331409e-06 9.836623843204666206e-06
4.040000000000000000e+02 4.942628114527483028e-06 9.885256229054967749e-06
4.050000000000000000e+02 4.967125162817048678e-06 9.934250325634100745e-06
4.060000000000000000e+02 4.991804562422148128e-06 9.983609124844297950e-06
4.070000000000000000e+02 5.016667823412215816e-06 1.003333564682443333e-05
4.080000000000000000e+02 5.041716470119071839e-06 1.008343294023814537e-05
4.090000000000000000e+02 5.066952041282577740e-06 1.013390408256515887e-05
4.100000000000000000e+02 5.092376090197905887e-06 1.018475218039581347e-05
4.110000000000000000e+02 5.117990184864430929e-06 1.023598036972886355e-05
4.120000000000000000e+02 5.143795908136261947e-06 1.028759181627252559e-05
4.130000000000000000e+02 5.169794857874454278e-06 1.033958971574891025e-05
4.140000000000000000e+02 5.195988647100896762e-06 1.039197729420179522e-05
4.150000000000000000e+02 5.222378904153898148e-06 1.044475780830779968e-05
4.160000000000000000e+02 5.248967272845514986e-06 1.049793454569103336e-05
4.170000000000000000e+02 5.275755412620607482e-06 1.055151082524121666e-05
4.180000000000000000e+02 5.302744998717666486e-06 1.060548999743533636e-05
4.190000000000000000e+02 5.329937722331434498e-06 1.065987544466287239e-05
4.200000000000000000e+02 5.357335290777324090e-06 1.071467058155465157e-05
4.210000000000000000e+02 5.384939427657663356e-06 1.076987885531532841e-05
4.220000000000000000e+02 5.412751873029807397e-06 1.082550374605961818e-05
4.230000000000000000e+02 5.440774383576101411e-06 1.088154876715220621e-05
4.240000000000000000e+02 5.469008732775751294e-06 1.093801746555150428e-05
4.250000000000000000e+02 5.497456711078608550e-06 1.099491342215721879e-05
4.260000000000000000e+02 5.526120126080890662e-06 1.105224025216178471e-05
4.270000000000000000e+02 5.555000802702869120e-06 1.111000160540574163e-05
4.280000000000000000e+02 5.584100583368537820e-06 1.116820116673707733e-05
4.290000000000000000e+02 5.613421328187293154e-06 1.122684265637458800e-05
4.300000000000000000e+02 5.642964915137647839e-06 1.128592983027529737e-05
4.310000000000000000e+02 5.672733240252998791e-06 1.134546648050600097e-05
4.320000000000000000e+02 5.702728217809484635e-06 1.140545643561897266e-05
4.330000000000000000e+02 5.732951780515932843e-06 1.146590356103186907e-05
4.340000000000000000e+02 5.763405879705956642e-06 1.152681175941191667e-05
4.350000000000000000e+02 5.794092485532199151e-06 1.158818497106440000e-05
4.360000000000000000e+02 5.825013587162761167e-06 1.165002717432552403e-05
4.370000000000000000e+02 5.856171192979832087e-06 1.171234238595966587e-05
4.380000000000000000e+02 5.887567330780570548e-06 1.177513466156114448e-05
4.390000000000000000e+02 5.919204047980231393e-06 1.183840809596046617e-05
4.400000000000000000e+02 5.951083411817588958e-06 1.190216682363517961e-05
4.410000000000000000e+02 5.983207509562667658e-06 1.196641501912533870e-05
4.420000000000000000e+02 6.015578448726834114e-06 1.203115689745366992e-05
4.430000000000000000e+02 6.048198357275236405e-06 1.209639671455047450e-05
4.440000000000000000e+02 6.081069383841669219e-06 1.216213876768334013e-05
4.450000000000000000e+02 6.114193697945836114e-06 1.222838739589167562e-05
4.460000000000000000e+02 6.147573490213110516e-06 1.229514698042622442e-05
4.470000000000000000e+02 6.181210972596742114e-06 1.236242194519348762e-05
4.480000000000000000e+02 6.215108378602613660e-06 1.243021675720523071e-05
4.490000000000000000e+02 6.249267963516519391e-06 1.249853592703304217e-05
4.500000000000000000e+02 6.283692004634045538e-06 1.256738400926809446e-05
4.510000000000000000e+02 6.318382801493039362e-06 1.263676560298608211e-05
4.520000000000000000e+02 6.353342676108730256e-06 1.270668535221746390e-05
4.530000000000000000e+02 6.388573973211524929e-06 1.277714794642305325e-05
4.540000000000000000e+02 6.424079060487491914e-06 1.284815812097498722e-05
4.550000000000000000e+02 6.459860328821605715e-06 1.291972065764321312e-05
4.560000000000000000e+02 6.495920192543741271e-06 1.299184038508748593e-05
4.570000000000000000e+02 6.532261089677483106e-06 1.306452217935496960e-05
4.580000000000000000e+02 6.568885482191772041e-06 1.313777096438354747e-05
4.590000000000000000e+02 6.605795856255417419e-06 1.321159171251083823e-05
4.600000000000000000e+02 6.642994722494518043e-06 1.328598944498903947e-05
4.610000000000000000e+02 6.680484616252832477e-06 1.336096923250566834e-05
4.620000000000000000e+02 6.718268097855119899e-06 1.343653619571024319e-05
4.630000000000000000e+02 6.756347752873486221e-06 1.351269550574697583e-05
4.640000000000000000e+02 6.794726192396804939e-06 1.358945238479361327e-05
4.650000000000000000e+02 6.833406053303200862e-06 1.366681210660640511e-05
4.660000000000000000e+02 6.872389998535667849e-06 1.374477999707133909e-05
4.670000000000000000e+02 6.911680717380857004e-06 1.382336143476171740e-05
4.680000000000000000e+02 6.951280925751048860e-06 1.390256185150210111e-05
4.690000000000000000e+02 6.991193366469382405e-06 1.398238673293876651e-05
4.700000000000000000e+02 7.031420809558352813e-06 1.406284161911670901e-05
4.710000000000000000e+02 7.071966052531641396e-06 1.414393210506328618e-05
4.720000000000000000e+02 7.112831920689284565e-06 1.422566384137857252e-05
4.730000000000000000e+02 7.154021267416265650e-06 1.430804253483253469e-05
4.740000000000000000e+02 7.195536974484540590e-06 1.439107394896908457e-05
4.750000000000000000e+02 7.237381952358544083e-06 1.447476390471709155e-05
4.760000000000000000e+02 7.279559140504234638e-06 1.455911828100847267e-05
4.770000000000000000e+02 7.322071507701692085e-06 1.464414301540338756e-05
4.780000000000000000e+02 7.364922052361355632e-06 1.472984410472271465e-05
4.790000000000000000e+02 7.408113802843889762e-06 1.481622760568778291e-05
4.800000000000000000e+02 7.451649817783783855e-06 1.490329963556757279e-05
4.810000000000000000e+02 7.495533186416674520e-06 1.499106637283335412e-05
4.820000000000000000e+02 7.539767028910488038e-06 1.507953405782097946e-05
4.830000000000000000e+02 7.584354496700391923e-06 1.516870899340078723e-05
4.840000000000000000e+02 7.629298772827677553e-06 1.525859754565535849e-05
4.850000000000000000e+02 7.674603072282536621e-06 1.534920614456507663e-05
4.860000000000000000e+02 7.720270642350858441e-06 1.544054128470172027e-05
4.870000000000000000e+02 7.766304762965030344e-06 1.553260952593006408e-05
4.880000000000000000e+02 7.812708747058850405e-06 1.562541749411770759e-05
4.890000000000000000e+02 7.859485940926560149e-06 1.571897188185312369e-05
4.900000000000000000e+02 7.906639724586053973e-06 1.581327944917211133e-05
4.910000000000000000e+02 7.954173512146347450e-06 1.590834702429269829e-05
4.920000000000000000e+02 8.002090752179311287e-06 1.600418150435862935e-05
4.930000000000000000e+02 8.050394928095781064e-06 1.610078985619156890e-05
4.940000000000000000e+02 8.099089558526013935e-06 1.619817911705203126e-05
4.950000000000000000e+02 8.148178197704643083e-06 1.629635639540928955e-05
4.960000000000000000e+02 8.197664435860114670e-06 1.639532887172023273e-05
4.970000000000000000e+02 8.247551899608688601e-06 1.649510379921738059e-05
4.980000000000000000e+02 8.297844252353064084e-06 1.659568850470613156e-05
4.990000000000000000e+02 8.348545194685665573e-06 1.669709038937133792e-05
5.000000000000000000e+02 8.399658464796694112e-06 1.679931692959339500e-05
5.010000000000000000e+02 8.451187838886922065e-06 1.690237567777384752e-05
5.020000000000000000e+02 8.503137131585392167e-06 1.700627426317079111e-05
5.030000000000000000e+02 8.555510196371993796e-06 1.711102039274399098e-05
5.040000000000000000e+02 8.608310926005026563e-06 1.721662185201005651e-05
5.050000000000000000e+02 8.661543252953798677e-06 1.732308650590760074e-05
5.060000000000000000e+02 8.715211149836317667e-06 1.743042229967263872e-05
5.070000000000000000e+02 8.769318629862154783e-06 1.753863725972431295e-05
5.080000000000000000e+02 8.823869747280523729e-06 1.764773949456105085e-05
5.090000000000000000e+02 8.878868597833661827e-06 1.775773719566732704e-05
5.100000000000000000e+02 8.934319319215555953e-06 1.786863863843111529e-05
5.110000000000000000e+02 8.990226091536118291e-06 1.798045218307223997e-05
5.120000000000000000e+02 9.046593137790811886e-06 1.809318627558163055e-05
5.130000000000000000e+02 9.103424724335893730e-06 1.820684944867179424e-05
5.140000000000000000e+02 9.160725161369239790e-06 1.832145032273848297e-05
5.150000000000000000e+02 9.218498803416904448e-06 1.843699760683381567e-05
5.160000000000000000e+02 9.276750049825432994e-06 1.855350009965087276e-05
5.170000000000000000e+02 9.335483345260037273e-06 1.867096669052008132e-05
5.180000000000000000e+02 9.394703180208685325e-06 1.878940636041737743e-05
5.190000000000000000e+02 9.454414091492167684e-06 1.890882818298433876e-05
5.200000000000000000e+02 9.514620662780264008e-06 1.902924132556053479e-05
5.210000000000000000e+02 9.575327525114040535e-06 1.915065505022808446e-05
5.220000000000000000e+02 9.636539357434361375e-06 1.927307871486872953e-05
5.230000000000000000e+02 9.698260887116716969e-06 1.939652177423344072e-05
5.240000000000000000e+02 9.760496890512430711e-06 1.952099378102486481e-05
5.250000000000000000e+02 9.823252193496318261e-06 1.964650438699264330e-05
5.260000000000000000e+02 9.886531672020904593e-06 1.977306334404181257e-05
5.270000000000000000e+02 9.950340252677254672e-06 1.990068050535451612e-05
5.280000000000000000e+02 1.001468291326253296e-05 2.002936582652506932e-05
5.290000000000000000e+02 1.007956468335432396e-05 2.015912936670865132e-05
5.300000000000000000e+02 1.014499064489187297e-05 2.028998128978374933e-05
5.310000000000000000e+02 1.021096593276426748e-05 2.042193186552854173e-05
5.320000000000000000e+02 1.027749573540569802e-05 2.055499147081140283e-05
5.330000000000000000e+02 1.034458529539783247e-05 2.068917059079566833e-05
5.340000000000000000e+02 1.041223991007946117e-05 2.082447982015892573e-05
5.350000000000000000e+02 1.048046493216345885e-05 2.096092986432692109e-05
5.360000000000000000e+02 1.054926577036116476e-05 2.109853154072233630e-05
5.370000000000000000e+02 1.061864789001427096e-05 2.123729578002854870e-05
5.380000000000000000e+02 1.068861681373435251e-05 2.137723362746871180e-05
5.390000000000000000e+02 1.075917812205007689e-05 2.151835624410015717e-05
5.400000000000000000e+02 1.083033745406223152e-05 2.166067490812446643e-05
5.410000000000000000e+02 1.090210050810666424e-05 2.180420101621333186e-05
5.420000000000000000e+02 1.097447304242522151e-05 2.194894608485044979e-05
5.430000000000000000e+02 1.104746087584481643e-05 2.209492175168963963e-05
5.440000000000000000e+02 1.112106988846466889e-05 2.224213977692934117e-05
5.450000000000000000e+02 1.119530602235191955e-05 2.239061204470384249e-05
5.460000000000000000e+02 1.127017528224562433e-05 2.254035056449125204e-05
5.470000000000000000e+02 1.134568373626931406e-05 2.269136747253863151e-05
5.480000000000000000e+02 1.142183751665216687e-05 2.284367503330434051e-05
5.490000000000000000e+02 1.149864282045895910e-05 2.299728564091792497e-05
5.500000000000000000e+02 1.157610591032887966e-05 2.315221182065776610e-05
5.510000000000000000e+02 1.165423311522328901e-05 2.330846623044658140e-05
5.520000000000000000e+02 1.173303083118263795e-05 2.346606166236527930e-05
5.530000000000000000e+02 1.181250552209253274e-05 2.362501104418506887e-05
5.540000000000000000e+02 1.189266372045916150e-05 2.378532744091832639e-05
5.550000000000000000e+02 1.197351202819418888e-05 2.394702405638838454e-05
5.560000000000000000e+02 1.205505711740917978e-05 2.411011423481836295e-05
5.570000000000000000e+02 1.213730573121974530e-05 2.427461146243949398e-05
5.580000000000000000e+02 1.222026468455950753e-05 2.444052936911902184e-05
5.590000000000000000e+02 1.230394086500400684e-05 2.460788173000801708e-05
5.600000000000000000e+02 1.238834123360468539e-05 2.477668246720937756e-05
5.610000000000000000e+02 1.247347282573308084e-05 2.494694565146616847e-05
5.620000000000000000e+02 1.255934275193534200e-05 2.511868550387069077e-05
5.630000000000000000e+02 1.264595819879724425e-05 2.529191639759449528e-05
5.640000000000000000e+02 1.273332642981977942e-05 2.546665285963956222e-05
5.650000000000000000e+02 1.282145478630550623e-05 2.564290957261101923e-05
5.660000000000000000e+02 1.291035068825579711e-05 2.582070137651159761e-05
5.670000000000000000e+02 1.300002163527907096e-05 2.600004327055814869e-05
5.680000000000000000e+02 1.309047520751024907e-05 2.618095041502050492e-05
5.690000000000000000e+02 1.318171906654147329e-05 2.636343813308295335e-05
5.700000000000000000e+02 1.327376095636429797e-05 2.654752191272860272e-05
5.710000000000000000e+02 1.336660870432350674e-05 2.673321740864702026e-05
5.720000000000000000e+02 1.346027022208268427e-05 2.692054044416537532e-05
5.730000000000000000e+02 1.355475350660166521e-05 2.710950701320333719e-05
5.740000000000000000e+02 1.365006664112612107e-05 2.730013328225224892e-05
5.750000000000000000e+02 1.374621779618930378e-05 2.749243559237861094e-05
5.760000000000000000e+02 1.384321523062619479e-05 2.768643046125239635e-05
5.770000000000000000e+02 1.394106729260023271e-05 2.788213458520047219e-05
5.780000000000000000e+02 1.403978242064272097e-05 2.807956484128544872e-05
5.790000000000000000e+02 1.413936914470507994e-05 2.827873828941016666e-05
5.800000000000000000e+02 1.423983608722423477e-05 2.847967217444847632e-05
5.810000000000000000e+02 1.434119196420112044e-05 2.868238392840224765e-05
5.820000000000000000e+02 1.444344558629263765e-05 2.888689117258528207e-05
5.830000000000000000e+02 1.454660585991715114e-05 2.909321171983430906e-05
5.840000000000000000e+02 1.465068178837371663e-05 2.930136357674744004e-05
5.850000000000000000e+02 1.475568247297527201e-05 2.951136494595055080e-05
5.860000000000000000e+02 1.486161711419587740e-05 2.972323422839176157e-05
5.870000000000000000e+02 1.496849501283228191e-05 2.993699002566457059e-05
5.880000000000000000e+02 1.507632557117995435e-05 3.015265114235991548e-05
5.890000000000000000e+02 1.518511829422380153e-05 3.037023658844760984e-05
5.900000000000000000e+02 1.529488279084371461e-05 3.058976558168743600e-05
5.910000000000000000e+02 1.540562877503519107e-05 3.081125755007039569e-05
5.920000000000000000e+02 1.551736606714522180e-05 3.103473213429045038e-05
5.930000000000000000e+02 1.563010459512358583e-05 3.126020919024717843e-05
5.940000000000000000e+02 1.574385439578990481e-05 3.148770879157981639e-05
5.950000000000000000e+02 1.585862561611642706e-05 3.171725123223286089e-05
5.960000000000000000e+02 1.597442851452701690e-05 3.194885702905404058e-05
5.970000000000000000e+02 1.609127346221235632e-05 3.218254692442471942e-05
5.980000000000000000e+02 1.620917094446165012e-05 3.241834188892330702e-05
5.990000000000000000e+02 1.632813156201111596e-05 3.265626312402223870e-05
6.000000000000000000e+02 1.644816603240935741e-05 3.289633206481872160e-05
6.010000000000000000e+02 1.656928519139990466e-05 3.313857038279981610e-05
6.020000000000000000e+02 1.669149999432121434e-05 3.338299998864243545e-05
6.030000000000000000e+02 1.681482151752421297e-05 3.362964303504843271e-05
6.040000000000000000e+02 1.693926095980777393e-05 3.387852191961555464e-05
6.050000000000000000e+02 1.706482964387223952e-05 3.412965928774448581e-05
6.060000000000000000e+02 1.719153901779132024e-05 3.438307803558264726e-05
6.070000000000000000e+02 1.731940065650254421e-05 3.463880131300509519e-05
6.080000000000000000e+02 1.744842626331656138e-05 3.489685252663313631e-05
6.090000000000000000e+02 1.757862767144552984e-05 3.515725534289106645e-05
6.100000000000000000e+02 1.771001684555079743e-05 3.542003369110160841e-05
6.110000000000000000e+02 1.784260588331023124e-05 3.568521176662046925e-05
6.120000000000000000e+02 1.797640701700538448e-05 3.595281403401078251e-05
6.130000000000000000e+02 1.811143261512874157e-05 3.622286523025748992e-05
6.140000000000000000e+02 1.824769518401141049e-05 3.649539036802282776e-05
6.150000000000000000e+02 1.838520736947144891e-05 3.677041473894290460e-05
6.160000000000000000e+02 1.852398195848310524e-05 3.704796391696622403e-05
6.170000000000000000e+02 1.866403188086734392e-05 3.732806376173469461e-05
6.180000000000000000e+02 1.880537021100377694e-05 3.761074042200756066e-05
6.190000000000000000e+02 1.894801016956447593e-05 3.789602033912895863e-05
6.200000000000000000e+02 1.909196512526983074e-05 3.818393025053966826e-05
6.210000000000000000e+02 1.923724859666673596e-05 3.847449719333348548e-05
6.220000000000000000e+02 1.938387425392956584e-05 3.876774850785913846e-05
6.230000000000000000e+02 1.953185592068402941e-05 3.906371184136806559e-05
6.240000000000000000e+02 1.968120757585436293e-05 3.936241515170873942e-05
6.250000000000000000e+02 1.983194335553415132e-05 3.966388671106830941e-05
6.260000000000000000e+02 1.998407755488100184e-05 3.996815510976201046e-05
6.270000000000000000e+02 2.013762463003556511e-05 4.027524926007114376e-05
6.280000000000000000e+02 2.029259920006502160e-05 4.058519840013005676e-05
6.290000000000000000e+02 2.044901604893152870e-05 4.089803209786306419e-05
6.300000000000000000e+02 2.060689012748596004e-05 4.121378025497193364e-05
6.310000000000000000e+02 2.076623655548708296e-05 4.153247311097417270e-05
6.320000000000000000e+02 2.092707062364679413e-05 4.185414124729359503e-05
6.330000000000000000e+02 2.108940779570160295e-05 4.217881559140321946e-05
6.340000000000000000e+02 2.125326371051068817e-05 4.250652742102138990e-05
6.350000000000000000e+02 2.141865418418100866e-05 4.283730836836202409e-05
6.360000000000000000e+02 2.158559521221974962e-05 4.317119042443951280e-05
6.370000000000000000e+02 2.175410297171453464e-05 4.350820594342907606e-05
6.380000000000000000e+02 2.192419382354166764e-05 4.384838764708334883e-05
6.390000000000000000e+02 2.209588431460291988e-05 4.419176862920584653e-05
6.400000000000000000e+02 2.226919118009119066e-05 4.453838236018238810e-05
6.410000000000000000e+02 2.244413134578543127e-05 4.488826269157087610e-05
6.420000000000000000e+02 2.262072193037517105e-05 4.524144386075035565e-05
6.430000000000000000e+02 2.279898024781524526e-05 4.559796049563050408e-05
6.440000000000000000e+02 2.297892380971085016e-05 4.595784761942171387e-05
6.450000000000000000e+02 2.316057032773359602e-05 4.632114065546719882e-05
6.460000000000000000e+02 2.334393771606879881e-05 4.668787543213760439e-05
6.470000000000000000e+02 2.352904409389464056e-05 4.705808818778929467e-05
6.480000000000000000e+02 2.371590778789330360e-05 4.743181557578662075e-05
6.490000000000000000e+02 2.390454733479490185e-05 4.780909466958981047e-05
6.500000000000000000e+02 2.409498148395438206e-05 4.818996296790877768e-05
6.510000000000000000e+02 2.428722919996194386e-05 4.857445839992389450e-05
6.520000000000000000e+02 2.448130966528747318e-05 4.896261933057495991e-05
6.530000000000000000e+02 2.467724228295928735e-05 4.935448456591858826e-05
6.540000000000000000e+02 2.487504667927800160e-05 4.975009335855601675e-05
6.550000000000000000e+02 2.507474270656555410e-05 5.014948541313112175e-05
6.560000000000000000e+02 2.527635044595026727e-05 5.055270089190054132e-05
6.570000000000000000e+02 2.547989021018812479e-05 5.095978042037626314e-05
6.580000000000000000e+02 2.568538254652109781e-05 5.137076509304220240e-05
6.590000000000000000e+02 2.589284823957264240e-05 5.178569647914529835e-05
6.600000000000000000e+02 2.610230831428125584e-05 5.220461662856252524e-05
6.610000000000000000e+02 2.631378403887223754e-05 5.262756807774448864e-05
6.620000000000000000e+02 2.652729692786863364e-05 5.305459385573728083e-05
6.630000000000000000e+02 2.674286874514138231e-05 5.348573749028277818e-05
6.640000000000000000e+02 2.696052150699972368e-05 5.392104301399946092e-05
6.650000000000000000e+02 2.718027748532196908e-05 5.436055497064395172e-05
6.660000000000000000e+02 2.740215921072750393e-05 5.480431842145502141e-05
6.670000000000000000e+02 2.762618947579048833e-05 5.525237895158099021e-05
6.680000000000000000e+02 2.785239133829575008e-05 5.570478267659151371e-05
6.690000000000000000e+02 2.808078812453764257e-05 5.616157624907529869e-05
6.700000000000000000e+02 2.831140343266218268e-05 5.662280686532437891e-05
6.710000000000000000e+02 2.854426113605349868e-05 5.708852227210701091e-05
6.720000000000000000e+02 2.877938538676463214e-05 5.755877077352927783e-05
6.730000000000000000e+02 2.901680061899381197e-05 5.803360123798763750e-05
6.740000000000000000e+02 2.925653155260660377e-05 5.851306310521322109e-05
6.750000000000000000e+02 2.949860319670460530e-05 5.899720639340922415e-05
6.760000000000000000e+02 2.974304085324121333e-05 5.948608170648244021e-05
6.770000000000000000e+02 2.998987012068543752e-05 5.997974024137088858e-05
6.780000000000000000e+02 3.023911689773406297e-05 6.047823379546813949e-05
6.790000000000000000e+02 3.049080738707304913e-05 6.098161477414611181e-05
6.800000000000000000e+02 3.074496809918884259e-05 6.148993619837769874e-05
6.810000000000000000e+02 3.100162585623013925e-05 6.200325171246029205e-05
6.820000000000000000e+02 3.126080779592115276e-05 6.252161559184231908e-05
6.830000000000000000e+02 3.152254137552642675e-05 6.304508275105286704e-05
6.840000000000000000e+02 3.178685437586896591e-05 6.357370875173794537e-05
6.850000000000000000e+02 3.205377490540125261e-05 6.410754981080251877e-05
6.860000000000000000e+02 3.232333140433073774e-05 6.464666280866148904e-05
6.870000000000000000e+02 3.259555264880032783e-05 6.519110529760066921e-05
6.880000000000000000e+02 3.287046775512439677e-05 6.574093551024880709e-05
6.890000000000000000e+02 3.314810618408146073e-05 6.629621236816293501e-05
6.900000000000000000e+02 3.342849774526399727e-05 6.685699549052800809e-05
6.910000000000000000e+02 3.371167260148664194e-05 6.742334520297331099e-05
6.920000000000000000e+02 3.399766127325285734e-05 6.799532254650572823e-05
6.930000000000000000e+02 3.428649464328174817e-05 6.857298928656352344e-05
6.940000000000000000e+02 3.457820396109526648e-05 6.915640792219054651e-05
6.950000000000000000e+02 3.487282084766682330e-05 6.974564169533366016e-05
6.960000000000000000e+02 3.517037730013221488e-05 7.034075460026444331e-05
6.970000000000000000e+02 3.547090569656385272e-05 7.094181139312773254e-05
6.980000000000000000e+02 3.577443880080881248e-05 7.154887760161765206e-05
6.990000000000000000e+02 3.608100976739196214e-05 7.216201953478393783e-05
7.000000000000000000e+02 3.639065214648515192e-05 7.278130429297033094e-05
7.010000000000000000e+02 3.670339988894270997e-05 7.340679977788544704e-05
7.020000000000000000e+02 3.701928735140532406e-05 7.403857470281066167e-05
7.030000000000000000e+02 3.733834930147208580e-05 7.467669860294419871e-05
7.040000000000000000e+02 3.766062092294248612e-05 7.532124184588498579e-05
7.050000000000000000e+02 3.798613782112912791e-05 7.597227564225828293e-05
7.060000000000000000e+02 3.831493602824173172e-05 7.662987205648347699e-05
7.070000000000000000e+02 3.864705200884433861e-05 7.729410401768869077e-05
7.080000000000000000e+02 3.898252266538577125e-05 7.796504533077156960e-05
7.090000000000000000e+02 3.932138534380510145e-05 7.864277068761023001e-05
7.100000000000000000e+02 3.966367783921286277e-05 7.932735567842573909e-05
7.110000000000000000e+02 4.000943840164899751e-05 8.001887680329800858e-05
7.120000000000000000e+02 4.035870574191912383e-05 8.071741148383827476e-05
7.130000000000000000e+02 4.071151903750950228e-05 8.142303807501901811e-05
7.140000000000000000e+02 4.106791793858249092e-05 8.213583587716499540e-05
7.150000000000000000e+02 4.142794257405320031e-05 8.285588514810641417e-05
7.160000000000000000e+02 4.179163355774875117e-05 8.358326711549752945e-05
7.170000000000000000e+02 4.215903199465121217e-05 8.431806398930243788e-05
7.180000000000000000e+02 4.253017948722519350e-05 8.506035897445041411e-05
7.190000000000000000e+02 4.290511814183203441e-05 8.581023628366408237e-05
7.200000000000000000e+02 4.328389057523064550e-05 8.656778115046131811e-05
7.210000000000000000e+02 4.366653992116750641e-05 8.733307984233502636e-05
7.220000000000000000e+02 4.405310983705611687e-05 8.810621967411224730e-05
7.230000000000000000e+02 4.444364451074778513e-05 8.888728902149558382e-05
7.240000000000000000e+02 4.483818866739466152e-05 8.967637733478935015e-05
7.250000000000000000e+02 4.523678757640665047e-05 9.047357515281332805e-05
7.260000000000000000e+02 4.563948705850328507e-05 9.127897411700658370e-05
7.270000000000000000e+02 4.604633349286214303e-05 9.209266698572431316e-05
7.280000000000000000e+02 4.645737382436510509e-05 9.291474764873023729e-05
7.290000000000000000e+02 4.687265557094379771e-05 9.374531114188760898e-05
7.300000000000000000e+02 4.729222683102559538e-05 9.458445366205120431e-05
7.310000000000000000e+02 4.771613629108189034e-05 9.543227258216380778e-05
7.320000000000000000e+02 4.814443323328003921e-05 9.628886646656009197e-05
7.330000000000000000e+02 4.857716754323996211e-05 9.715433508647995133e-05
7.340000000000000000e+02 4.901438971789769166e-05 9.802877943579541042e-05
7.350000000000000000e+02 4.945615087347694230e-05 9.891230174695391170e-05
7.360000000000000000e+02 4.990250275357027899e-05 9.980500550714057153e-05
7.370000000000000000e+02 5.035349773733156564e-05 1.007069954746631584e-04
7.380000000000000000e+02 5.080918884778125869e-05 1.016183776955625445e-04
7.390000000000000000e+02 5.126962976022637539e-05 1.025392595204527643e-04
7.400000000000000000e+02 5.173487481079610579e-05 1.034697496215922387e-04
7.410000000000000000e+02 5.220497900509598905e-05 1.044099580101920052e-04
7.420000000000000000e+02 5.267999802698086401e-05 1.053599960539617551e-04
7.430000000000000000e+02 5.315998824744956901e-05 1.063199764948991651e-04
7.440000000000000000e+02 5.364500673366246814e-05 1.072900134673249634e-04
7.450000000000000000e+02 5.413511125808378283e-05 1.082702225161675928e-04
7.460000000000000000e+02 5.463036030775059881e-05 1.092607206155012247e-04
7.470000000000000000e+02 5.513081309367010035e-05 1.102616261873402278e-04
7.480000000000000000e+02 5.563652956034750510e-05 1.112730591206950373e-04
7.490000000000000000e+02 5.614757039544569556e-05 1.122951407908914047e-04
7.500000000000000000e+02 5.666399703957940005e-05 1.133279940791588272e-04
7.510000000000000000e+02 5.718587169624526494e-05 1.143717433924905570e-04
7.520000000000000000e+02 5.771325734188990502e-05 1.154265146837798371e-04
7.530000000000000000e+02 5.824621773611819557e-05 1.164924354722364182e-04
7.540000000000000000e+02 5.878481743204345928e-05 1.175696348640869457e-04
7.550000000000000000e+02 5.932912178678211642e-05 1.186582435735642599e-04
7.560000000000000000e+02 5.987919697209418042e-05 1.197583939441883879e-04
7.570000000000000000e+02 6.043510998517268907e-05 1.208702199703454053e-04
7.580000000000000000e+02 6.099692865958333154e-05 1.219938573191666902e-04
7.590000000000000000e+02 6.156472167635690721e-05 1.231294433527138415e-04
7.600000000000000000e+02 6.213855857523713721e-05 1.242771171504743015e-04
7.610000000000000000e+02 6.271850976608510245e-05 1.254370195321702320e-04
7.620000000000000000e+02 6.330464654044412327e-05 1.266092930808882736e-04
7.630000000000000000e+02 6.389704108326575151e-05 1.277940821665315301e-04
7.640000000000000000e+02 6.449576648480071720e-05 1.289915329696014615e-04
7.650000000000000000e+02 6.510089675265606985e-05 1.302017935053121668e-04
7.660000000000000000e+02 6.571250682402191609e-05 1.314250136480438864e-04
7.670000000000000000e+02 6.633067257806940704e-05 1.326613451561388412e-04
7.680000000000000000e+02 6.695547084852328224e-05 1.339109416970465916e-04
7.690000000000000000e+02 6.758697943641090811e-05 1.351739588728218433e-04
7.700000000000000000e+02 6.822527712299057570e-05 1.364505542459811785e-04
7.710000000000000000e+02 6.887044368286203931e-05 1.377408873657241057e-04
7.720000000000000000e+02 6.952255989726142363e-05 1.390451197945228744e-04
7.730000000000000000e+02 7.018170756754380630e-05 1.403634151350876397e-04
7.740000000000000000e+02 7.084796952885564429e-05 1.416959390577113157e-04
7.750000000000000000e+02 7.152142966400029667e-05 1.430428593280006204e-04
7.760000000000000000e+02 7.220217291749931362e-05 1.444043458349986815e-04
7.770000000000000000e+02 7.289028530985258172e-05 1.457805706197051905e-04
7.780000000000000000e+02 7.358585395199962931e-05 1.471717079039992857e-04
7.790000000000000000e+02 7.428896705998614433e-05 1.485779341199723158e-04
7.800000000000000000e+02 7.499971396983768311e-05 1.499994279396753933e-04
7.810000000000000000e+02 7.571818515264428363e-05 1.514363703052885944e-04
7.820000000000000000e+02 7.644447222985901894e-05 1.528889444597180650e-04
7.830000000000000000e+02 7.717866798881309288e-05 1.543573359776262400e-04
7.840000000000000000e+02 7.792086639845195045e-05 1.558417327969039280e-04
7.850000000000000000e+02 7.867116262529409677e-05 1.573423252505882477e-04
7.860000000000000000e+02 7.942965304961723265e-05 1.588593060992344924e-04
7.870000000000000000e+02 8.019643528187445785e-05 1.603928705637489699e-04
7.880000000000000000e+02 8.097160817934403857e-05 1.619432163586881314e-04
7.890000000000000000e+02 8.175527186301638483e-05 1.635105437260328239e-04
7.900000000000000000e+02 8.254752773472136837e-05 1.650950554694427638e-04
7.910000000000000000e+02 8.334847849450052119e-05 1.666969569890010695e-04
7.920000000000000000e+02 8.415822815822622885e-05 1.683164563164524848e-04
7.930000000000000000e+02 8.497688207547306855e-05 1.699537641509461913e-04
7.940000000000000000e+02 8.580454694764432779e-05 1.716090938952887098e-04
7.950000000000000000e+02 8.664133084635767439e-05 1.732826616927154030e-04
7.960000000000000000e+02 8.748734323209359648e-05 1.749746864641872201e-04
7.970000000000000000e+02 8.834269497311122033e-05 1.766853899462224678e-04
7.980000000000000000e+02 8.920749836463443330e-05 1.784149967292688937e-04
7.990000000000000000e+02 9.008186714831389560e-05 1.801637342966278454e-04
8.000000000000000000e+02 9.096591653196719053e-05 1.819318330639344082e-04
8.010000000000000000e+02 9.185976320960281892e-05 1.837195264192056920e-04
8.020000000000000000e+02 9.276352538173179168e-05 1.855270507634636105e-04
8.030000000000000000e+02 9.367732277597092699e-05 1.873546455519419082e-04
8.040000000000000000e+02 9.460127666794203977e-05 1.892025533358841066e-04
8.050000000000000000e+02 9.553550990247272915e-05 1.910710198049454854e-04
8.060000000000000000e+02 9.648014691510156920e-05 1.929602938302031926e-04
8.070000000000000000e+02 9.743531375389334083e-05 1.948706275077867088e-04
8.080000000000000000e+02 9.840113810156911605e-05 1.968022762031382592e-04
8.090000000000000000e+02 9.937774929795493495e-05 1.987554985959099241e-04
8.100000000000000000e+02 1.003652783627549303e-04 2.007305567255098877e-04
8.110000000000000000e+02 1.013638580186535074e-04 2.027277160373070690e-04
8.120000000000000000e+02 1.023736227147509838e-04 2.047472454295020219e-04
8.130000000000000000e+02 1.033947086503383679e-04 2.067894173006767900e-04
8.140000000000000000e+02 1.044272537990162760e-04 2.088545075980326063e-04
8.150000000000000000e+02 1.054713979331629230e-04 2.109427958663259001e-04
8.160000000000000000e+02 1.065272826487569845e-04 2.130545652975140232e-04
8.170000000000000000e+02 1.075950513905598601e-04 2.151901027811197744e-04
8.180000000000000000e+02 1.086748494776636637e-04 2.173496989553273817e-04
8.190000000000000000e+02 1.097668241294101881e-04 2.195336482588204304e-04
8.200000000000000000e+02 1.108711244916861277e-04 2.217422489833723097e-04
8.210000000000000000e+02 1.119879016636001986e-04 2.239758033272004514e-04
8.220000000000000000e+02 1.131173087245496763e-04 2.262346174490994068e-04
8.230000000000000000e+02 1.142595007616793203e-04 2.285190015233586676e-04
8.240000000000000000e+02 1.154146348977406399e-04 2.308292697954813339e-04
8.250000000000000000e+02 1.165828703193580207e-04 2.331657406387160957e-04
8.260000000000000000e+02 1.177643683057060620e-04 2.355287366114121783e-04
8.270000000000000000e+02 1.189592922576055377e-04 2.379185845152111296e-04
8.280000000000000000e+02 1.201678077270449611e-04 2.403356154540899764e-04
8.290000000000000000e+02 1.213900824471324697e-04 2.427801648942649936e-04
8.300000000000000000e+02 1.226262863624860797e-04 2.452525727249722136e-04
8.310000000000000000e+02 1.238765916600689787e-04 2.477531833201380117e-04
8.320000000000000000e+02 1.251411728004751280e-04 2.502823456009503102e-04
8.330000000000000000e+02 1.264202065496742547e-04 2.528404130993485636e-04
8.340000000000000000e+02 1.277138720112215608e-04 2.554277440224431758e-04
8.350000000000000000e+02 1.290223506589398045e-04 2.580447013178796632e-04
8.360000000000000000e+02 1.303458263700816569e-04 2.606916527401633679e-04
8.370000000000000000e+02 1.316844854589777807e-04 2.633689709179556698e-04
8.380000000000000000e+02 1.330385167111810402e-04 2.660770334223621345e-04
8.390000000000000000e+02 1.344081114181117206e-04 2.688162228362234955e-04
8.400000000000000000e+02 1.357934634122124858e-04 2.715869268244250258e-04
8.410000000000000000e+02 1.371947691026210959e-04 2.743895382052422460e-04
8.420000000000000000e+02 1.386122275113692347e-04 2.772244550227385236e-04
8.430000000000000000e+02 1.400460403101139780e-04 2.800920806202280644e-04
8.440000000000000000e+02 1.414964118574122309e-04 2.829928237148245703e-04
8.450000000000000000e+02 1.429635492365437710e-04 2.859270984730875962e-04
8.460000000000000000e+02 1.444476622938946884e-04 2.888953245877894311e-04
8.470000000000000000e+02 1.459489636779074577e-04 2.918979273558149697e-04
8.480000000000000000e+02 1.474676688786059073e-04 2.949353377572118688e-04
8.490000000000000000e+02 1.490039962677071220e-04 2.980079925354143524e-04
8.500000000000000000e+02 1.505581671393256993e-04 3.011163342786515071e-04
8.510000000000000000e+02 1.521304057512817983e-04 3.042608115025637050e-04
8.520000000000000000e+02 1.537209393670214367e-04 3.074418787340429276e-04
8.530000000000000000e+02 1.553299982981589853e-04 3.106599965963180248e-04
8.540000000000000000e+02 1.569578159476510740e-04 3.139156318953022565e-04
8.550000000000000000e+02 1.586046288536109366e-04 3.172092577072219274e-04
8.560000000000000000e+02 1.602706767337763120e-04 3.205413534675527324e-04
8.570000000000000000e+02 1.619562025306358634e-04 3.239124050612718353e-04
8.580000000000000000e+02 1.636614524572294830e-04 3.273229049144590745e-04
8.590000000000000000e+02 1.653866760436293942e-04 3.307733520872588968e-04
8.600000000000000000e+02 1.671321261841142490e-04 3.342642523682286065e-04
8.610000000000000000e+02 1.688980591850471709e-04 3.377961183700943959e-04
8.620000000000000000e+02 1.706847348134672834e-04 3.413694696269346752e-04
8.630000000000000000e+02 1.724924163464067878e-04 3.449848326928136298e-04
8.640000000000000000e+02 1.743213706209457579e-04 3.486427412418915701e-04
8.650000000000000000e+02 1.761718680850145205e-04 3.523437361700291494e-04
8.660000000000000000e+02 1.780441828489557352e-04 3.560883656979115788e-04
8.670000000000000000e+02 1.799385927378584541e-04 3.598771854757170166e-04
8.680000000000000000e+02 1.818553793446762491e-04 3.637107586893525524e-04
8.690000000000000000e+02 1.837948280841410350e-04 3.675896561682821242e-04
8.700000000000000000e+02 1.857572282474858976e-04 3.715144564949718494e-04
8.710000000000000000e+02 1.877428730579884183e-04 3.754857461159768909e-04
8.720000000000000000e+02 1.897520597273483743e-04 3.795041194546968570e-04
8.730000000000000000e+02 1.917850895129123083e-04 3.835701790258247250e-04
8.740000000000000000e+02 1.938422677757589555e-04 3.876845355515179652e-04
8.750000000000000000e+02 1.959239040396574801e-04 3.918478080793150685e-04
8.760000000000000000e+02 1.980303120509141338e-04 3.960606241018283760e-04
8.770000000000000000e+02 2.001618098391195620e-04 4.003236196782392325e-04
8.780000000000000000e+02 2.023187197788129375e-04 4.046374395576259834e-04
8.790000000000000000e+02 2.045013686520739818e-04 4.090027373041480179e-04
8.800000000000000000e+02 2.067100877120618479e-04 4.134201754241238042e-04
8.810000000000000000e+02 2.089452127475125180e-04 4.178904254950250902e-04
8.820000000000000000e+02 2.112070841482093550e-04 4.224141682964188183e-04
8.830000000000000000e+02 2.134960469714463488e-04 4.269920939428928060e-04
8.840000000000000000e+02 2.158124510094944670e-04 4.316249020189890425e-04
8.850000000000000000e+02 2.181566508580904079e-04 4.363133017161809242e-04
8.860000000000000000e+02 2.205290059859624739e-04 4.410580119719250563e-04
8.870000000000000000e+02 2.229298808054109952e-04 4.458597616108220447e-04
8.880000000000000000e+02 2.253596447439580196e-04 4.507192894879161475e-04
8.890000000000000000e+02 2.278186723170851351e-04 4.556373446341703787e-04
8.900000000000000000e+02 2.303073432020764477e-04 4.606146864041530038e-04
8.910000000000000000e+02 2.328260423129816740e-04 4.656520846259634564e-04
8.920000000000000000e+02 2.353751598767216320e-04 4.707503197534433723e-04
8.930000000000000000e+02 2.379550915103496530e-04 4.759101830206994145e-04
8.940000000000000000e+02 2.405662382994898959e-04 4.811324765989799003e-04
8.950000000000000000e+02 2.432090068779709121e-04 4.864180137559419325e-04
8.960000000000000000e+02 2.458838095086726769e-04 4.917676190173454623e-04
8.970000000000000000e+02 2.485910641656063598e-04 4.971821283312128281e-04
8.980000000000000000e+02 2.513311946172475391e-04 5.026623892344951865e-04
8.990000000000000000e+02 2.541046305111422710e-04 5.082092610222846505e-04
9.000000000000000000e+02 2.569118074598046608e-04 5.138236149196094300e-04
9.010000000000000000e+02 2.597531671279293256e-04 5.195063342558587597e-04
9.020000000000000000e+02 2.626291573209375363e-04 5.252583146418751811e-04
9.030000000000000000e+02 2.655402320748789899e-04 5.310804641497580882e-04
9.040000000000000000e+02 2.684868517477114413e-04 5.369737034954229910e-04
9.050000000000000000e+02 2.714694831119786301e-04 5.429389662239573686e-04
9.060000000000000000e+02 2.744885994489104641e-04 5.489771988978210367e-04
9.070000000000000000e+02 2.775446806439669264e-04 5.550893612879339613e-04
9.080000000000000000e+02 2.806382132838502628e-04 5.612764265677007425e-04
9.090000000000000000e+02 2.837696907550070805e-04 5.675393815100142694e-04
9.100000000000000000e+02 2.869396133436449684e-04 5.738792266872900453e-04
9.110000000000000000e+02 2.901484883372887932e-04 5.802969766745776949e-04
9.120000000000000000e+02 2.933968301279005772e-04 5.867936602558012629e-04
9.130000000000000000e+02 2.966851603165871366e-04 5.933703206331744900e-04
9.140000000000000000e+02 3.000140078199225297e-04 6.000280156398451678e-04
9.150000000000000000e+02 3.033839089779099283e-04 6.067678179558199649e-04
9.160000000000000000e+02 3.067954076636110992e-04 6.135908153272224153e-04
9.170000000000000000e+02 3.102490553944674593e-04 6.204981107889351354e-04
9.180000000000000000e+02 3.137454114453420290e-04 6.274908228906842748e-04
9.190000000000000000e+02 3.172850429633096631e-04 6.345700859266194347e-04
9.200000000000000000e+02 3.208685250842238548e-04 6.417370501684478180e-04
9.210000000000000000e+02 3.244964410510859168e-04 6.489928821021720504e-04
9.220000000000000000e+02 3.281693823342518319e-04 6.563387646685037722e-04
9.230000000000000000e+02 3.318879487534986180e-04 6.637758975069973444e-04
9.240000000000000000e+02 3.356527486019871259e-04 6.713054972039743601e-04
9.250000000000000000e+02 3.394643987721469099e-04 6.789287975442940366e-04
9.260000000000000000e+02 3.433235248835168917e-04 6.866470497670338919e-04
9.270000000000000000e+02 3.472307614125726615e-04 6.944615228251454315e-04
9.280000000000000000e+02 3.511867518245724009e-04 7.023735036491450187e-04
9.290000000000000000e+02 3.551921487074554719e-04 7.103842974149111606e-04
9.300000000000000000e+02 3.592476139078232158e-04 7.184952278156466485e-04
9.310000000000000000e+02 3.633538186690401812e-04 7.267076373380804708e-04
9.320000000000000000e+02 3.675114437714883595e-04 7.350228875429769358e-04
9.330000000000000000e+02 3.717211796750063057e-04 7.434423593500128283e-04
9.340000000000000000e+02 3.759837266635556981e-04 7.519674533271116131e-04
9.350000000000000000e+02 3.802997949921434174e-04 7.605995899842870516e-04
9.360000000000000000e+02 3.846701050360412676e-04 7.693402100720826437e-04
9.370000000000000000e+02 3.890953874423398219e-04 7.781907748846797522e-04
9.380000000000000000e+02 3.935763832838706528e-04 7.871527665677415225e-04
9.390000000000000000e+02 3.981138442155419434e-04 7.962276884310841036e-04
9.400000000000000000e+02 4.027085326331211420e-04 8.054170652662425009e-04
9.410000000000000000e+02 4.073612218345066204e-04 8.147224436690134576e-04
9.420000000000000000e+02 4.120726961835284499e-04 8.241453923670571165e-04
9.430000000000000000e+02 4.168437512763222604e-04 8.336875025526447377e-04
9.440000000000000000e+02 4.216751941103131542e-04 8.433503882206265252e-04
9.450000000000000000e+02 4.265678432558573773e-04 8.531356865117149715e-04
9.460000000000000000e+02 4.315225290305806202e-04 8.630450580611614573e-04
9.470000000000000000e+02 4.365400936764609208e-04 8.730801873529220585e-04
9.480000000000000000e+02 4.416213915396987265e-04 8.832427830793976699e-04
9.490000000000000000e+02 4.467672892534199766e-04 8.935345785068401700e-04
9.500000000000000000e+02 4.519786659232610478e-04 9.039573318465223125e-04
9.510000000000000000e+02 4.572564133158779566e-04 9.145128266317561301e-04
9.520000000000000000e+02 4.626014360504323458e-04 9.252028721008649084e-04
9.530000000000000000e+02 4.680146517931007698e-04 9.360293035862017564e-04
9.540000000000000000e+02 4.734969914546585603e-04 9.469939829093174458e-04
9.550000000000000000e+02 4.790493993911858683e-04 9.580987987823719534e-04
9.560000000000000000e+02 4.846728336079503653e-04 9.693456672159010560e-04
9.570000000000000000e+02 4.903682659665164209e-04 9.807365319330330587e-04
9.580000000000000000e+02 4.961366823951375701e-04 9.922733647902753570e-04
9.590000000000000000e+02 5.019790831024786197e-04 1.003958166204957673e-03
9.600000000000000000e+02 5.078964827947328800e-04 1.015792965589465977e-03
9.610000000000000000e+02 5.138899108961828216e-04 1.027779821792365860e-03
9.620000000000000000e+02 5.199604117732593454e-04 1.039920823546518908e-03
9.630000000000000000e+02 5.261090449621682935e-04 1.052218089924336804e-03
9.640000000000000000e+02 5.323368854001293057e-04 1.064673770800259045e-03
9.650000000000000000e+02 5.386450236602973850e-04 1.077290047320594987e-03
9.660000000000000000e+02 5.450345661904210581e-04 1.090069132380842333e-03
9.670000000000000000e+02 5.515066355553054338e-04 1.103013271110611085e-03
9.680000000000000000e+02 5.580623706831358902e-04 1.116124741366271997e-03
9.690000000000000000e+02 5.647029271157311256e-04 1.129405854231462468e-03
9.700000000000000000e+02 5.714294772627917128e-04 1.142858954525583642e-03
9.710000000000000000e+02 5.782432106602035686e-04 1.156486421320407354e-03
9.720000000000000000e+02 5.851453342324735348e-04 1.170290668464947286e-03
9.730000000000000000e+02 5.921370725593559431e-04 1.184274145118712103e-03
9.740000000000000000e+02 5.992196681467480083e-04 1.198439336293496450e-03
9.750000000000000000e+02 6.063943817019157431e-04 1.212788763403831703e-03
9.760000000000000000e+02 6.136624924131338756e-04 1.227324984826268185e-03
9.770000000000000000e+02 6.210252982338052572e-04 1.242050596467610731e-03
9.780000000000000000e+02 6.284841161711306667e-04 1.256968232342261767e-03
9.790000000000000000e+02 6.360402825794210600e-04 1.272080565158842337e-03
9.800000000000000000e+02 6.436951534581050651e-04 1.287390306916210347e-03
9.810000000000000000e+02 6.514501047545389516e-04 1.302900209509078337e-03
9.820000000000000000e+02 6.593065326716729575e-04 1.318613065343346349e-03
9.830000000000000000e+02 6.672658539806704692e-04 1.334531707961341372e-03
9.840000000000000000e+02 6.753295063385550802e-04 1.350659012677110594e-03
9.850000000000000000e+02 6.834989486109798546e-04 1.366997897221959926e-03
9.860000000000000000e+02 6.917756612001898110e-04 1.383551322400379839e-03
9.870000000000000000e+02 7.001611463782779141e-04 1.400322292756556262e-03
9.880000000000000000e+02 7.086569286258145904e-04 1.417313857251629398e-03
9.890000000000000000e+02 7.172645549759416221e-04 1.434529109951883461e-03
9.900000000000000000e+02 7.259855953640297326e-04 1.451971190728059682e-03
9.910000000000000000e+02 7.348216429829866007e-04 1.469643285965973418e-03
9.920000000000000000e+02 7.437743146443036649e-04 1.487548629288607763e-03
9.930000000000000000e+02 7.528452511449531745e-04 1.505690502289906783e-03
9.940000000000000000e+02 7.620361176402230905e-04 1.524072235280446615e-03
9.950000000000000000e+02 7.713486040225934863e-04 1.542697208045187189e-03
9.960000000000000000e+02 7.807844253067573390e-04 1.561568850613515112e-03
9.970000000000000000e+02 7.903453220208794946e-04 1.580690644041759206e-03
9.980000000000000000e+02 8.000330606042107932e-04 1.600066121208422020e-03
9.990000000000000000e+02 8.098494338111663152e-04 1.619698867622333064e-03
1.000000000000000000e+03 8.197962611219563288e-04 1.639592522243913091e-03
