# All N_ell in µK^2
# ell   |   N_ell_TT   |   N_ell_EE
2.000000000000000000e+00 1.820814501770724999e-06 1.330900000000000082e-05
3.000000000000000000e+00 1.820964544219352669e-06 1.593900000000000105e-05
4.000000000000000000e+00 1.821164620050747028e-06 1.166199999999999947e-05
5.000000000000000000e+00 1.821414745753924607e-06 1.246600000000000059e-05
6.000000000000000000e+00 1.821714941944402510e-06 1.044299999999999980e-05
7.000000000000000000e+00 1.822065233367029198e-06 9.898299999999999742e-06
8.000000000000000000e+00 1.822465648899385541e-06 9.140899999999999167e-06
9.000000000000000000e+00 1.822916221555752740e-06 8.497100000000000350e-06
1.000000000000000000e+01 1.823416988491646918e-06 8.430299999999999567e-06
1.100000000000000000e+01 1.823967991008926945e-06 7.706800000000000480e-06
1.200000000000000000e+01 1.824569274561473152e-06 7.349800000000000341e-06
1.300000000000000000e+01 1.825220888761434842e-06 6.851299999999999947e-06
1.400000000000000000e+01 1.825922887386054402e-06 6.671899999999999597e-06
1.500000000000000000e+01 1.826675328385062331e-06 6.396499999999999659e-06
1.600000000000000000e+01 1.827478273888652267e-06 6.330799999999999594e-06
1.700000000000000000e+01 1.828331790216031778e-06 5.868600000000000021e-06
1.800000000000000000e+01 1.829235947884548303e-06 5.627899999999999937e-06
1.900000000000000000e+01 1.830190821619403556e-06 5.096500000000000247e-06
2.000000000000000000e+01 1.831196490363943494e-06 5.078099999999999712e-06
2.100000000000000000e+01 1.832253037290538248e-06 4.843400000000000079e-06
2.200000000000000000e+01 1.833360549812045014e-06 4.696200000000000031e-06
2.300000000000000000e+01 1.834519119593861760e-06 4.384699999999999710e-06
2.400000000000000000e+01 1.835728842566573002e-06 4.404899999999999957e-06
2.500000000000000000e+01 1.836989818939186177e-06 4.157299999999999990e-06
2.600000000000000000e+01 1.838302153212970253e-06 4.060000000000000092e-06
2.700000000000000000e+01 1.839665954195885576e-06 3.972099999999999629e-06
2.800000000000000000e+01 1.841081335017621877e-06 3.876100000000000040e-06
2.900000000000000000e+01 1.842548413145237886e-06 3.685096826290476619e-06
3.000000000000000000e+01 1.844067310399409973e-06 3.688134620798820793e-06
3.100000000000000000e+01 1.845638152971291061e-06 3.691276305942582969e-06
3.200000000000000000e+01 1.847261071439982800e-06 3.694522142879966448e-06
3.300000000000000000e+01 1.848936200790627559e-06 3.697872401581255964e-06
3.400000000000000000e+01 1.850663680433118742e-06 3.701327360866238330e-06
3.500000000000000000e+01 1.852443654221438768e-06 3.704887308442878382e-06
3.600000000000000000e+01 1.854276270473622364e-06 3.708552540947245575e-06
3.700000000000000000e+01 1.856161681992354501e-06 3.712323363984709850e-06
3.800000000000000000e+01 1.858100046086203394e-06 3.716200092172407634e-06
3.900000000000000000e+01 1.860091524591494911e-06 3.720183049182990668e-06
4.000000000000000000e+01 1.862136283894829892e-06 3.724272567789660630e-06
4.100000000000000000e+01 1.864234494956252824e-06 3.728468989912506496e-06
4.200000000000000000e+01 1.866386333333073377e-06 3.732772666666147601e-06
4.300000000000000000e+01 1.868591979204343956e-06 3.737183958408688760e-06
4.400000000000000000e+01 1.870851617396005151e-06 3.741703234792011149e-06
4.500000000000000000e+01 1.873165437406692072e-06 3.746330874813384991e-06
4.600000000000000000e+01 1.875533633434222557e-06 3.751067266868445960e-06
4.700000000000000000e+01 1.877956404402753679e-06 3.755912808805508205e-06
4.800000000000000000e+01 1.880433953990631346e-06 3.760867907981263540e-06
4.900000000000000000e+01 1.882966490658921546e-06 3.765932981317843939e-06
5.000000000000000000e+01 1.885554227680638910e-06 3.771108455361278668e-06
5.100000000000000000e+01 1.888197383170676838e-06 3.776394766341354522e-06
5.200000000000000000e+01 1.890896180116440863e-06 3.781792360232882573e-06
5.300000000000000000e+01 1.893650846409196288e-06 3.787301692818393422e-06
5.400000000000000000e+01 1.896461614876135366e-06 3.792923229752271579e-06
5.500000000000000000e+01 1.899328723313163196e-06 3.798657446626327663e-06
5.600000000000000000e+01 1.902252414518423285e-06 3.804504829036847417e-06
5.700000000000000000e+01 1.905232936326553255e-06 3.810465872653107356e-06
5.800000000000000000e+01 1.908270541643690596e-06 3.816541083287382039e-06
5.900000000000000000e+01 1.911365488483226142e-06 3.822730976966453131e-06
6.000000000000000000e+01 1.914518040002316481e-06 3.829036080004633808e-06
6.100000000000000000e+01 1.917728464539164629e-06 3.835456929078330105e-06
6.200000000000000000e+01 1.920997035651072140e-06 3.841994071302145128e-06
6.300000000000000000e+01 1.924324032153270907e-06 3.848648064306542660e-06
6.400000000000000000e+01 1.927709738158544819e-06 3.855419476317090484e-06
6.500000000000000000e+01 1.931154443117646366e-06 3.862308886235293579e-06
6.600000000000000000e+01 1.934658441860519614e-06 3.869316883721040923e-06
6.700000000000000000e+01 1.938222034638334214e-06 3.876444069276669275e-06
6.800000000000000000e+01 1.941845527166338492e-06 3.883691054332677830e-06
6.900000000000000000e+01 1.945529230667548139e-06 3.891058461335097125e-06
7.000000000000000000e+01 1.949273461917264147e-06 3.898546923834529140e-06
7.100000000000000000e+01 1.953078543288446666e-06 3.906157086576894179e-06
7.200000000000000000e+01 1.956944802797938866e-06 3.913889605595878579e-06
7.300000000000000000e+01 1.960872574153559425e-06 3.921745148307119698e-06
7.400000000000000000e+01 1.964862196802068314e-06 3.929724393604137475e-06
7.500000000000000000e+01 1.968914015978018571e-06 3.937828031956037990e-06
7.600000000000000000e+01 1.973028382753500856e-06 3.946056765507002559e-06
7.700000000000000000e+01 1.977205654088794747e-06 3.954411308177591189e-06
7.800000000000000000e+01 1.981446192883932298e-06 3.962892385767865444e-06
7.900000000000000000e+01 1.985750368031186974e-06 3.971500736062374795e-06
8.000000000000000000e+01 1.990118554468500254e-06 3.980237108937001355e-06
8.100000000000000000e+01 1.994551133233853948e-06 3.989102266467708744e-06
8.200000000000000000e+01 1.999048491520596695e-06 3.998096983041195085e-06
8.300000000000000000e+01 2.003611022733747089e-06 4.007222045467495025e-06
8.400000000000000000e+01 2.008239126547264964e-06 4.016478253094530775e-06
8.500000000000000000e+01 2.012933208962329381e-06 4.025866417924659609e-06
8.600000000000000000e+01 2.017693682366606791e-06 4.035387364733214429e-06
8.700000000000000000e+01 2.022520965594543690e-06 4.045041931189088227e-06
8.800000000000000000e+01 2.027415483988684178e-06 4.054830967977369202e-06
8.900000000000000000e+01 2.032377669462028527e-06 4.064755338924057901e-06
9.000000000000000000e+01 2.037407960561444608e-06 4.074815921122890910e-06
9.100000000000000000e+01 2.042506802532150391e-06 4.085013605064301630e-06
9.200000000000000000e+01 2.047674647383265402e-06 4.095349294766531652e-06
9.300000000000000000e+01 2.052911953954470945e-06 4.105823907908942737e-06
9.400000000000000000e+01 2.058219187983762573e-06 4.116438375967525993e-06
9.500000000000000000e+01 2.063596822176333772e-06 4.127193644352668392e-06
9.600000000000000000e+01 2.069045336274587896e-06 4.138090672549176638e-06
9.700000000000000000e+01 2.074565217129305867e-06 4.149130434258612582e-06
9.800000000000000000e+01 2.080156958771973059e-06 4.160313917543946966e-06
9.900000000000000000e+01 2.085821062488289890e-06 4.171642124976580628e-06
1.000000000000000000e+02 2.091558036892872933e-06 4.183116073785746713e-06
1.010000000000000000e+02 2.097368398005170242e-06 4.194736796010341330e-06
1.020000000000000000e+02 2.103252669326602336e-06 4.206505338653205519e-06
1.030000000000000000e+02 2.109211381918939433e-06 4.218422763837880559e-06
1.040000000000000000e+02 2.115245074483947950e-06 4.230490148967896747e-06
1.050000000000000000e+02 2.121354293444302909e-06 4.242708586888606665e-06
1.060000000000000000e+02 2.127539593025795023e-06 4.255079186051591739e-06
1.070000000000000000e+02 2.133801535340852800e-06 4.267603070681706447e-06
1.080000000000000000e+02 2.140140690473382216e-06 4.280281380946766127e-06
1.090000000000000000e+02 2.146557636564959938e-06 4.293115273129921569e-06
1.100000000000000000e+02 2.153052959902383916e-06 4.306105919804768680e-06
1.110000000000000000e+02 2.159627255006608040e-06 4.319254510013216926e-06
1.120000000000000000e+02 2.166281124723079463e-06 4.332562249446159773e-06
1.130000000000000000e+02 2.173015180313488374e-06 4.346030360626977595e-06
1.140000000000000000e+02 2.179830041548966177e-06 4.359660083097934049e-06
1.150000000000000000e+02 2.186726336804735501e-06 4.373452673609472696e-06
1.160000000000000000e+02 2.193704703156242079e-06 4.387409406312485006e-06
1.170000000000000000e+02 2.200765786476784621e-06 4.401531572953570090e-06
1.180000000000000000e+02 2.207910241536668061e-06 4.415820483073337816e-06
1.190000000000000000e+02 2.215138732103897565e-06 4.430277464207795978e-06
1.200000000000000000e+02 2.222451931046429809e-06 4.444903862092860465e-06
1.210000000000000000e+02 2.229850520436020909e-06 4.459701040872043513e-06
1.220000000000000000e+02 2.237335191653671440e-06 4.474670383307343726e-06
1.230000000000000000e+02 2.244906645496704946e-06 4.489813290993410740e-06
1.240000000000000000e+02 2.252565592287504533e-06 4.505131184575009913e-06
1.250000000000000000e+02 2.260312751983917675e-06 4.520625503967837045e-06
1.260000000000000000e+02 2.268148854291369927e-06 4.536297708582740701e-06
1.270000000000000000e+02 2.276074638776696828e-06 4.552149277553394504e-06
1.280000000000000000e+02 2.284090854983732142e-06 4.568181709967465130e-06
1.290000000000000000e+02 2.292198262550665112e-06 4.584396525101331071e-06
1.300000000000000000e+02 2.300397631329201064e-06 4.600795262658402974e-06
1.310000000000000000e+02 2.308689741505550313e-06 4.617379483011101474e-06
1.320000000000000000e+02 2.317075383723264044e-06 4.634150767446528934e-06
1.330000000000000000e+02 2.325555359207958632e-06 4.651110718415918112e-06
1.340000000000000000e+02 2.334130479893937762e-06 4.668260959787877217e-06
1.350000000000000000e+02 2.342801568552758890e-06 4.685603137105519473e-06
1.360000000000000000e+02 2.351569458923755099e-06 4.703138917847511893e-06
1.370000000000000000e+02 2.360434995846554250e-06 4.720869991693110193e-06
1.380000000000000000e+02 2.369399035395616606e-06 4.738798070791234059e-06
1.390000000000000000e+02 2.378462445016827374e-06 4.756924890033656443e-06
1.400000000000000000e+02 2.387626103666166159e-06 4.775252207332333165e-06
1.410000000000000000e+02 2.396890901950491885e-06 4.793781803900984616e-06
1.420000000000000000e+02 2.406257742270470713e-06 4.812515484540942272e-06
1.430000000000000000e+02 2.415727538965678291e-06 4.831455077931357428e-06
1.440000000000000000e+02 2.425301218461912335e-06 4.850602436923825517e-06
1.450000000000000000e+02 2.434979719420742226e-06 4.869959438841486145e-06
1.460000000000000000e+02 2.444763992891338816e-06 4.889527985782679327e-06
1.470000000000000000e+02 2.454655002464606055e-06 4.909310004929212957e-06
1.480000000000000000e+02 2.464653724429659732e-06 4.929307448859320311e-06
1.490000000000000000e+02 2.474761147932685122e-06 4.949522295865371091e-06
1.500000000000000000e+02 2.484978275138206128e-06 4.969956550276413103e-06
1.510000000000000000e+02 2.495306121392807009e-06 4.990612242785614865e-06
1.520000000000000000e+02 2.505745715391340996e-06 5.011491430782683686e-06
1.530000000000000000e+02 2.516298099345667303e-06 5.032596198691336299e-06
1.540000000000000000e+02 2.526964329155944481e-06 5.053928658311890655e-06
1.550000000000000000e+02 2.537745474584537718e-06 5.075490949169076283e-06
1.560000000000000000e+02 2.548642619432558293e-06 5.097285238865118281e-06
1.570000000000000000e+02 2.559656861719092360e-06 5.119313723438186415e-06
1.580000000000000000e+02 2.570789313863152516e-06 5.141578627726305880e-06
1.590000000000000000e+02 2.582041102868391550e-06 5.164082205736784794e-06
1.600000000000000000e+02 2.593413370510630876e-06 5.186826741021263447e-06
1.610000000000000000e+02 2.604907273528234579e-06 5.209814547056470852e-06
1.620000000000000000e+02 2.616523983815380731e-06 5.233047967630762309e-06
1.630000000000000000e+02 2.628264688618272764e-06 5.256529377236546375e-06
1.640000000000000000e+02 2.640130590734337477e-06 5.280261181468675801e-06
1.650000000000000000e+02 2.652122908714452884e-06 5.304245817428907461e-06
1.660000000000000000e+02 2.664242877068255444e-06 5.328485754136512582e-06
1.670000000000000000e+02 2.676491746472573698e-06 5.352983492945148243e-06
1.680000000000000000e+02 2.688870783983034884e-06 5.377741567966071462e-06
1.690000000000000000e+02 2.701381273248902139e-06 5.402762546497805972e-06
1.700000000000000000e+02 2.714024514731180402e-06 5.428049029462361651e-06
1.710000000000000000e+02 2.726801825924048189e-06 5.453603651848097224e-06
1.720000000000000000e+02 2.739714541579674113e-06 5.479429083159349919e-06
1.730000000000000000e+02 2.752764013936457114e-06 5.505528027872915074e-06
1.740000000000000000e+02 2.765951612950756035e-06 5.531903225901513765e-06
1.750000000000000000e+02 2.779278726532155993e-06 5.558557453064312834e-06
1.760000000000000000e+02 2.792746760782332087e-06 5.585493521564665868e-06
1.770000000000000000e+02 2.806357140237566794e-06 5.612714280475134435e-06
1.780000000000000000e+02 2.820111308114970163e-06 5.640222616229941172e-06
1.790000000000000000e+02 2.834010726562478625e-06 5.668021453124958943e-06
1.800000000000000000e+02 2.848056876912672651e-06 5.696113753825346996e-06
1.810000000000000000e+02 2.862251259940488645e-06 5.724502519880978137e-06
1.820000000000000000e+02 2.876595396124878430e-06 5.753190792249758553e-06
1.830000000000000000e+02 2.891090825914485368e-06 5.782181651828972430e-06
1.840000000000000000e+02 2.905739109997393440e-06 5.811478219994788575e-06
1.850000000000000000e+02 2.920541829575022546e-06 5.841083659150045939e-06
1.860000000000000000e+02 2.935500586640228056e-06 5.871001173280457806e-06
1.870000000000000000e+02 2.950617004259681268e-06 5.901234008519364230e-06
1.880000000000000000e+02 2.965892726860587519e-06 5.931785453721176732e-06
1.890000000000000000e+02 2.981329420521824536e-06 5.962658841043650766e-06
1.900000000000000000e+02 2.996928773269559903e-06 5.993857546539120653e-06
1.910000000000000000e+02 3.012692495377427675e-06 6.025384990754856197e-06
1.920000000000000000e+02 3.028622319671334457e-06 6.057244639342670608e-06
1.930000000000000000e+02 3.044720001838972442e-06 6.089440003677945732e-06
1.940000000000000000e+02 3.060987320744105906e-06 6.121974641488213505e-06
1.950000000000000000e+02 3.077426078745721781e-06 6.154852157491444409e-06
1.960000000000000000e+02 3.094038102022117599e-06 6.188076204044236046e-06
1.970000000000000000e+02 3.110825240899995385e-06 6.221650481799992463e-06
1.980000000000000000e+02 3.127789370188666553e-06 6.255578740377334799e-06
1.990000000000000000e+02 3.144932389519425824e-06 6.289864779038852495e-06
2.000000000000000000e+02 3.162256223690193685e-06 6.324512447380389064e-06
2.010000000000000000e+02 3.179762823015513365e-06 6.359525646031028424e-06
2.020000000000000000e+02 3.197454163681975179e-06 6.394908327363952051e-06
2.030000000000000000e+02 3.215332248109174535e-06 6.430664496218349917e-06
2.040000000000000000e+02 3.233399105316283232e-06 6.466798210632568158e-06
2.050000000000000000e+02 3.251656791294328909e-06 6.503313582588659511e-06
2.060000000000000000e+02 3.270107389384276246e-06 6.540214778768553338e-06
2.070000000000000000e+02 3.288753010661003096e-06 6.577506021322007039e-06
2.080000000000000000e+02 3.307595794323269794e-06 6.615191588646540435e-06
2.090000000000000000e+02 3.326637908089785410e-06 6.653275816179572514e-06
2.100000000000000000e+02 3.345881548601458612e-06 6.691763097202918918e-06
2.110000000000000000e+02 3.365328941829943260e-06 6.730657883659888213e-06
2.120000000000000000e+02 3.384982343492587983e-06 6.769964686985177660e-06
2.130000000000000000e+02 3.404844039473882086e-06 6.809688078947765866e-06
2.140000000000000000e+02 3.424916346253514657e-06 6.849832692507031009e-06
2.150000000000000000e+02 3.445201611341153194e-06 6.890403222682308081e-06
2.160000000000000000e+02 3.465702213718055239e-06 6.931404427436112172e-06
2.170000000000000000e+02 3.486420564285619763e-06 6.972841128571240373e-06
2.180000000000000000e+02 3.507359106321005761e-06 7.014718212642013217e-06
2.190000000000000000e+02 3.528520315939921411e-06 7.057040631879844516e-06
2.200000000000000000e+02 3.549906702566712108e-06 7.099813405133425910e-06
2.210000000000000000e+02 3.571520809411865553e-06 7.143041618823732801e-06
2.220000000000000000e+02 3.593365213957063898e-06 7.186730427914129491e-06
2.230000000000000000e+02 3.615442528447893915e-06 7.230885056895789525e-06
2.240000000000000000e+02 3.637755400394361733e-06 7.275510800788725159e-06
2.250000000000000000e+02 3.660306513079328171e-06 7.320613026158658035e-06
2.260000000000000000e+02 3.683098586075007836e-06 7.366197172150017366e-06
2.270000000000000000e+02 3.706134375767655633e-06 7.412268751535312959e-06
2.280000000000000000e+02 3.729416675890591466e-06 7.458833351781184626e-06
2.290000000000000000e+02 3.752948318065694855e-06 7.505896636131391404e-06
2.300000000000000000e+02 3.776732172353507938e-06 7.553464344707017571e-06
2.310000000000000000e+02 3.800771147812108235e-06 7.601542295624219011e-06
2.320000000000000000e+02 3.825068193064877796e-06 7.650136386129757285e-06
2.330000000000000000e+02 3.849626296877336450e-06 7.699252593754674594e-06
2.340000000000000000e+02 3.874448488743181880e-06 7.748896977486365454e-06
2.350000000000000000e+02 3.899537839479695338e-06 7.799075678959392369e-06
2.360000000000000000e+02 3.924897461832676058e-06 7.849794923665353810e-06
2.370000000000000000e+02 3.950530511091055141e-06 7.901061022182111977e-06
2.380000000000000000e+02 3.976440185711365513e-06 7.952880371422732720e-06
2.390000000000000000e+02 4.002629727952226351e-06 8.005259455904454395e-06
2.400000000000000000e+02 4.029102424519014778e-06 8.058204849038032945e-06
2.410000000000000000e+02 4.055861607218906092e-06 8.111723214437813878e-06
2.420000000000000000e+02 4.082910653626434132e-06 8.165821307252871651e-06
2.430000000000000000e+02 4.110252987759795421e-06 8.220505975519592536e-06
2.440000000000000000e+02 4.137892080768028363e-06 8.275784161536058419e-06
2.450000000000000000e+02 4.165831451629297884e-06 8.331662903258597462e-06
2.460000000000000000e+02 4.194074667860446465e-06 8.388149335720894624e-06
2.470000000000000000e+02 4.222625346238017382e-06 8.445250692476036458e-06
2.480000000000000000e+02 4.251487153530948373e-06 8.502974307061900134e-06
2.490000000000000000e+02 4.280663807245126302e-06 8.561327614490254299e-06
2.500000000000000000e+02 4.310159076380016283e-06 8.620318152760034260e-06
2.510000000000000000e+02 4.339976782197567691e-06 8.679953564395137075e-06
2.520000000000000000e+02 4.370120799003610530e-06 8.740241598007222754e-06
2.530000000000000000e+02 4.400595054941956445e-06 8.801190109883914585e-06
2.540000000000000000e+02 4.431403532801422913e-06 8.862807065602847521e-06
2.550000000000000000e+02 4.462550270836008470e-06 8.925100541672018634e-06
2.560000000000000000e+02 4.494039363598437504e-06 8.988078727196876702e-06
2.570000000000000000e+02 4.525874962787314333e-06 9.051749925574632054e-06
2.580000000000000000e+02 4.558061278108123720e-06 9.116122556216249133e-06
2.590000000000000000e+02 4.590602578148301460e-06 9.181205156296604614e-06
2.600000000000000000e+02 4.623503191266644387e-06 9.247006382533290469e-06
2.610000000000000000e+02 4.656767506497286804e-06 9.313535012994576996e-06
2.620000000000000000e+02 4.690399974468515235e-06 9.380799948937032165e-06
2.630000000000000000e+02 4.724405108336656136e-06 9.448810216673315661e-06
2.640000000000000000e+02 4.758787484735332162e-06 9.517574969470667711e-06
2.650000000000000000e+02 4.793551744740322479e-06 9.587103489480648346e-06
2.660000000000000000e+02 4.828702594850317655e-06 9.657405189700638698e-06
2.670000000000000000e+02 4.864244807983850328e-06 9.728489615967704043e-06
2.680000000000000000e+02 4.900183224492668486e-06 9.800366448985338666e-06
2.690000000000000000e+02 4.936522753191854587e-06 9.873045506383710867e-06
2.700000000000000000e+02 4.973268372406974272e-06 9.946536744813950237e-06
2.710000000000000000e+02 5.010425131038564695e-06 1.002085026207713278e-05
2.720000000000000000e+02 5.047998149644257231e-06 1.009599629928851616e-05
2.730000000000000000e+02 5.085992621538839488e-06 1.017198524307768236e-05
2.740000000000000000e+02 5.124413813912600537e-06 1.024882762782520446e-05
2.750000000000000000e+02 5.163267068968239705e-06 1.032653413793648110e-05
2.760000000000000000e+02 5.202557805076709103e-06 1.040511561015341990e-05
2.770000000000000000e+02 5.242291517952283796e-06 1.048458303590457098e-05
2.780000000000000000e+02 5.282473781847247568e-06 1.056494756369449852e-05
2.790000000000000000e+02 5.323110250766482263e-06 1.064622050153296791e-05
2.800000000000000000e+02 5.364206659702368130e-06 1.072841331940473965e-05
2.810000000000000000e+02 5.405768825890322973e-06 1.081153765178064764e-05
2.820000000000000000e+02 5.447802650085362117e-06 1.089560530017072593e-05
2.830000000000000000e+02 5.490314117860029866e-06 1.098062823572006312e-05
2.840000000000000000e+02 5.533309300924127652e-06 1.106661860184825869e-05
2.850000000000000000e+02 5.576794358466565001e-06 1.115358871693313170e-05
2.860000000000000000e+02 5.620775538519791539e-06 1.124155107703958477e-05
2.870000000000000000e+02 5.665259179347160729e-06 1.133051835869432485e-05
2.880000000000000000e+02 5.710251710853672566e-06 1.142050342170734852e-05
2.890000000000000000e+02 5.755759656020478074e-06 1.151151931204095784e-05
2.900000000000000000e+02 5.801789632363615742e-06 1.160357926472723487e-05
2.910000000000000000e+02 5.848348353417361869e-06 1.169669670683472713e-05
2.920000000000000000e+02 5.895442630242686136e-06 1.179088526048537566e-05
2.930000000000000000e+02 5.943079372961215565e-06 1.188615874592243282e-05
2.940000000000000000e+02 5.991265592315214250e-06 1.198253118463043189e-05
2.950000000000000000e+02 6.040008401254002379e-06 1.208001680250800645e-05
2.960000000000000000e+02 6.089315016547312590e-06 1.217863003309462857e-05
2.970000000000000000e+02 6.139192760426076648e-06 1.227838552085215668e-05
2.980000000000000000e+02 6.189649062251118468e-06 1.237929812450224032e-05
2.990000000000000000e+02 6.240691460210264245e-06 1.248138292042053188e-05
3.000000000000000000e+02 6.292327603044387231e-06 1.258465520608877785e-05
3.010000000000000000e+02 6.344565251802906388e-06 1.268913050360581616e-05
3.020000000000000000e+02 6.397412281629281865e-06 1.279482456325856712e-05
3.030000000000000000e+02 6.450876683577029075e-06 1.290175336715405984e-05
3.040000000000000000e+02 6.504966566456832428e-06 1.300993313291366825e-05
3.050000000000000000e+02 6.559690158715299142e-06 1.311938031743059998e-05
3.060000000000000000e+02 6.615055810345947728e-06 1.323011162069189884e-05
3.070000000000000000e+02 6.671071994833008848e-06 1.334214398966602108e-05
3.080000000000000000e+02 6.727747311128631450e-06 1.345549462225726629e-05
3.090000000000000000e+02 6.785090485664113380e-06 1.357018097132823015e-05
3.100000000000000000e+02 6.843110374395769696e-06 1.368622074879154278e-05
3.110000000000000000e+02 6.901815964886082465e-06 1.380363192977216832e-05
3.120000000000000000e+02 6.961216378420758810e-06 1.392243275684152101e-05
3.130000000000000000e+02 7.021320872162375709e-06 1.404264174432475481e-05
3.140000000000000000e+02 7.082138841341257820e-06 1.416427768268251903e-05
3.150000000000000000e+02 7.143679821484306612e-06 1.428735964296861661e-05
3.160000000000000000e+02 7.205953490682431334e-06 1.441190698136486606e-05
3.170000000000000000e+02 7.268969671897339059e-06 1.453793934379468151e-05
3.180000000000000000e+02 7.332738335308361441e-06 1.466547667061672627e-05
3.190000000000000000e+02 7.397269600700103372e-06 1.479453920140021013e-05
3.200000000000000000e+02 7.462573739891622512e-06 1.492514747978324841e-05
3.210000000000000000e+02 7.528661179207930826e-06 1.505732235841586504e-05
3.220000000000000000e+02 7.595542501994597381e-06 1.519108500398919815e-05
3.230000000000000000e+02 7.663228451176244406e-06 1.532645690235249220e-05
3.240000000000000000e+02 7.731729931859742958e-06 1.546345986371948930e-05
3.250000000000000000e+02 7.801058013982954412e-06 1.560211602796591221e-05
3.260000000000000000e+02 7.871223935009842758e-06 1.574244787001968890e-05
3.270000000000000000e+02 7.942239102672822541e-06 1.588447820534564847e-05
3.280000000000000000e+02 8.014115097763247923e-06 1.602823019552649923e-05
3.290000000000000000e+02 8.086863676970877185e-06 1.617372735394175776e-05
3.300000000000000000e+02 8.160496775773291845e-06 1.632099355154658708e-05
3.310000000000000000e+02 8.235026511376154692e-06 1.647005302275231277e-05
3.320000000000000000e+02 8.310465185705280831e-06 1.662093037141056505e-05
3.330000000000000000e+02 8.386825288451470406e-06 1.677365057690294420e-05
3.340000000000000000e+02 8.464119500169099114e-06 1.692823900033820162e-05
3.350000000000000000e+02 8.542360695429462628e-06 1.708472139085892864e-05
3.360000000000000000e+02 8.621561946029935404e-06 1.724312389205987420e-05
3.370000000000000000e+02 8.701736524259924747e-06 1.740347304851985288e-05
3.380000000000000000e+02 8.782897906224755149e-06 1.756579581244951369e-05
3.390000000000000000e+02 8.865059775228504427e-06 1.773011955045701224e-05
3.400000000000000000e+02 8.948236025216975816e-06 1.789647205043395502e-05
3.410000000000000000e+02 9.032440764281851245e-06 1.806488152856370927e-05
3.420000000000000000e+02 9.117688318227255704e-06 1.823537663645451818e-05
3.430000000000000000e+02 9.203993234199859234e-06 1.840798646839972186e-05
3.440000000000000000e+02 9.291370284383724436e-06 1.858274056876745565e-05
3.450000000000000000e+02 9.379834469761164938e-06 1.875966893952233326e-05
3.460000000000000000e+02 9.469401023940763419e-06 1.893880204788153023e-05
3.470000000000000000e+02 9.560085417053950171e-06 1.912017083410790373e-05
3.480000000000000000e+02 9.651903359721341602e-06 1.930380671944268659e-05
3.490000000000000000e+02 9.744870807090175291e-06 1.948974161418035736e-05
3.500000000000000000e+02 9.839003962944273095e-06 1.967800792588854958e-05
3.510000000000000000e+02 9.934319283887757101e-06 1.986863856777552098e-05
3.520000000000000000e+02 1.003083348360410747e-05 2.006166696720821833e-05
3.530000000000000000e+02 1.012856353719179375e-05 2.025712707438359427e-05
3.540000000000000000e+02 1.022752668557817033e-05 2.045505337115634405e-05
3.550000000000000000e+02 1.032774044001286090e-05 2.065548088002572519e-05
3.560000000000000000e+02 1.042922258664241224e-05 2.085844517328482787e-05
3.570000000000000000e+02 1.053199119116757789e-05 2.106398238233515917e-05
3.580000000000000000e+02 1.063606460358488825e-05 2.127212920716978328e-05
3.590000000000000000e+02 1.074146146301415906e-05 2.148292292602832490e-05
3.600000000000000000e+02 1.084820070261348475e-05 2.169640140522697289e-05
3.610000000000000000e+02 1.095630155458347860e-05 2.191260310916696397e-05
3.620000000000000000e+02 1.106578355526245205e-05 2.213156711052490750e-05
3.630000000000000000e+02 1.117666655031425607e-05 2.235333310062851892e-05
3.640000000000000000e+02 1.128897070001059538e-05 2.257794140002119753e-05
3.650000000000000000e+02 1.140271648460961827e-05 2.280543296921924332e-05
3.660000000000000000e+02 1.151792470983264698e-05 2.303584941966530073e-05
3.670000000000000000e+02 1.163461651244094262e-05 2.326923302488189202e-05
3.680000000000000000e+02 1.175281336591441573e-05 2.350562673182883823e-05
3.690000000000000000e+02 1.187253708623429810e-05 2.374507417246859959e-05
3.700000000000000000e+02 1.199380983777171419e-05 2.398761967554343517e-05
3.710000000000000000e+02 1.211665413928430337e-05 2.423330827856861014e-05
3.720000000000000000e+02 1.224109287002288023e-05 2.448218574004576724e-05
3.730000000000000000e+02 1.236714927595035048e-05 2.473429855190070436e-05
3.740000000000000000e+02 1.249484697607502037e-05 2.498969395215004752e-05
3.750000000000000000e+02 1.262420996890052385e-05 2.524841993780105448e-05
3.760000000000000000e+02 1.275526263899468336e-05 2.551052527798937351e-05
3.770000000000000000e+02 1.288802976367952516e-05 2.577605952735905709e-05
3.780000000000000000e+02 1.302253651984494782e-05 2.604507303968990243e-05
3.790000000000000000e+02 1.315880849088830230e-05 2.631761698177661137e-05
3.800000000000000000e+02 1.329687167378247523e-05 2.659374334756495724e-05
3.810000000000000000e+02 1.343675248627491010e-05 2.687350497254982698e-05
3.820000000000000000e+02 1.357847777422015291e-05 2.715695554844031260e-05
3.830000000000000000e+02 1.372207481904855162e-05 2.744414963809711002e-05
3.840000000000000000e+02 1.386757134537376063e-05 2.773514269074752803e-05
3.850000000000000000e+02 1.401499552874175220e-05 2.802999105748351117e-05
3.860000000000000000e+02 1.416437600352418608e-05 2.832875200704837893e-05
3.870000000000000000e+02 1.431574187095890022e-05 2.863148374191780722e-05
3.880000000000000000e+02 1.446912270734046022e-05 2.893824541468092721e-05
3.890000000000000000e+02 1.462454857236373704e-05 2.924909714472748087e-05
3.900000000000000000e+02 1.478205001762342700e-05 2.956410003524686077e-05
3.910000000000000000e+02 1.494165809527281380e-05 2.988331619054563438e-05
3.920000000000000000e+02 1.510340436684462235e-05 3.020680873368925147e-05
3.930000000000000000e+02 1.526732091223745549e-05 3.053464182447491776e-05
3.940000000000000000e+02 1.543344033887087853e-05 3.086688067774176383e-05
3.950000000000000000e+02 1.560179579101260379e-05 3.120359158202521435e-05
3.960000000000000000e+02 1.577242095928120083e-05 3.154484191856240843e-05
3.970000000000000000e+02 1.594535009032772027e-05 3.189070018065544732e-05
3.980000000000000000e+02 1.612061799669986344e-05 3.224123599339973365e-05
3.990000000000000000e+02 1.629826006689234674e-05 3.259652013378470025e-05
4.000000000000000000e+02 1.647831227558705229e-05 3.295662455117411135e-05
4.010000000000000000e+02 1.666081119408695593e-05 3.332162238817391864e-05
4.020000000000000000e+02 1.684579400094741395e-05 3.369158800189483467e-05
4.030000000000000000e+02 1.703329849280903004e-05 3.406659698561806686e-05
4.040000000000000000e+02 1.722336309543593799e-05 3.444672619087188275e-05
4.050000000000000000e+02 1.741602687496369105e-05 3.483205374992739565e-05
4.060000000000000000e+02 1.761132954936099675e-05 3.522265909872200027e-05
4.070000000000000000e+02 1.780931150010939992e-05 3.561862300021880661e-05
4.080000000000000000e+02 1.801001378410554239e-05 3.602002756821109832e-05
4.090000000000000000e+02 1.821347814579030546e-05 3.642695629158061770e-05
4.100000000000000000e+02 1.841974702950939231e-05 3.683949405901879140e-05
4.110000000000000000e+02 1.862886359211005639e-05 3.725772718422011955e-05
4.120000000000000000e+02 1.884087171577878019e-05 3.768174343155756715e-05
4.130000000000000000e+02 1.905581602112463088e-05 3.811163204224926853e-05
4.140000000000000000e+02 1.927374188051335797e-05 3.854748376102672271e-05
4.150000000000000000e+02 1.949469543165724414e-05 3.898939086331450183e-05
4.160000000000000000e+02 1.971872359146591334e-05 3.943744718293183346e-05
4.170000000000000000e+02 1.994587407016332751e-05 3.989174814032666857e-05
4.180000000000000000e+02 2.017619538567644701e-05 4.035239077135290079e-05
4.190000000000000000e+02 2.040973687830092514e-05 4.081947375660186384e-05
4.200000000000000000e+02 2.064654872564966416e-05 4.129309745129934188e-05
4.210000000000000000e+02 2.088668195788973182e-05 4.177336391577947042e-05
4.220000000000000000e+02 2.113018847327367269e-05 4.226037694654735216e-05
4.230000000000000000e+02 2.137712105397119092e-05 4.275424210794239539e-05
4.240000000000000000e+02 2.162753338220727256e-05 4.325506676441455867e-05
4.250000000000000000e+02 2.188148005671297148e-05 4.376296011342595651e-05
4.260000000000000000e+02 2.213901660949529630e-05 4.427803321899060615e-05
4.270000000000000000e+02 2.240019952293276795e-05 4.480039904586554267e-05
4.280000000000000000e+02 2.266508624720312256e-05 4.533017249440625867e-05
4.290000000000000000e+02 2.293373521805018328e-05 4.586747043610037334e-05
4.300000000000000000e+02 2.320620587489664004e-05 4.641241174979329363e-05
4.310000000000000000e+02 2.348255867931000812e-05 4.696511735862002980e-05
4.320000000000000000e+02 2.376285513382891802e-05 4.752571026765784281e-05
4.330000000000000000e+02 2.404715780115704123e-05 4.809431560231409601e-05
4.340000000000000000e+02 2.433553032373256340e-05 4.867106064746513358e-05
4.350000000000000000e+02 2.462803744368041809e-05 4.925607488736084296e-05
4.360000000000000000e+02 2.492474502315566680e-05 4.984949004631134716e-05
4.370000000000000000e+02 2.522572006508571295e-05 5.045144013017143945e-05
4.380000000000000000e+02 2.553103073431983361e-05 5.106206146863968078e-05
4.390000000000000000e+02 2.584074637919430976e-05 5.168149275838863308e-05
4.400000000000000000e+02 2.615493755352172342e-05 5.230987510704346039e-05
4.410000000000000000e+02 2.647367603901340039e-05 5.294735207802681433e-05
4.420000000000000000e+02 2.679703486814370941e-05 5.359406973628743238e-05
4.430000000000000000e+02 2.712508834746553852e-05 5.425017669493109059e-05
4.440000000000000000e+02 2.745791208138630317e-05 5.491582416277261989e-05
4.450000000000000000e+02 2.779558299641401704e-05 5.559116599282804764e-05
4.460000000000000000e+02 2.813817936588317310e-05 5.627635873176635976e-05
4.470000000000000000e+02 2.848578083517057900e-05 5.697156167034117156e-05
4.480000000000000000e+02 2.883846844741100971e-05 5.767693689482203298e-05
4.490000000000000000e+02 2.919632466972363455e-05 5.839264933944728265e-05
4.500000000000000000e+02 2.955943341995928138e-05 5.911886683991857632e-05
4.510000000000000000e+02 2.992788009397991198e-05 5.985576018795983751e-05
4.520000000000000000e+02 3.030175159348114371e-05 6.060350318696230097e-05
4.530000000000000000e+02 3.068113635436926274e-05 6.136227270873853903e-05
4.540000000000000000e+02 3.106612437570446182e-05 6.213224875140893719e-05
4.550000000000000000e+02 3.145680724922194765e-05 6.291361449844390884e-05
4.560000000000000000e+02 3.185327818944328453e-05 6.370655637888658260e-05
4.570000000000000000e+02 3.225563206439015462e-05 6.451126412878032280e-05
4.580000000000000000e+02 3.266396542691352492e-05 6.532793085382706340e-05
4.590000000000000000e+02 3.307837654665058758e-05 6.615675309330118872e-05
4.600000000000000000e+02 3.349896544262356151e-05 6.699793088524713658e-05
4.610000000000000000e+02 3.392583391649302006e-05 6.785166783298605367e-05
4.620000000000000000e+02 3.435908558648004941e-05 6.871817117296012592e-05
4.630000000000000000e+02 3.479882592197142729e-05 6.959765184394288168e-05
4.640000000000000000e+02 3.524516227882193691e-05 7.049032455764388738e-05
4.650000000000000000e+02 3.569820393536871030e-05 7.139640787073743414e-05
4.660000000000000000e+02 3.615806212917296289e-05 7.231612425834593933e-05
4.670000000000000000e+02 3.662485009450394587e-05 7.324970018900790530e-05
4.680000000000000000e+02 3.709868310058160281e-05 7.419736620116321917e-05
4.690000000000000000e+02 3.757967849059338730e-05 7.515935698118678815e-05
4.700000000000000000e+02 3.806795572150206713e-05 7.613591144300414781e-05
4.710000000000000000e+02 3.856363640466146231e-05 7.712727280932293818e-05
4.720000000000000000e+02 3.906684434725682051e-05 7.813368869451365456e-05
4.730000000000000000e+02 3.957770559458803091e-05 7.915541118917607537e-05
4.740000000000000000e+02 4.009634847321312545e-05 8.019269694642626445e-05
4.750000000000000000e+02 4.062290363497102728e-05 8.124580726994206812e-05
4.760000000000000000e+02 4.115750410190172054e-05 8.231500820380345464e-05
4.770000000000000000e+02 4.170028531208332985e-05 8.340057062416668680e-05
4.780000000000000000e+02 4.225138516640626222e-05 8.450277033281255155e-05
4.790000000000000000e+02 4.281094407630328327e-05 8.562188815260658010e-05
4.800000000000000000e+02 4.337910501245736077e-05 8.675821002491474864e-05
4.810000000000000000e+02 4.395601355450757055e-05 8.791202710901515466e-05
4.820000000000000000e+02 4.454181794177448450e-05 8.908363588354898256e-05
4.830000000000000000e+02 4.513666912502729383e-05 9.027333825005461477e-05
4.840000000000000000e+02 4.574072081931509039e-05 9.148144163863020789e-05
4.850000000000000000e+02 4.635412955788492510e-05 9.270825911576986375e-05
4.860000000000000000e+02 4.697705474721044176e-05 9.395410949442089708e-05
4.870000000000000000e+02 4.760965872315498621e-05 9.521931744630999952e-05
4.880000000000000000e+02 4.825210680829363939e-05 9.650421361658729233e-05
4.890000000000000000e+02 4.890456737041921285e-05 9.780913474083843926e-05
4.900000000000000000e+02 4.956721188225828836e-05 9.913442376451660383e-05
4.910000000000000000e+02 5.024021498242288886e-05 1.004804299648458048e-04
4.920000000000000000e+02 5.092375453762485192e-05 1.018475090752497309e-04
4.930000000000000000e+02 5.161801170618100012e-05 1.032360234123620273e-04
4.940000000000000000e+02 5.232317100283563735e-05 1.046463420056713018e-04
4.950000000000000000e+02 5.303942036493105406e-05 1.060788407298621352e-04
4.960000000000000000e+02 5.376695121995337680e-05 1.075339024399067807e-04
4.970000000000000000e+02 5.450595855448531917e-05 1.090119171089706655e-04
4.980000000000000000e+02 5.525664098459577849e-05 1.105132819691915705e-04
4.990000000000000000e+02 5.601920082769780131e-05 1.120384016553956297e-04
5.000000000000000000e+02 5.679384417590696961e-05 1.135876883518139663e-04
5.010000000000000000e+02 5.758078097093324182e-05 1.151615619418665107e-04
5.020000000000000000e+02 5.838022508053969639e-05 1.167604501610794199e-04
5.030000000000000000e+02 5.919239437660255389e-05 1.183847887532051349e-04
5.040000000000000000e+02 6.001751081480744319e-05 1.200350216296149135e-04
5.050000000000000000e+02 6.085580051601846948e-05 1.217116010320369661e-04
5.060000000000000000e+02 6.170749384935595122e-05 1.234149876987119566e-04
5.070000000000000000e+02 6.257282551702120644e-05 1.251456510340424400e-04
5.080000000000000000e+02 6.345203464090620694e-05 1.269040692818124410e-04
5.090000000000000000e+02 6.434536485102846650e-05 1.286907297020569601e-04
5.100000000000000000e+02 6.525306437582997754e-05 1.305061287516599822e-04
5.110000000000000000e+02 6.617538613438294097e-05 1.323507722687659361e-04
5.120000000000000000e+02 6.711258783054292634e-05 1.342251756610859069e-04
5.130000000000000000e+02 6.806493204909400965e-05 1.361298640981880464e-04
5.140000000000000000e+02 6.903268635392866036e-05 1.380653727078573478e-04
5.150000000000000000e+02 7.001612338830893079e-05 1.400322467766178887e-04
5.160000000000000000e+02 7.101552097725315595e-05 1.420310419545063390e-04
5.170000000000000000e+02 7.203116223209790191e-05 1.440623244641958580e-04
5.180000000000000000e+02 7.306333565728102418e-05 1.461266713145621026e-04
5.190000000000000000e+02 7.411233525939703770e-05 1.482246705187941025e-04
5.200000000000000000e+02 7.517846065857435999e-05 1.503569213171487742e-04
5.210000000000000000e+02 7.626201720222705192e-05 1.525240344044541581e-04
5.220000000000000000e+02 7.736331608123308428e-05 1.547266321624661957e-04
5.230000000000000000e+02 7.848267444859399072e-05 1.569653488971880085e-04
5.240000000000000000e+02 7.962041554063106590e-05 1.592408310812621589e-04
5.250000000000000000e+02 8.077686880077528694e-05 1.615537376015506010e-04
5.260000000000000000e+02 8.195237000600809568e-05 1.639047400120162185e-04
5.270000000000000000e+02 8.314726139601394666e-05 1.662945227920279204e-04
5.280000000000000000e+02 8.436189180510346604e-05 1.687237836102069592e-04
5.290000000000000000e+02 8.559661679697167728e-05 1.711932335939433817e-04
5.300000000000000000e+02 8.685179880235283545e-05 1.737035976047057251e-04
5.310000000000000000e+02 8.812780725963926707e-05 1.762556145192785612e-04
5.320000000000000000e+02 8.942501875852831882e-05 1.788500375170566919e-04
5.330000000000000000e+02 9.074381718676826779e-05 1.814876343735365898e-04
5.340000000000000000e+02 9.208459388007134887e-05 1.841691877601427520e-04
5.350000000000000000e+02 9.344774777526626986e-05 1.868954955505325668e-04
5.360000000000000000e+02 9.483368556676250339e-05 1.896673711335250339e-04
5.370000000000000000e+02 9.624282186640288682e-05 1.924856437328058278e-04
5.380000000000000000e+02 9.767557936677935364e-05 1.953511587335587344e-04
5.390000000000000000e+02 9.913238900809141741e-05 1.982647780161828890e-04
5.400000000000000000e+02 1.006136901486275308e-04 2.012273802972551159e-04
5.410000000000000000e+02 1.021199307389515973e-04 2.042398614779032489e-04
5.420000000000000000e+02 1.036515674998782948e-04 2.073031349997566438e-04
5.430000000000000000e+02 1.052090661043247069e-04 2.104181322086494410e-04
5.440000000000000000e+02 1.067929013631241847e-04 2.135858027262484235e-04
5.450000000000000000e+02 1.084035574148955306e-04 2.168071148297910883e-04
5.460000000000000000e+02 1.100415279200578605e-04 2.200830558401157752e-04
5.470000000000000000e+02 1.117073162590864033e-04 2.234146325181728609e-04
5.480000000000000000e+02 1.134014357351062344e-04 2.268028714702125231e-04
5.490000000000000000e+02 1.151244097809238652e-04 2.302488195618477846e-04
5.500000000000000000e+02 1.168767721705957311e-04 2.337535443411915164e-04
5.510000000000000000e+02 1.186590672356415099e-04 2.373181344712830740e-04
5.520000000000000000e+02 1.204718500860041722e-04 2.409437001720083986e-04
5.530000000000000000e+02 1.223156868358698190e-04 2.446313736717396921e-04
5.540000000000000000e+02 1.241911548344562684e-04 2.483823096689125910e-04
5.550000000000000000e+02 1.260988429018858738e-04 2.521976858037718017e-04
5.560000000000000000e+02 1.280393515702579982e-04 2.560787031405160506e-04
5.570000000000000000e+02 1.300132933300443398e-04 2.600265866600887338e-04
5.580000000000000000e+02 1.320212928819251624e-04 2.640425857638503790e-04
5.590000000000000000e+02 1.340639873941958863e-04 2.681279747883918269e-04
5.600000000000000000e+02 1.361420267658702669e-04 2.722840535317406423e-04
5.610000000000000000e+02 1.382560738956133822e-04 2.765121477912268187e-04
5.620000000000000000e+02 1.404068049566378144e-04 2.808136099132757372e-04
5.630000000000000000e+02 1.425949096777026691e-04 2.851898193554054466e-04
5.640000000000000000e+02 1.448210916303555940e-04 2.896421832607112964e-04
5.650000000000000000e+02 1.470860685225636481e-04 2.941721370451274046e-04
5.660000000000000000e+02 1.493905724988800400e-04 2.987811449977601343e-04
5.670000000000000000e+02 1.517353504473000956e-04 3.034707008946002454e-04
5.680000000000000000e+02 1.541211643129615223e-04 3.082423286259230988e-04
5.690000000000000000e+02 1.565487914188473195e-04 3.130975828376946933e-04
5.700000000000000000e+02 1.590190247936559148e-04 3.180380495873118838e-04
5.710000000000000000e+02 1.615326735070054674e-04 3.230653470140109891e-04
5.720000000000000000e+02 1.640905630121423150e-04 3.281811260242846842e-04
5.730000000000000000e+02 1.666935354963306392e-04 3.333870709926613327e-04
5.740000000000000000e+02 1.693424502391016769e-04 3.386849004782034622e-04
5.750000000000000000e+02 1.720381839785467342e-04 3.440763679570935769e-04
5.760000000000000000e+02 1.747816312858431454e-04 3.495632625716863450e-04
5.770000000000000000e+02 1.775737049482050236e-04 3.551474098964101556e-04
5.780000000000000000e+02 1.804153363604576478e-04 3.608306727209154041e-04
5.790000000000000000e+02 1.833074759254372556e-04 3.666149518508746196e-04
5.800000000000000000e+02 1.862510934634252209e-04 3.725021869268504960e-04
5.810000000000000000e+02 1.892471786308254627e-04 3.784943572616509795e-04
5.820000000000000000e+02 1.922967413483084287e-04 3.845934826966169659e-04
5.830000000000000000e+02 1.954008122386396073e-04 3.908016244772792688e-04
5.840000000000000000e+02 1.985604430744246124e-04 3.971208861488493332e-04
5.850000000000000000e+02 2.017767072360025099e-04 4.035534144720051282e-04
5.860000000000000000e+02 2.050507001797296494e-04 4.101014003594593530e-04
5.870000000000000000e+02 2.083835399168977576e-04 4.167670798337956236e-04
5.880000000000000000e+02 2.117763675035390478e-04 4.235527350070782040e-04
5.890000000000000000e+02 2.152303475413771443e-04 4.304606950827543970e-04
5.900000000000000000e+02 2.187466686901851152e-04 4.374933373803703389e-04
5.910000000000000000e+02 2.223265441918274908e-04 4.446530883836550901e-04
5.920000000000000000e+02 2.259712124062560718e-04 4.519424248125122521e-04
5.930000000000000000e+02 2.296819373597506900e-04 4.593638747195014885e-04
5.940000000000000000e+02 2.334600093056930206e-04 4.669200186113861496e-04
5.950000000000000000e+02 2.373067452981709785e-04 4.746134905963420654e-04
5.960000000000000000e+02 2.412234897787243770e-04 4.824469795574488624e-04
5.970000000000000000e+02 2.452116151765405209e-04 4.904232303530811502e-04
5.980000000000000000e+02 2.492725225224238020e-04 4.985450450448477124e-04
5.990000000000000000e+02 2.534076420768677294e-04 5.068152841537355673e-04
6.000000000000000000e+02 2.576184339725669605e-04 5.152368679451340295e-04
6.010000000000000000e+02 2.619063888717163588e-04 5.238127777434328260e-04
6.020000000000000000e+02 2.662730286384502572e-04 5.325460572769006229e-04
6.030000000000000000e+02 2.707199070267847832e-04 5.414398140535696749e-04
6.040000000000000000e+02 2.752486103844373482e-04 5.504972207688748047e-04
6.050000000000000000e+02 2.798607583729056459e-04 5.597215167458114001e-04
6.060000000000000000e+02 2.845580047041913231e-04 5.691160094083827546e-04
6.070000000000000000e+02 2.893420378945801559e-04 5.786840757891604202e-04
6.080000000000000000e+02 2.942145820358765796e-04 5.884291640717532676e-04
6.090000000000000000e+02 2.991773975845258204e-04 5.983547951690518577e-04
6.100000000000000000e+02 3.042322821690488519e-04 6.084645643380978122e-04
6.110000000000000000e+02 3.093810714162306881e-04 6.187621428324614845e-04
6.120000000000000000e+02 3.146256397965245337e-04 6.292512795930491759e-04
6.130000000000000000e+02 3.199679014891270486e-04 6.399358029782542057e-04
6.140000000000000000e+02 3.254098112672086044e-04 6.508196225344173172e-04
6.150000000000000000e+02 3.309533654037824144e-04 6.619067308075650457e-04
6.160000000000000000e+02 3.366006025987188584e-04 6.732012051974378252e-04
6.170000000000000000e+02 3.423536049274108367e-04 6.847072098548218902e-04
6.180000000000000000e+02 3.482144988116260206e-04 6.964289976232521497e-04
6.190000000000000000e+02 3.541854560130791021e-04 7.083709120261584211e-04
6.200000000000000000e+02 3.602686946502797489e-04 7.205373893005596062e-04
6.210000000000000000e+02 3.664664802392230878e-04 7.329329604784462840e-04
6.220000000000000000e+02 3.727811267585088889e-04 7.455622535170179947e-04
6.230000000000000000e+02 3.792149977394758419e-04 7.584299954789517923e-04
6.240000000000000000e+02 3.857705073819764547e-04 7.715410147639530179e-04
6.250000000000000000e+02 3.924501216964060703e-04 7.849002433928123574e-04
6.260000000000000000e+02 3.992563596726388000e-04 7.985127193452778169e-04
6.270000000000000000e+02 4.061917944765256654e-04 8.123835889530515476e-04
6.280000000000000000e+02 4.132590546746317062e-04 8.265181093492636293e-04
6.290000000000000000e+02 4.204608254879048075e-04 8.409216509758098319e-04
6.300000000000000000e+02 4.277998500749878607e-04 8.555997001499758298e-04
6.310000000000000000e+02 4.352789308459049564e-04 8.705578616918101297e-04
6.320000000000000000e+02 4.429009308068664573e-04 8.858018616137331314e-04
6.330000000000000000e+02 4.506687749369603477e-04 9.013375498739209122e-04
6.340000000000000000e+02 4.585854515975175340e-04 9.171709031950352848e-04
6.350000000000000000e+02 4.666540139749574705e-04 9.333080279499151579e-04
6.360000000000000000e+02 4.748775815579401108e-04 9.497551631158804384e-04
6.370000000000000000e+02 4.832593416496711622e-04 9.665186832993425412e-04
6.380000000000000000e+02 4.918025509162353252e-04 9.836051018324710842e-04
6.390000000000000000e+02 5.005105369718430928e-04 1.001021073943686402e-03
6.400000000000000000e+02 5.093867000019150666e-04 1.018773400003830350e-03
6.410000000000000000e+02 5.184345144249298629e-04 1.036869028849859943e-03
6.420000000000000000e+02 5.276575305940135567e-04 1.055315061188027330e-03
6.430000000000000000e+02 5.370593765392460677e-04 1.074118753078492352e-03
6.440000000000000000e+02 5.466437597517023912e-04 1.093287519503404999e-03
6.450000000000000000e+02 5.564144690102678812e-04 1.112828938020535979e-03
6.460000000000000000e+02 5.663753762522936823e-04 1.132750752504587798e-03
6.470000000000000000e+02 5.765304384891846434e-04 1.153060876978369504e-03
6.480000000000000000e+02 5.868836997680394784e-04 1.173767399536079390e-03
6.490000000000000000e+02 5.974392931804999073e-04 1.194878586361000031e-03
6.500000000000000000e+02 6.082014429199812363e-04 1.216402885839962689e-03
6.510000000000000000e+02 6.191744663885044271e-04 1.238348932777009071e-03
6.520000000000000000e+02 6.303627763543593601e-04 1.260725552708718937e-03
6.530000000000000000e+02 6.417708831618916575e-04 1.283541766323783749e-03
6.540000000000000000e+02 6.534033969947033787e-04 1.306806793989406974e-03
6.550000000000000000e+02 6.652650301936174166e-04 1.330530060387235050e-03
6.560000000000000000e+02 6.773605996307837263e-04 1.354721199261567886e-03
6.570000000000000000e+02 6.896950291413364142e-04 1.379390058282673262e-03
6.580000000000000000e+02 7.022733520140526757e-04 1.404546704028105568e-03
6.590000000000000000e+02 7.151007135424942767e-04 1.430201427084988770e-03
6.600000000000000000e+02 7.281823736381725547e-04 1.456364747276345543e-03
6.610000000000000000e+02 7.415237095072853973e-04 1.483047419014571228e-03
6.620000000000000000e+02 7.551302183926376487e-04 1.510260436785275731e-03
6.630000000000000000e+02 7.690075203824070244e-04 1.538015040764814266e-03
6.640000000000000000e+02 7.831613612874210872e-04 1.566322722574842608e-03
6.650000000000000000e+02 7.975976155887086298e-04 1.595195231177417476e-03
6.660000000000000000e+02 8.123222894570878349e-04 1.624644578914176104e-03
6.670000000000000000e+02 8.273415238466254665e-04 1.654683047693251150e-03
6.680000000000000000e+02 8.426615976638502422e-04 1.685323195327700918e-03
6.690000000000000000e+02 8.582889310146294510e-04 1.716577862029259336e-03
6.700000000000000000e+02 8.742300885307024462e-04 1.748460177061405326e-03
6.710000000000000000e+02 8.904917827778894733e-04 1.780983565555779380e-03
6.720000000000000000e+02 9.070808777480630306e-04 1.814161755496126495e-03
6.730000000000000000e+02 9.240043924370076661e-04 1.848008784874015549e-03
6.740000000000000000e+02 9.412695045103739106e-04 1.882539009020748255e-03
6.750000000000000000e+02 9.588835540599702136e-04 1.917767108119940861e-03
6.760000000000000000e+02 9.768540474527063512e-04 1.953708094905413136e-03
6.770000000000000000e+02 9.951886612745563122e-04 1.990377322549113058e-03
6.780000000000000000e+02 1.013895246371976323e-03 2.027790492743953080e-03
6.790000000000000000e+02 1.032981831993275796e-03 2.065963663986552026e-03
6.800000000000000000e+02 1.052456630032515533e-03 2.104913260065031499e-03
6.810000000000000000e+02 1.072328039378546210e-03 2.144656078757092854e-03
6.820000000000000000e+02 1.092604650371908730e-03 2.185209300743817893e-03
6.830000000000000000e+02 1.113295249372365896e-03 2.226590498744732659e-03
6.840000000000000000e+02 1.134408823439910820e-03 2.268817646879822073e-03
6.850000000000000000e+02 1.155954565132176785e-03 2.311909130264354004e-03
6.860000000000000000e+02 1.177941877421250297e-03 2.355883754842501027e-03
6.870000000000000000e+02 1.200380378732988571e-03 2.400760757465978008e-03
6.880000000000000000e+02 1.223279908111968512e-03 2.446559816223937891e-03
6.890000000000000000e+02 1.246650530515346035e-03 2.493301061030692937e-03
6.900000000000000000e+02 1.270502542238963759e-03 2.541005084477928385e-03
6.910000000000000000e+02 1.294846476479113214e-03 2.589692952958226862e-03
6.920000000000000000e+02 1.319693109033468056e-03 2.639386218066936546e-03
6.930000000000000000e+02 1.345053464144842486e-03 2.690106928289685839e-03
6.940000000000000000e+02 1.370938820491410855e-03 2.741877640982822145e-03
6.950000000000000000e+02 1.397360717327271852e-03 2.794721434654544572e-03
6.960000000000000000e+02 1.424330960777200981e-03 2.848661921554402829e-03
6.970000000000000000e+02 1.451861630289671403e-03 2.903723260579343674e-03
6.980000000000000000e+02 1.479965085252192428e-03 2.959930170504385723e-03
6.990000000000000000e+02 1.508653971773281409e-03 3.017307943546563686e-03
7.000000000000000000e+02 1.537941229635347547e-03 3.075882459270695962e-03
7.010000000000000000e+02 1.567840099422991790e-03 3.135680198845984448e-03
7.020000000000000000e+02 1.598364129831310754e-03 3.196728259662622376e-03
7.030000000000000000e+02 1.629527185158880604e-03 3.259054370317762076e-03
7.040000000000000000e+02 1.661343452990307178e-03 3.322686905980615224e-03
7.050000000000000000e+02 1.693827452073268540e-03 3.387654904146537947e-03
7.060000000000000000e+02 1.726994040395178663e-03 3.453988080790358194e-03
7.070000000000000000e+02 1.760858423464710691e-03 3.521716846929422249e-03
7.080000000000000000e+02 1.795436162803539610e-03 3.590872325607080088e-03
7.090000000000000000e+02 1.830743184653876084e-03 3.661486369307753036e-03
7.100000000000000000e+02 1.866795788907431222e-03 3.733591577814863310e-03
7.110000000000000000e+02 1.903610658261678046e-03 3.807221316523356960e-03
7.120000000000000000e+02 1.941204867609372777e-03 3.882409735218746421e-03
7.130000000000000000e+02 1.979595893667527359e-03 3.959191787335056452e-03
7.140000000000000000e+02 2.018801624852130296e-03 4.037603249704261460e-03
7.150000000000000000e+02 2.058840371405106472e-03 4.117680742810213811e-03
7.160000000000000000e+02 2.099730875780242770e-03 4.199461751560486407e-03
7.170000000000000000e+02 2.141492323294858380e-03 4.282984646589717628e-03
7.180000000000000000e+02 2.184144353054335175e-03 4.368288706108671218e-03
7.190000000000000000e+02 2.227707069156691869e-03 4.455414138313384606e-03
7.200000000000000000e+02 2.272201052184672550e-03 4.544402104369345968e-03
7.210000000000000000e+02 2.317647370992974125e-03 4.635294741985949984e-03
7.220000000000000000e+02 2.364067594798470104e-03 4.728135189596941942e-03
7.230000000000000000e+02 2.411483805581453831e-03 4.822967611162908529e-03
7.240000000000000000e+02 2.459918610806270320e-03 4.919837221612541507e-03
7.250000000000000000e+02 2.509395156469766599e-03 5.018790312939534065e-03
7.260000000000000000e+02 2.559937140486345623e-03 5.119874280972692981e-03
7.270000000000000000e+02 2.611568826418625682e-03 5.223137652837252232e-03
7.280000000000000000e+02 2.664315057562897590e-03 5.328630115125796915e-03
7.290000000000000000e+02 2.718201271398925419e-03 5.436402542797851706e-03
7.300000000000000000e+02 2.773253514413813892e-03 5.546507028827629519e-03
7.310000000000000000e+02 2.829498457309938351e-03 5.658996914619877569e-03
7.320000000000000000e+02 2.886963410607318314e-03 5.773926821214638364e-03
7.330000000000000000e+02 2.945676340650915399e-03 5.891352681301832532e-03
7.340000000000000000e+02 3.005665886033832054e-03 6.011331772067664975e-03
7.350000000000000000e+02 3.066961374447522894e-03 6.133922748895047523e-03
7.360000000000000000e+02 3.129592839970535886e-03 6.259185679941072639e-03
7.370000000000000000e+02 3.193591040807595548e-03 6.387182081615192832e-03
7.380000000000000000e+02 3.258987477491152602e-03 6.517974954982306939e-03
7.390000000000000000e+02 3.325814411557874873e-03 6.651628823115751481e-03
7.400000000000000000e+02 3.394104884712938544e-03 6.788209769425878823e-03
7.410000000000000000e+02 3.463892738495211697e-03 6.927785476990425129e-03
7.420000000000000000e+02 3.535212634456994137e-03 7.070425268913990008e-03
7.430000000000000000e+02 3.608100074872143577e-03 7.216200149744288889e-03
7.440000000000000000e+02 3.682591423986907031e-03 7.365182847973815797e-03
7.450000000000000000e+02 3.758723929828267606e-03 7.517447859656536946e-03
7.460000000000000000e+02 3.836535746584800784e-03 7.673071493169603303e-03
7.470000000000000000e+02 3.916065957575665286e-03 7.832131915151332308e-03
7.480000000000000000e+02 3.997354598823701401e-03 7.994709197647404536e-03
7.490000000000000000e+02 4.080442683249059857e-03 8.160885366498121449e-03
7.500000000000000000e+02 4.165372225500238793e-03 8.330744451000479320e-03
7.510000000000000000e+02 4.252186267439912910e-03 8.504372534879827555e-03
7.520000000000000000e+02 4.340928904303435060e-03 8.681857808606873589e-03
7.530000000000000000e+02 4.431645311548308534e-03 8.863290623096618803e-03
7.540000000000000000e+02 4.524381772413534238e-03 9.048763544827070210e-03
7.550000000000000000e+02 4.619185706208222587e-03 9.238371412416448644e-03
7.560000000000000000e+02 4.716105697349506215e-03 9.432211394699015899e-03
7.570000000000000000e+02 4.815191525170079215e-03 9.630383050340160164e-03
7.580000000000000000e+02 4.916494194516667082e-03 9.832988389033335899e-03
7.590000000000000000e+02 5.020065967160982148e-03 1.004013193432196777e-02
7.600000000000000000e+02 5.125960394045511216e-03 1.025192078809102590e-02
7.610000000000000000e+02 5.234232348387045028e-03 1.046846469677409353e-02
7.620000000000000000e+02 5.344938059661612922e-03 1.068987611932322931e-02
7.630000000000000000e+02 5.458135148494914525e-03 1.091627029698983078e-02
7.640000000000000000e+02 5.573882662483395888e-03 1.114776532496679351e-02
7.650000000000000000e+02 5.692241112971396788e-03 1.138448222594279705e-02
7.660000000000000000e+02 5.813272512810957297e-03 1.162654502562191633e-02
7.670000000000000000e+02 5.937040415131229071e-03 1.187408083026246161e-02
7.680000000000000000e+02 6.063609953145503682e-03 1.212721990629100910e-02
7.690000000000000000e+02 6.193047881024491344e-03 1.238609576204898616e-02
7.700000000000000000e+02 6.325422615865431385e-03 1.265084523173086624e-02
7.710000000000000000e+02 6.460804280787261177e-03 1.292160856157452409e-02
7.720000000000000000e+02 6.599264749183170013e-03 1.319852949836634176e-02
7.730000000000000000e+02 6.740877690162648539e-03 1.348175538032530055e-02
7.740000000000000000e+02 6.885718615215956177e-03 1.377143723043191582e-02
7.750000000000000000e+02 7.033864926135082601e-03 1.406772985227016867e-02
7.760000000000000000e+02 7.185395964226102411e-03 1.437079192845220829e-02
7.770000000000000000e+02 7.340393060848927204e-03 1.468078612169785788e-02
7.780000000000000000e+02 7.498939589321252860e-03 1.499787917864250919e-02
7.790000000000000000e+02 7.661121018225034232e-03 1.532224203645007193e-02
7.800000000000000000e+02 7.827024966154371918e-03 1.565404993230874731e-02
7.810000000000000000e+02 7.996741257945078410e-03 1.599348251589016376e-02
7.820000000000000000e+02 8.170361982427555222e-03 1.634072396485511391e-02
7.830000000000000000e+02 8.347981551745370724e-03 1.669596310349074492e-02
7.840000000000000000e+02 8.529696762283347361e-03 1.705939352456669819e-02
7.850000000000000000e+02 8.715606857250533454e-03 1.743121371450107038e-02
7.860000000000000000e+02 8.905813590964112986e-03 1.781162718192822944e-02
7.870000000000000000e+02 9.100421294882234113e-03 1.820084258976447170e-02
7.880000000000000000e+02 9.299536945434746724e-03 1.859907389086949692e-02
7.890000000000000000e+02 9.503270233702506425e-03 1.900654046740501632e-02
7.900000000000000000e+02 9.711733636997068111e-03 1.942346727399414316e-02
7.910000000000000000e+02 9.925042492394512555e-03 1.985008498478903205e-02
7.920000000000000000e+02 1.014331507227815218e-02 2.028663014455630784e-02
7.930000000000000000e+02 1.036667266194718322e-02 2.073334532389437337e-02
7.940000000000000000e+02 1.059523963934917885e-02 2.119047927869836465e-02
7.950000000000000000e+02 1.082914355699673981e-02 2.165828711399348655e-02
7.960000000000000000e+02 1.106851522612972705e-02 2.213703045225946103e-02
7.970000000000000000e+02 1.131348880318701691e-02 2.262697760637404076e-02
7.980000000000000000e+02 1.156420187865283417e-02 2.312840375730567180e-02
7.990000000000000000e+02 1.182079556834495990e-02 2.364159113668992673e-02
8.000000000000000000e+02 1.208341460721445992e-02 2.416682921442892679e-02
8.010000000000000000e+02 1.235220744572759245e-02 2.470441489145518837e-02
8.020000000000000000e+02 1.262732634890398505e-02 2.525465269780797356e-02
8.030000000000000000e+02 1.290892749808590645e-02 2.581785499617181637e-02
8.040000000000000000e+02 1.319717109551669411e-02 2.639434219103339516e-02
8.050000000000000000e+02 1.349222147180848159e-02 2.698444294361696666e-02
8.060000000000000000e+02 1.379424719638124019e-02 2.758849439276248386e-02
8.070000000000000000e+02 1.410342119095789673e-02 2.820684238191580040e-02
8.080000000000000000e+02 1.441992084620320053e-02 2.883984169240640799e-02
8.090000000000000000e+02 1.474392814159553901e-02 2.948785628319108496e-02
8.100000000000000000e+02 1.507562976862468138e-02 3.015125953724936969e-02
8.110000000000000000e+02 1.541521725741020615e-02 3.083043451482041925e-02
8.120000000000000000e+02 1.576288710683887428e-02 3.152577421367775551e-02
8.130000000000000000e+02 1.611884091832148022e-02 3.223768183664296738e-02
8.140000000000000000e+02 1.648328553327363041e-02 3.296657106654727470e-02
8.150000000000000000e+02 1.685643317442645644e-02 3.371286634885291983e-02
8.160000000000000000e+02 1.723850159107800234e-02 3.447700318215601162e-02
8.170000000000000000e+02 1.762971420839836226e-02 3.525942841679673145e-02
8.180000000000000000e+02 1.803030028090514200e-02 3.606060056181029094e-02
8.190000000000000000e+02 1.844049505022955088e-02 3.688099010045911563e-02
8.200000000000000000e+02 1.886053990729663274e-02 3.772107981459327242e-02
8.210000000000000000e+02 1.929068255904677759e-02 3.858136511809356212e-02
8.220000000000000000e+02 1.973117719983031454e-02 3.946235439966063602e-02
8.230000000000000000e+02 2.018228468760915190e-02 4.036456937521831767e-02
8.240000000000000000e+02 2.064427272510575839e-02 4.128854545021152372e-02
8.250000000000000000e+02 2.111741604604113268e-02 4.223483209208227923e-02
8.260000000000000000e+02 2.160199660661072524e-02 4.320399321322146435e-02
8.270000000000000000e+02 2.209830378234869594e-02 4.419660756469739882e-02
8.280000000000000000e+02 2.260663457053805128e-02 4.521326914107611644e-02
8.290000000000000000e+02 2.312729379832683188e-02 4.625458759665367070e-02
8.300000000000000000e+02 2.366059433671634585e-02 4.732118867343269863e-02
8.310000000000000000e+02 2.420685732059238079e-02 4.841371464118477547e-02
8.320000000000000000e+02 2.476641237497526765e-02 4.953282474995054918e-02
8.330000000000000000e+02 2.533959784766933940e-02 5.067919569533868573e-02
8.340000000000000000e+02 2.592676104849932911e-02 5.185352209699867210e-02
8.350000000000000000e+02 2.652825849532485306e-02 5.305651699064971305e-02
8.360000000000000000e+02 2.714445616703146935e-02 5.428891233406295258e-02
8.370000000000000000e+02 2.777572976370183341e-02 5.555145952740368070e-02
8.380000000000000000e+02 2.842246497417750747e-02 5.684492994835502883e-02
8.390000000000000000e+02 2.908505775122637721e-02 5.817011550245276830e-02
8.400000000000000000e+02 2.976391459454023891e-02 5.952782918908049170e-02
8.410000000000000000e+02 3.045945284179024659e-02 6.091890568358050706e-02
8.420000000000000000e+02 3.117210096797825084e-02 6.234420193595651555e-02
8.430000000000000000e+02 3.190229889332607538e-02 6.380459778665216464e-02
8.440000000000000000e+02 3.265049829995494979e-02 6.530099659990991345e-02
8.450000000000000000e+02 3.341716295761203853e-02 6.683432591522409094e-02
8.460000000000000000e+02 3.420276905871232759e-02 6.840553811742466905e-02
8.470000000000000000e+02 3.500780556296772400e-02 7.001561112593546188e-02
8.480000000000000000e+02 3.583277455188847022e-02 7.166554910377695431e-02
8.490000000000000000e+02 3.667819159344580526e-02 7.335638318689162440e-02
8.500000000000000000e+02 3.754458611719781874e-02 7.508917223439566524e-02
8.510000000000000000e+02 3.843250180018627921e-02 7.686500360037257229e-02
8.520000000000000000e+02 3.934249696392298073e-02 7.868499392784598923e-02
8.530000000000000000e+02 4.027514498279497618e-02 8.055028996558996623e-02
8.540000000000000000e+02 4.123103470422514322e-02 8.246206940845031419e-02
8.550000000000000000e+02 4.221077088093811575e-02 8.442154176187624537e-02
8.560000000000000000e+02 4.321497461568878790e-02 8.642994923137758967e-02
8.570000000000000000e+02 4.424428381882595379e-02 8.848856763765192146e-02
8.580000000000000000e+02 4.529935367906917643e-02 9.059870735813838061e-02
8.590000000000000000e+02 4.638085714789445813e-02 9.276171429578894401e-02
8.600000000000000000e+02 4.748948543793241051e-02 9.497897087586483489e-02
8.610000000000000000e+02 4.862594853579628451e-02 9.725189707159258290e-02
8.620000000000000000e+02 4.979097572976953767e-02 9.958195145953910310e-02
8.630000000000000000e+02 5.098531615279718737e-02 1.019706323055943886e-01
8.640000000000000000e+02 5.220973934123699506e-02 1.044194786824740179e-01
8.650000000000000000e+02 5.346503580984096615e-02 1.069300716196819601e-01
8.660000000000000000e+02 5.475201764345346417e-02 1.095040352869069561e-01
8.670000000000000000e+02 5.607151910592440835e-02 1.121430382118488445e-01
8.680000000000000000e+02 5.742439726675527267e-02 1.148487945335105731e-01
8.690000000000000000e+02 5.881153264600701147e-02 1.176230652920140507e-01
8.700000000000000000e+02 6.023382987801888244e-02 1.204676597560377926e-01
8.710000000000000000e+02 6.169221839450286793e-02 1.233844367890057636e-01
8.720000000000000000e+02 6.318765312759450081e-02 1.263753062551890294e-01
8.730000000000000000e+02 6.472111523346110729e-02 1.294422304669222423e-01
8.740000000000000000e+02 6.629361283708583297e-02 1.325872256741716937e-01
8.750000000000000000e+02 6.790618179886398487e-02 1.358123635977279975e-01
8.760000000000000000e+02 6.955988650367012083e-02 1.391197730073402694e-01
8.770000000000000000e+02 7.125582067307269230e-02 1.425116413461454123e-01
8.780000000000000000e+02 7.299510820139552825e-02 1.459902164027910842e-01
8.790000000000000000e+02 7.477890401634516848e-02 1.495578080326903647e-01
8.800000000000000000e+02 7.660839496494778467e-02 1.532167899298955971e-01
8.810000000000000000e+02 7.848480072556041076e-02 1.569696014511208493e-01
8.820000000000000000e+02 8.040937474674683672e-02 1.608187494934937289e-01
8.830000000000000000e+02 8.238340521383041848e-02 1.647668104276608647e-01
8.840000000000000000e+02 8.440821604396425704e-02 1.688164320879285418e-01
8.850000000000000000e+02 8.648516791058449837e-02 1.729703358211690245e-01
8.860000000000000000e+02 8.861565929813626508e-02 1.772313185962725857e-01
8.870000000000000000e+02 9.080112758799639694e-02 1.816022551759928494e-01
8.880000000000000000e+02 9.304305017653838328e-02 1.860861003530768221e-01
8.890000000000000000e+02 9.534294562631824566e-02 1.906858912526365468e-01
8.900000000000000000e+02 9.770237485139296463e-02 1.954047497027859848e-01
8.910000000000000000e+02 1.001229423378083017e-01 2.002458846756166588e-01
8.920000000000000000e+02 1.026062974003313505e-01 2.052125948006627287e-01
8.930000000000000000e+02 1.051541354765342245e-01 2.103082709530685046e-01
8.940000000000000000e+02 1.077681994593688297e-01 2.155363989187377149e-01
8.950000000000000000e+02 1.104502810694110992e-01 2.209005621388222540e-01
8.960000000000000000e+02 1.132022222679890111e-01 2.264044445359780777e-01
8.970000000000000000e+02 1.160259167124436663e-01 2.320518334248873604e-01
8.980000000000000000e+02 1.189233112548197802e-01 2.378466225096396158e-01
8.990000000000000000e+02 1.218964074853123858e-01 2.437928149706248271e-01
9.000000000000000000e+02 1.249472633218480511e-01 2.498945266436961576e-01
9.010000000000000000e+02 1.280779946472146158e-01 2.561559892944292871e-01
9.020000000000000000e+02 1.312907769952037507e-01 2.625815539904075568e-01
9.030000000000000000e+02 1.345878472872728548e-01 2.691756945745457652e-01
9.040000000000000000e+02 1.379715056212835744e-01 2.759430112425672044e-01
9.050000000000000000e+02 1.414441171139192432e-01 2.828882342278385420e-01
9.060000000000000000e+02 1.450081137984392532e-01 2.900162275968785619e-01
9.070000000000000000e+02 1.486659965794768501e-01 2.973319931589538112e-01
9.080000000000000000e+02 1.524203372466425843e-01 3.048406744932852241e-01
9.090000000000000000e+02 1.562737805487521003e-01 3.125475610975042562e-01
9.100000000000000000e+02 1.602290463305511836e-01 3.204580926611024227e-01
9.110000000000000000e+02 1.642889317338769029e-01 3.285778634677539167e-01
9.120000000000000000e+02 1.684563134652467542e-01 3.369126269304936194e-01
9.130000000000000000e+02 1.727341501319391848e-01 3.454683002638784250e-01
9.140000000000000000e+02 1.771254846486887691e-01 3.542509692973776492e-01
9.150000000000000000e+02 1.816334467171897560e-01 3.632668934343796230e-01
9.160000000000000000e+02 1.862612553806712590e-01 3.725225107613426290e-01
9.170000000000000000e+02 1.910122216558766406e-01 3.820244433117533367e-01
9.180000000000000000e+02 1.958897512448589395e-01 3.917795024897179901e-01
9.190000000000000000e+02 2.008973473290784628e-01 4.017946946581570367e-01
9.200000000000000000e+02 2.060386134483655485e-01 4.120772268967312080e-01
9.210000000000000000e+02 2.113172564673989617e-01 4.226345129347980345e-01
9.220000000000000000e+02 2.167370896324306573e-01 4.334741792648614256e-01
9.230000000000000000e+02 2.223020357210785392e-01 4.446040714421571893e-01
9.240000000000000000e+02 2.280161302880934771e-01 4.560322605761870651e-01
9.250000000000000000e+02 2.338835250101098939e-01 4.677670500202198989e-01
9.260000000000000000e+02 2.399084911324718128e-01 4.798169822649437366e-01
9.270000000000000000e+02 2.460954230213417970e-01 4.921908460426837051e-01
9.280000000000000000e+02 2.524488418243887589e-01 5.048976836487776287e-01
9.290000000000000000e+02 2.589733992434687382e-01 5.179467984869375874e-01
9.300000000000000000e+02 2.656738814228054024e-01 5.313477628456109159e-01
9.310000000000000000e+02 2.725552129563187931e-01 5.451104259126376972e-01
9.320000000000000000e+02 2.796224610178313363e-01 5.592449220356627837e-01
9.330000000000000000e+02 2.868808396180322351e-01 5.737616792360645812e-01
9.340000000000000000e+02 2.943357139921983778e-01 5.886714279843968667e-01
9.350000000000000000e+02 3.019926051227722064e-01 6.039852102455445237e-01
9.360000000000000000e+02 3.098571944010816148e-01 6.197143888021633407e-01
9.370000000000000000e+02 3.179353284325747708e-01 6.358706568651496527e-01
9.380000000000000000e+02 3.262330239901130580e-01 6.524660479802263380e-01
9.390000000000000000e+02 3.347564731200023402e-01 6.695129462400047915e-01
9.400000000000000000e+02 3.435120484056071177e-01 6.870240968112143465e-01
9.410000000000000000e+02 3.525063083935162100e-01 7.050126167870326421e-01
9.420000000000000000e+02 3.617460031874437099e-01 7.234920063748876418e-01
9.430000000000000000e+02 3.712380802151592496e-01 7.424761604303187212e-01
9.440000000000000000e+02 3.809896901739557862e-01 7.619793803479117944e-01
9.450000000000000000e+02 3.910081931603174299e-01 7.820163863206349708e-01
9.460000000000000000e+02 4.013011649896629507e-01 8.026023299793261234e-01
9.470000000000000000e+02 4.118764037121864230e-01 8.237528074243730680e-01
9.480000000000000000e+02 4.227419363310625511e-01 8.454838726621253242e-01
9.490000000000000000e+02 4.339060257294476974e-01 8.678120514588956169e-01
9.500000000000000000e+02 4.453771778129541059e-01 8.907543556259084339e-01
9.510000000000000000e+02 4.571641488744561665e-01 9.143282977489124441e-01
9.520000000000000000e+02 4.692759531883408108e-01 9.385519063766818437e-01
9.530000000000000000e+02 4.817218708415359485e-01 9.634437416830721190e-01
9.540000000000000000e+02 4.945114558088837819e-01 9.890229116177677859e-01
9.550000000000000000e+02 5.076545442806871256e-01 1.015309088561374473e+00
9.560000000000000000e+02 5.211612632505104870e-01 1.042322526501021196e+00
9.570000000000000000e+02 5.350420393715635825e-01 1.070084078743127387e+00
9.580000000000000000e+02 5.493076080903137592e-01 1.098615216180627741e+00
9.590000000000000000e+02 5.639690230661905668e-01 1.127938046132381356e+00
9.600000000000000000e+02 5.790376658866149828e-01 1.158075331773230188e+00
9.610000000000000000e+02 5.945252560868129477e-01 1.189050512173626339e+00
9.620000000000000000e+02 6.104438614842602195e-01 1.220887722968520661e+00
9.630000000000000000e+02 6.268059088378468147e-01 1.253611817675694073e+00
9.640000000000000000e+02 6.436241948422676273e-01 1.287248389684535477e+00
9.650000000000000000e+02 6.609118974684279335e-01 1.321823794936856311e+00
9.660000000000000000e+02 6.786825876610342867e-01 1.357365175322069017e+00
9.670000000000000000e+02 6.969502414049206784e-01 1.393900482809841579e+00
9.680000000000000000e+02 7.157292521720071132e-01 1.431458504344014671e+00
9.690000000000000000e+02 7.350344437612330584e-01 1.470068887522466561e+00
9.700000000000000000e+02 7.548810835441661649e-01 1.509762167088332774e+00
9.710000000000000000e+02 7.752848961294284136e-01 1.550569792258857049e+00
9.720000000000000000e+02 7.962620774595360329e-01 1.592524154919072510e+00
9.730000000000000000e+02 8.178293093541726400e-01 1.635658618708345502e+00
9.740000000000000000e+02 8.400037745143887902e-01 1.680007549028778024e+00
9.750000000000000000e+02 8.628031720027099505e-01 1.725606344005420345e+00
9.760000000000000000e+02 8.862457332146214117e-01 1.772491466429243046e+00
9.770000000000000000e+02 9.103502383574526569e-01 1.820700476714905758e+00
9.780000000000000000e+02 9.351360334531197971e-01 1.870272066906240038e+00
9.790000000000000000e+02 9.606230478818870155e-01 1.921246095763774475e+00
9.800000000000000000e+02 9.868318124847109685e-01 1.973663624969422381e+00
9.810000000000000000e+02 1.013783478242450631e+00 2.027566956484901706e+00
9.820000000000000000e+02 1.041499835550776520e+00 2.082999671101553485e+00
9.830000000000000000e+02 1.070003334110224191e+00 2.140006668220449271e+00
9.840000000000000000e+02 1.099317103451574518e+00 2.198634206903149479e+00
9.850000000000000000e+02 1.129464974117267317e+00 2.258929948234535079e+00
9.860000000000000000e+02 1.160471499520467686e+00 2.320942999040935817e+00
9.870000000000000000e+02 1.192361978503840847e+00 2.384723957007682138e+00
9.880000000000000000e+02 1.225162478621186546e+00 2.450324957242373536e+00
9.890000000000000000e+02 1.258899860165454632e+00 2.517799720330909707e+00
9.900000000000000000e+02 1.293601800967858928e+00 2.587203601935718300e+00
9.910000000000000000e+02 1.329296821993324329e+00 2.658593643986649546e+00
9.920000000000000000e+02 1.366014313758506571e+00 2.732028627517014030e+00
9.930000000000000000e+02 1.403784563599492996e+00 2.807569127198986880e+00
9.940000000000000000e+02 1.442638783817150605e+00 2.885277567634301654e+00
9.950000000000000000e+02 1.482609140729094888e+00 2.965218281458190663e+00
9.960000000000000000e+02 1.523728784658187063e+00 3.047457569316374570e+00
9.970000000000000000e+02 1.566031880888495431e+00 3.132063761776991306e+00
9.980000000000000000e+02 1.609553641620694142e+00 3.219107283241389172e+00
9.990000000000000000e+02 1.654330358959984926e+00 3.308660717919970740e+00
1.000000000000000000e+03 1.700399438970654931e+00 3.400798877941310749e+00
