3.200000000000000000e+01
3.700000000000000000e+01
4.200000000000000000e+01
4.700000000000000000e+01
5.200000000000000000e+01
5.700000000000000000e+01
6.200000000000000000e+01
6.700000000000000000e+01
7.200000000000000000e+01
7.700000000000000000e+01
8.200000000000000000e+01
8.700000000000000000e+01
9.200000000000000000e+01
9.700000000000000000e+01
1.040000000000000000e+02
1.130000000000000000e+02
1.220000000000000000e+02
1.310000000000000000e+02
1.400000000000000000e+02
1.490000000000000000e+02
1.580000000000000000e+02
1.670000000000000000e+02
1.760000000000000000e+02
1.850000000000000000e+02
1.940000000000000000e+02
2.030000000000000000e+02
2.120000000000000000e+02
2.210000000000000000e+02
2.300000000000000000e+02
2.390000000000000000e+02
2.480000000000000000e+02
2.570000000000000000e+02
2.660000000000000000e+02
2.750000000000000000e+02
2.840000000000000000e+02
2.930000000000000000e+02
3.020000000000000000e+02
3.110000000000000000e+02
3.200000000000000000e+02
3.290000000000000000e+02
3.380000000000000000e+02
3.470000000000000000e+02
3.560000000000000000e+02
3.650000000000000000e+02
3.740000000000000000e+02
3.830000000000000000e+02
3.920000000000000000e+02
4.010000000000000000e+02
4.100000000000000000e+02
4.190000000000000000e+02
4.280000000000000000e+02
4.370000000000000000e+02
4.460000000000000000e+02
4.550000000000000000e+02
4.640000000000000000e+02
4.730000000000000000e+02
4.820000000000000000e+02
4.910000000000000000e+02
5.000000000000000000e+02
5.090000000000000000e+02
5.180000000000000000e+02
5.270000000000000000e+02
5.360000000000000000e+02
5.450000000000000000e+02
5.540000000000000000e+02
5.630000000000000000e+02
5.720000000000000000e+02
5.810000000000000000e+02
5.900000000000000000e+02
5.990000000000000000e+02
6.080000000000000000e+02
6.170000000000000000e+02
6.260000000000000000e+02
6.350000000000000000e+02
6.440000000000000000e+02
6.530000000000000000e+02
6.620000000000000000e+02
6.710000000000000000e+02
6.800000000000000000e+02
6.890000000000000000e+02
6.980000000000000000e+02
7.070000000000000000e+02
7.160000000000000000e+02
7.250000000000000000e+02
7.340000000000000000e+02
7.430000000000000000e+02
7.520000000000000000e+02
7.610000000000000000e+02
7.700000000000000000e+02
7.790000000000000000e+02
7.880000000000000000e+02
7.970000000000000000e+02
8.060000000000000000e+02
8.150000000000000000e+02
8.240000000000000000e+02
8.330000000000000000e+02
8.420000000000000000e+02
8.510000000000000000e+02
8.600000000000000000e+02
8.690000000000000000e+02
8.780000000000000000e+02
8.870000000000000000e+02
8.960000000000000000e+02
9.050000000000000000e+02
9.140000000000000000e+02
9.230000000000000000e+02
9.320000000000000000e+02
9.410000000000000000e+02
9.500000000000000000e+02
9.590000000000000000e+02
9.680000000000000000e+02
9.770000000000000000e+02
9.860000000000000000e+02
9.950000000000000000e+02
1.004000000000000000e+03
1.013000000000000000e+03
1.022000000000000000e+03
1.031000000000000000e+03
1.040000000000000000e+03
1.049000000000000000e+03
1.058000000000000000e+03
1.067000000000000000e+03
1.076000000000000000e+03
1.085000000000000000e+03
1.094000000000000000e+03
1.103000000000000000e+03
1.112000000000000000e+03
1.121000000000000000e+03
1.130000000000000000e+03
1.139000000000000000e+03
1.148000000000000000e+03
1.157000000000000000e+03
1.166000000000000000e+03
1.175000000000000000e+03
1.184000000000000000e+03
1.193000000000000000e+03
1.202000000000000000e+03
1.211000000000000000e+03
1.220000000000000000e+03
1.229000000000000000e+03
1.238000000000000000e+03
1.247000000000000000e+03
1.256000000000000000e+03
1.265000000000000000e+03
1.274000000000000000e+03
1.283000000000000000e+03
1.292000000000000000e+03
1.301000000000000000e+03
1.310000000000000000e+03
1.319000000000000000e+03
1.328000000000000000e+03
1.337000000000000000e+03
1.346000000000000000e+03
1.355000000000000000e+03
1.364000000000000000e+03
1.373000000000000000e+03
1.382000000000000000e+03
1.391000000000000000e+03
1.400000000000000000e+03
1.409000000000000000e+03
1.418000000000000000e+03
1.427000000000000000e+03
1.436000000000000000e+03
1.445000000000000000e+03
1.454000000000000000e+03
1.463000000000000000e+03
1.472000000000000000e+03
1.481000000000000000e+03
1.490000000000000000e+03
1.499000000000000000e+03
1.512000000000000000e+03
1.529000000000000000e+03
1.546000000000000000e+03
1.563000000000000000e+03
1.580000000000000000e+03
1.597000000000000000e+03
1.614000000000000000e+03
1.631000000000000000e+03
1.648000000000000000e+03
1.665000000000000000e+03
1.682000000000000000e+03
1.699000000000000000e+03
1.716000000000000000e+03
1.733000000000000000e+03
1.750000000000000000e+03
1.767000000000000000e+03
1.784000000000000000e+03
1.801000000000000000e+03
1.818000000000000000e+03
1.835000000000000000e+03
1.852000000000000000e+03
1.869000000000000000e+03
1.886000000000000000e+03
1.903000000000000000e+03
1.920000000000000000e+03
1.937000000000000000e+03
1.954000000000000000e+03
1.971000000000000000e+03
1.988000000000000000e+03
2.005000000000000000e+03
2.030000000000000000e+03
2.063000000000000000e+03
2.096000000000000000e+03
2.129000000000000000e+03
2.162000000000000000e+03
2.195000000000000000e+03
2.228000000000000000e+03
2.261000000000000000e+03
2.294000000000000000e+03
2.327000000000000000e+03
2.360000000000000000e+03
2.393000000000000000e+03
2.426000000000000000e+03
2.459000000000000000e+03
3.200000000000000000e+01
3.700000000000000000e+01
4.200000000000000000e+01
4.700000000000000000e+01
5.200000000000000000e+01
5.700000000000000000e+01
6.200000000000000000e+01
6.700000000000000000e+01
7.200000000000000000e+01
7.700000000000000000e+01
8.200000000000000000e+01
8.700000000000000000e+01
9.200000000000000000e+01
9.700000000000000000e+01
1.040000000000000000e+02
1.130000000000000000e+02
1.220000000000000000e+02
1.310000000000000000e+02
1.400000000000000000e+02
1.490000000000000000e+02
1.580000000000000000e+02
1.670000000000000000e+02
1.760000000000000000e+02
1.850000000000000000e+02
1.940000000000000000e+02
2.030000000000000000e+02
2.120000000000000000e+02
2.210000000000000000e+02
2.300000000000000000e+02
2.390000000000000000e+02
2.480000000000000000e+02
2.570000000000000000e+02
2.660000000000000000e+02
2.750000000000000000e+02
2.840000000000000000e+02
2.930000000000000000e+02
3.020000000000000000e+02
3.110000000000000000e+02
3.200000000000000000e+02
3.290000000000000000e+02
3.380000000000000000e+02
3.470000000000000000e+02
3.560000000000000000e+02
3.650000000000000000e+02
3.740000000000000000e+02
3.830000000000000000e+02
3.920000000000000000e+02
4.010000000000000000e+02
4.100000000000000000e+02
4.190000000000000000e+02
4.280000000000000000e+02
4.370000000000000000e+02
4.460000000000000000e+02
4.550000000000000000e+02
4.640000000000000000e+02
4.730000000000000000e+02
4.820000000000000000e+02
4.910000000000000000e+02
5.000000000000000000e+02
5.090000000000000000e+02
5.180000000000000000e+02
5.270000000000000000e+02
5.360000000000000000e+02
5.450000000000000000e+02
5.540000000000000000e+02
5.630000000000000000e+02
5.720000000000000000e+02
5.810000000000000000e+02
5.900000000000000000e+02
5.990000000000000000e+02
6.080000000000000000e+02
6.170000000000000000e+02
6.260000000000000000e+02
6.350000000000000000e+02
6.440000000000000000e+02
6.530000000000000000e+02
6.620000000000000000e+02
6.710000000000000000e+02
6.800000000000000000e+02
6.890000000000000000e+02
6.980000000000000000e+02
7.070000000000000000e+02
7.160000000000000000e+02
7.250000000000000000e+02
7.340000000000000000e+02
7.430000000000000000e+02
7.520000000000000000e+02
7.610000000000000000e+02
7.700000000000000000e+02
7.790000000000000000e+02
7.880000000000000000e+02
7.970000000000000000e+02
8.060000000000000000e+02
8.150000000000000000e+02
8.240000000000000000e+02
8.330000000000000000e+02
8.420000000000000000e+02
8.510000000000000000e+02
8.600000000000000000e+02
8.690000000000000000e+02
8.780000000000000000e+02
8.870000000000000000e+02
8.960000000000000000e+02
9.050000000000000000e+02
9.140000000000000000e+02
9.230000000000000000e+02
9.320000000000000000e+02
9.410000000000000000e+02
9.500000000000000000e+02
9.590000000000000000e+02
9.680000000000000000e+02
9.770000000000000000e+02
9.860000000000000000e+02
9.950000000000000000e+02
1.004000000000000000e+03
1.013000000000000000e+03
1.022000000000000000e+03
1.031000000000000000e+03
1.040000000000000000e+03
1.049000000000000000e+03
1.058000000000000000e+03
1.067000000000000000e+03
1.076000000000000000e+03
1.085000000000000000e+03
1.094000000000000000e+03
1.103000000000000000e+03
1.112000000000000000e+03
1.121000000000000000e+03
1.130000000000000000e+03
1.139000000000000000e+03
1.148000000000000000e+03
1.157000000000000000e+03
1.166000000000000000e+03
1.175000000000000000e+03
1.184000000000000000e+03
1.193000000000000000e+03
1.202000000000000000e+03
1.211000000000000000e+03
1.220000000000000000e+03
1.229000000000000000e+03
1.238000000000000000e+03
1.247000000000000000e+03
1.256000000000000000e+03
1.265000000000000000e+03
1.274000000000000000e+03
1.283000000000000000e+03
1.292000000000000000e+03
1.301000000000000000e+03
1.310000000000000000e+03
1.319000000000000000e+03
1.328000000000000000e+03
1.337000000000000000e+03
1.346000000000000000e+03
1.355000000000000000e+03
1.364000000000000000e+03
1.373000000000000000e+03
1.382000000000000000e+03
1.391000000000000000e+03
1.400000000000000000e+03
1.409000000000000000e+03
1.418000000000000000e+03
1.427000000000000000e+03
1.436000000000000000e+03
1.445000000000000000e+03
1.454000000000000000e+03
1.463000000000000000e+03
1.472000000000000000e+03
1.481000000000000000e+03
1.490000000000000000e+03
1.499000000000000000e+03
1.512000000000000000e+03
1.529000000000000000e+03
1.546000000000000000e+03
1.563000000000000000e+03
1.580000000000000000e+03
1.597000000000000000e+03
1.614000000000000000e+03
1.631000000000000000e+03
1.648000000000000000e+03
1.665000000000000000e+03
1.682000000000000000e+03
1.699000000000000000e+03
1.716000000000000000e+03
1.733000000000000000e+03
1.750000000000000000e+03
1.767000000000000000e+03
1.784000000000000000e+03
1.801000000000000000e+03
1.818000000000000000e+03
1.835000000000000000e+03
1.852000000000000000e+03
1.869000000000000000e+03
1.886000000000000000e+03
1.903000000000000000e+03
1.920000000000000000e+03
1.937000000000000000e+03
1.954000000000000000e+03
1.971000000000000000e+03
1.988000000000000000e+03
3.200000000000000000e+01
3.700000000000000000e+01
4.200000000000000000e+01
4.700000000000000000e+01
5.200000000000000000e+01
5.700000000000000000e+01
6.200000000000000000e+01
6.700000000000000000e+01
7.200000000000000000e+01
7.700000000000000000e+01
8.200000000000000000e+01
8.700000000000000000e+01
9.200000000000000000e+01
9.700000000000000000e+01
1.040000000000000000e+02
1.130000000000000000e+02
1.220000000000000000e+02
1.310000000000000000e+02
1.400000000000000000e+02
1.490000000000000000e+02
1.580000000000000000e+02
1.670000000000000000e+02
1.760000000000000000e+02
1.850000000000000000e+02
1.940000000000000000e+02
2.030000000000000000e+02
2.120000000000000000e+02
2.210000000000000000e+02
2.300000000000000000e+02
2.390000000000000000e+02
2.480000000000000000e+02
2.570000000000000000e+02
2.660000000000000000e+02
2.750000000000000000e+02
2.840000000000000000e+02
2.930000000000000000e+02
3.020000000000000000e+02
3.110000000000000000e+02
3.200000000000000000e+02
3.290000000000000000e+02
3.380000000000000000e+02
3.470000000000000000e+02
3.560000000000000000e+02
3.650000000000000000e+02
3.740000000000000000e+02
3.830000000000000000e+02
3.920000000000000000e+02
4.010000000000000000e+02
4.100000000000000000e+02
4.190000000000000000e+02
4.280000000000000000e+02
4.370000000000000000e+02
4.460000000000000000e+02
4.550000000000000000e+02
4.640000000000000000e+02
4.730000000000000000e+02
4.820000000000000000e+02
4.910000000000000000e+02
5.000000000000000000e+02
5.090000000000000000e+02
5.180000000000000000e+02
5.270000000000000000e+02
5.360000000000000000e+02
5.450000000000000000e+02
5.540000000000000000e+02
5.630000000000000000e+02
5.720000000000000000e+02
5.810000000000000000e+02
5.900000000000000000e+02
5.990000000000000000e+02
6.080000000000000000e+02
6.170000000000000000e+02
6.260000000000000000e+02
6.350000000000000000e+02
6.440000000000000000e+02
6.530000000000000000e+02
6.620000000000000000e+02
6.710000000000000000e+02
6.800000000000000000e+02
6.890000000000000000e+02
6.980000000000000000e+02
7.070000000000000000e+02
7.160000000000000000e+02
7.250000000000000000e+02
7.340000000000000000e+02
7.430000000000000000e+02
7.520000000000000000e+02
7.610000000000000000e+02
7.700000000000000000e+02
7.790000000000000000e+02
7.880000000000000000e+02
7.970000000000000000e+02
8.060000000000000000e+02
8.150000000000000000e+02
8.240000000000000000e+02
8.330000000000000000e+02
8.420000000000000000e+02
8.510000000000000000e+02
8.600000000000000000e+02
8.690000000000000000e+02
8.780000000000000000e+02
8.870000000000000000e+02
8.960000000000000000e+02
9.050000000000000000e+02
9.140000000000000000e+02
9.230000000000000000e+02
9.320000000000000000e+02
9.410000000000000000e+02
9.500000000000000000e+02
9.590000000000000000e+02
9.680000000000000000e+02
9.770000000000000000e+02
9.860000000000000000e+02
9.950000000000000000e+02
1.004000000000000000e+03
1.013000000000000000e+03
1.022000000000000000e+03
1.031000000000000000e+03
1.040000000000000000e+03
1.049000000000000000e+03
1.058000000000000000e+03
1.067000000000000000e+03
1.076000000000000000e+03
1.085000000000000000e+03
1.094000000000000000e+03
1.103000000000000000e+03
1.112000000000000000e+03
1.121000000000000000e+03
1.130000000000000000e+03
1.139000000000000000e+03
1.148000000000000000e+03
1.157000000000000000e+03
1.166000000000000000e+03
1.175000000000000000e+03
1.184000000000000000e+03
1.193000000000000000e+03
1.202000000000000000e+03
1.211000000000000000e+03
1.220000000000000000e+03
1.229000000000000000e+03
1.238000000000000000e+03
1.247000000000000000e+03
1.256000000000000000e+03
1.265000000000000000e+03
1.274000000000000000e+03
1.283000000000000000e+03
1.292000000000000000e+03
1.301000000000000000e+03
1.310000000000000000e+03
1.319000000000000000e+03
1.328000000000000000e+03
1.337000000000000000e+03
1.346000000000000000e+03
1.355000000000000000e+03
1.364000000000000000e+03
1.373000000000000000e+03
1.382000000000000000e+03
1.391000000000000000e+03
1.400000000000000000e+03
1.409000000000000000e+03
1.418000000000000000e+03
1.427000000000000000e+03
1.436000000000000000e+03
1.445000000000000000e+03
1.454000000000000000e+03
1.463000000000000000e+03
1.472000000000000000e+03
1.481000000000000000e+03
1.490000000000000000e+03
1.499000000000000000e+03
1.512000000000000000e+03
1.529000000000000000e+03
1.546000000000000000e+03
1.563000000000000000e+03
1.580000000000000000e+03
1.597000000000000000e+03
1.614000000000000000e+03
1.631000000000000000e+03
1.648000000000000000e+03
1.665000000000000000e+03
1.682000000000000000e+03
1.699000000000000000e+03
1.716000000000000000e+03
1.733000000000000000e+03
1.750000000000000000e+03
1.767000000000000000e+03
1.784000000000000000e+03
1.801000000000000000e+03
1.818000000000000000e+03
1.835000000000000000e+03
1.852000000000000000e+03
1.869000000000000000e+03
1.886000000000000000e+03
1.903000000000000000e+03
1.920000000000000000e+03
1.937000000000000000e+03
1.954000000000000000e+03
1.971000000000000000e+03
1.988000000000000000e+03
