# units: uK_CMB^2
ell R_ell F_ell N_ell
2 0.0006946418624372375 0.0006805818109057442 1.2025811382374655e-05
3 0.00018282122230347332 0.00016569604835234213 1.3340861259350998e-05
4 9.71013484185378e-05 8.777024732280432e-05 1.1616724229166103e-05
5 4.6421804935722685e-05 3.638913379105705e-05 1.1566479804267835e-05
6 6.449536443369694e-05 5.502846721239306e-05 1.1392179276244087e-05
7 5.5850338158300246e-05 4.685706583062886e-05 1.0661789869946378e-05
8 2.8162890761511006e-05 1.8383371412022197e-05 1.099864013084927e-05
9 2.6113774351047004e-05 1.6743546650959598e-05 1.0760033491156097e-05
10 3.273197187851917e-05 2.2201941262709597e-05 1.118789931140254e-05
11 2.4261229256500936e-05 1.274451908967633e-05 1.1437489565857191e-05
12 2.57448727842338e-05 1.613145551417183e-05 1.0700584648786753e-05
13 2.149999133928945e-05 1.1107921832761484e-05 1.1175725679386765e-05
14 2.0301779730914138e-05 1.043437602161046e-05 1.0778013750253732e-05
15 2.1422847787857043e-05 1.0522985256611308e-05 1.1327878669752079e-05
16 1.824729954030611e-05 7.78368743441447e-06 1.0899049761742907e-05
17 1.8477255628692814e-05 7.76495741872235e-06 1.1071563851751769e-05
18 1.7245983814523878e-05 6.392844046252913e-06 1.1220028861712297e-05
19 1.50352206074089e-05 4.6730328316352546e-06 1.097120587536348e-05
20 1.6944549154629874e-05 6.501766738783664e-06 1.1039603864277266e-05
21 1.4877733347912285e-05 4.177648545486127e-06 1.0571192095231099e-05
22 1.4269670411559168e-05 2.9113641903611216e-06 1.1523540542496453e-05
23 1.503396540916731e-05 4.056045444927769e-06 1.117100947216006e-05
24 1.274708483133994e-05 1.8561978604248147e-06 1.0978817292499395e-05
25 1.3868129258990322e-05 3.0915464518936918e-06 1.0901649076588406e-05
26 1.2582800636141761e-05 2.0705282255617244e-06 1.0843442300015834e-05
27 1.400534529788107e-05 2.9899037142536572e-06 1.124779276890878e-05
28 1.3026727813975547e-05 1.7419158991631965e-06 1.1374836378588032e-05
29 1.3157681951035284e-05 2.3538607488959313e-06 1.1131607354905517e-05
30 1.3274190128553345e-05 2.2482710803943013e-06 1.1317372887847055e-05
31 1.267131517811664e-05 1.5987983252810593e-06 1.1292344139397993e-05
32 1.2943922403631254e-05 1.8996170266854317e-06 1.1251923100468968e-05
33 1.2536591887714488e-05 1.7070598890776117e-06 1.1085859888198463e-05
34 1.250047439011658e-05 1.81899905799203e-06 1.0955845291698888e-05
35 1.2761447641394435e-05 1.6724423856448288e-06 1.1183474778209561e-05
36 1.2651441648393026e-05 1.680261638867491e-06 1.101262754130768e-05
37 1.228388228976959e-05 1.679828816042229e-06 1.0935582257078165e-05
38 1.2166093339018774e-05 1.703406662058737e-06 1.0673465673137882e-05
39 1.2048835557733226e-05 2.222374360791756e-06 1.0221345268007934e-05
40 1.0589784918741424e-05 1.1542594585552972e-06 9.645625441865258e-06
41 1.0538766248593557e-05 1.7347283782989905e-06 9.10991272647159e-06
42 9.446540822072156e-06 9.111965586988517e-07 8.663090840513144e-06
43 8.973479167920342e-06 1.0975125849681171e-06 7.96361611695195e-06
44 8.776364140683673e-06 1.2540466905843832e-06 7.676930834877723e-06
45 8.120491620943242e-06 1.1059449779290552e-06 7.153590618672572e-06
46 7.683230124197436e-06 9.612763358739968e-07 6.894764513203661e-06
47 6.964627248759132e-06 8.530846034680459e-07 6.200757819856722e-06
48 6.676223449572773e-06 9.997865718755846e-07 5.707439117261248e-06
49 5.979891022078248e-06 7.687526745994164e-07 5.315758440923584e-06
50 5.847543529649847e-06 7.868297614494889e-07 5.147483305882102e-06
51 5.740434610342481e-06 1.0933435693408166e-06 4.74975743343528e-06
52 5.322790739345781e-06 9.263372211125372e-07 4.536074345290852e-06
53 4.95059924448786e-06 6.725468879573674e-07 4.3624966069897325e-06
54 5.063650867736247e-06 9.080483458186691e-07 4.2617624653821306e-06
55 4.669880389784863e-06 7.520769189463717e-07 3.9726960006683335e-06
56 4.800061221726504e-06 8.543893240183176e-07 3.989651316888701e-06
57 4.48928367617076e-06 6.957144800792198e-07 3.883384060608287e-06
58 4.6215702282140596e-06 9.083701872805393e-07 3.822735287302661e-06
59 4.6099097982927565e-06 8.061362137468324e-07 3.858251082770379e-06
60 4.503138452235702e-06 7.623260908504205e-07 3.82823674741946e-06
61 4.735724299085641e-06 9.182648706395816e-07 3.859013901260915e-06
62 4.2842440448945325e-06 4.34713935923243e-07 3.875330220251816e-06
63 4.576348106864102e-06 7.446100050155016e-07 3.885694711531199e-06
64 4.36837684576226e-06 5.261615612790981e-07 3.965122192163678e-06
65 4.346796779812652e-06 4.934879649645257e-07 3.899286005555651e-06
66 4.392583953115897e-06 6.501469146342976e-07 3.8177339599637184e-06
67 4.54256055312867e-06 6.525084538367407e-07 3.928007787778341e-06
68 4.554356241818646e-06 6.623978184423112e-07 3.972774305429263e-06
69 4.429792757765775e-06 5.412764661123732e-07 3.964228589068303e-06
70 4.350073021714399e-06 5.526045445276774e-07 3.885086083874197e-06
71 4.5432806266292345e-06 6.394315997762111e-07 3.968621084725431e-06
72 4.422314807992779e-06 4.6493306195258427e-07 3.963229341689468e-06
73 4.395752715739991e-06 5.283726763482529e-07 3.916882752010669e-06
74 4.335211321381703e-06 5.042811301185769e-07 3.866865852906359e-06
75 4.2510618694739746e-06 5.442645155436004e-07 3.790021173569877e-06
76 4.136108172866659e-06 4.0586220219844754e-07 3.7837635917070665e-06
77 4.146147206899181e-06 4.2165292219612797e-07 3.7753693669438072e-06
78 4.177090131328908e-06 5.496888684879653e-07 3.712256267772295e-06
79 4.2012205983096465e-06 5.41558965916744e-07 3.7075529722724748e-06
80 4.051696924637416e-06 4.925275101765206e-07 3.624489919345377e-06
81 3.9798889871573675e-06 4.4688018399713964e-07 3.5586826183320053e-06
82 3.859472737301769e-06 4.518535218115238e-07 3.4522441705571847e-06
83 3.716729156521149e-06 3.919999432248349e-07 3.3784824650715456e-06
84 3.8291802510471486e-06 4.790196987290858e-07 3.399209319574354e-06
85 3.822906293289658e-06 4.970728770296815e-07 3.3544777079105485e-06
86 3.6447698183281577e-06 4.56631946479182e-07 3.2083356860249556e-06
87 3.617789650872591e-06 5.205026274299294e-07 3.1483963650708937e-06
88 3.4927728004888776e-06 4.4435742474221237e-07 3.0761349951179464e-06
89 3.4598784478710408e-06 4.941326191904701e-07 3.0059113355177773e-06
90 3.354131079379938e-06 3.8742740383241297e-07 3.007832473300405e-06
91 3.344896757067953e-06 4.180496188448526e-07 2.930228741513201e-06
92 3.169102684281537e-06 3.6578484266657186e-07 2.824442162284946e-06
93 3.137353697341654e-06 4.188511458960664e-07 2.747742317844124e-06
94 3.1146903346085507e-06 4.6519884642202877e-07 2.7275513071593722e-06
95 3.0438718050415625e-06 3.806061036018648e-07 2.701653348024285e-06
96 3.137261858098445e-06 5.301461671653199e-07 2.6272691571956117e-06
97 3.003170935834805e-06 4.807967185667988e-07 2.568276348060105e-06
98 3.050188029340323e-06 5.299833190585675e-07 2.5593306746463623e-06
99 2.9761821407352593e-06 4.99989862200247e-07 2.4998192951030225e-06
100 2.8858585084495026e-06 4.435307358949486e-07 2.4849863972310753e-06
101 2.903271464733543e-06 5.467377844313034e-07 2.420605314710567e-06
102 2.7389925559608773e-06 4.048218920331178e-07 2.3833157658874318e-06
103 2.7025930745065243e-06 4.1236535839262733e-07 2.329646698445098e-06
104 2.8457667606756363e-06 5.588827674956845e-07 2.319861532945994e-06
105 2.7235743614211593e-06 5.152672430623851e-07 2.2557698154481642e-06
106 2.760838672888377e-06 5.623950620904184e-07 2.228077282094727e-06
107 2.6951827578448134e-06 4.785615518412255e-07 2.216943747298325e-06
108 2.5952074391830147e-06 4.4973310625987006e-07 2.1807779775519343e-06
109 2.639117542090669e-06 4.778738053251804e-07 2.1808414767106404e-06
110 2.616916238653528e-06 4.806721995812213e-07 2.1760543319895516e-06
111 2.601826212333388e-06 4.734837832130358e-07 2.1521775992299526e-06
112 2.6062785947056818e-06 4.971074099030092e-07 2.1343612521901016e-06
113 2.610901590767257e-06 4.87830021593517e-07 2.1301672639267336e-06
114 2.396085779219068e-06 3.1270018212792e-07 2.120853618108214e-06
115 2.5467941872238214e-06 4.828314651241678e-07 2.1051841190052574e-06
116 2.571798145733642e-06 4.6589750346073426e-07 2.1471947536374726e-06
117 2.518697721951508e-06 4.1886692552358363e-07 2.137715939696214e-06
118 2.5157133962973088e-06 4.114578810269676e-07 2.1361234812102337e-06
119 2.505856277253764e-06 4.343463500103126e-07 2.122773317863594e-06
120 2.5200605391326004e-06 4.179027205134557e-07 2.125522590579096e-06
121 2.6348237736956935e-06 5.433114913958133e-07 2.1542129706983116e-06
122 2.5961516102488996e-06 4.5803819415937915e-07 2.1684217794787237e-06
123 2.590796858433961e-06 4.757859770306784e-07 2.156457649668817e-06
124 2.652341996936271e-06 4.914984251409553e-07 2.202755748117138e-06
125 2.5983608268886226e-06 4.31104434238326e-07 2.201198993989053e-06
126 2.6365589582159907e-06 4.392229051152407e-07 2.200317956450687e-06
127 2.513673265476804e-06 3.671858619032259e-07 2.173052388204843e-06
128 2.5827655583992247e-06 3.9564518958486703e-07 2.2085343481646045e-06
129 2.594712854439948e-06 4.1243435044938115e-07 2.2315954614482794e-06
130 2.618292876015077e-06 4.2673460283699023e-07 2.2237948509040492e-06
131 2.626051800761155e-06 4.427409223660129e-07 2.2331952050324726e-06
132 2.5783189719558282e-06 3.6896299325902754e-07 2.2641675208187007e-06
133 2.5553980196409e-06 3.042405533220296e-07 2.2894367874540387e-06
134 2.585621404565905e-06 3.3411325339968024e-07 2.278612611656819e-06
135 2.591512930057914e-06 3.4450913798494193e-07 2.2811094861791563e-06
136 2.630845512482669e-06 3.307843340099454e-07 2.3186857858099832e-06
137 2.610662975980914e-06 3.4381006019622785e-07 2.2918803758082923e-06
138 2.524951088472973e-06 2.5060100450019654e-07 2.305847028670625e-06
139 2.6179931727276957e-06 3.171895159929802e-07 2.3313011926059175e-06
140 2.5989344767992746e-06 3.076440313746097e-07 2.313514752258393e-06
141 2.6125073752751647e-06 3.2449547681458743e-07 2.3131684173148873e-06
142 2.519764002359065e-06 2.2353204930749693e-07 2.3119742893135875e-06
143 2.6351361137867136e-06 3.255534921905484e-07 2.326968959317708e-06
144 2.6596244568470525e-06 3.639687371029674e-07 2.32063147017177e-06
145 2.5882764358053488e-06 2.7281610449798796e-07 2.343840858786062e-06
146 2.565065631217962e-06 2.608655380897455e-07 2.3269028878020526e-06
147 2.640800562058982e-06 3.192103950539465e-07 2.3417841779484163e-06
148 2.5910934088543884e-06 2.958702934804044e-07 2.312383319932252e-06
149 2.5770037211530715e-06 2.81574158953566e-07 2.323270604123318e-06
150 2.5398331740446413e-06 2.6608128821655967e-07 2.3086295236165166e-06
151 2.5469708364469513e-06 2.800412988700686e-07 2.2889731273923813e-06
152 2.605591544258446e-06 2.942883849810623e-07 2.339872810399536e-06
153 2.535705795994775e-06 2.589076455791407e-07 2.301282895074193e-06
154 2.5515764929253917e-06 2.646879150235395e-07 2.313707344815971e-06
155 2.4512731493364403e-06 2.3069917447838178e-07 2.2417593734749595e-06
156 2.425788181851933e-06 1.954649900148018e-07 2.259484778571647e-06
157 2.4792179529286944e-06 2.53950192952029e-07 2.2470087115452827e-06
158 2.443230744545047e-06 2.557497522411767e-07 2.220107279888188e-06
159 2.4150025230514976e-06 2.400233473505605e-07 2.196434572565262e-06
160 2.4181200504452186e-06 2.562187082184803e-07 2.1826558795867033e-06
161 2.426949894291094e-06 2.57035472599103e-07 2.1978533833702916e-06
162 2.411929407708443e-06 2.5476938848508746e-07 2.1802932364983397e-06
163 2.4030976923745427e-06 2.980565672224851e-07 2.1391894494516968e-06
164 2.400721380570154e-06 2.981624974155911e-07 2.1449266668888725e-06
165 2.3923252400555285e-06 3.0010532221895926e-07 2.1180302432570533e-06
166 2.373280565509781e-06 2.83925297462165e-07 2.106682147443147e-06
167 2.3441399746925385e-06 2.569448789120574e-07 2.1077173304501795e-06
168 2.2739544575339162e-06 2.548543925794329e-07 2.060084685697547e-06
169 2.3165230180563447e-06 2.6291995827853364e-07 2.0704853085396112e-06
170 2.2148948140795074e-06 2.2468428597778374e-07 2.028442121404967e-06
171 2.2075002972436687e-06 2.2213579797471017e-07 2.0180334642357473e-06
172 2.2176105773909763e-06 2.6408882420721576e-07 1.973712595463084e-06
173 2.2041347534710833e-06 2.552756692429037e-07 1.972059303620146e-06
174 2.1508459072633303e-06 2.6315930493612387e-07 1.922884412988869e-06
175 2.169260406944371e-06 2.646469321283757e-07 1.92669763006527e-06
176 2.125785476467159e-06 2.4979300990256186e-07 1.9067589104713109e-06
177 2.119643852695592e-06 2.4099864104818177e-07 1.8943899556391587e-06
178 2.0847924776865266e-06 2.2255165833286362e-07 1.879181719366453e-06
179 2.0806274757028593e-06 2.4132856572921976e-07 1.857276855833616e-06
180 2.0476750496517545e-06 2.2359398498829473e-07 1.8460441847338104e-06
181 2.038210859968345e-06 2.1997738712510103e-07 1.8218787547647728e-06
182 2.036706141329351e-06 2.610146387760865e-07 1.7916076270891972e-06
183 1.996110722619534e-06 2.1932119348893425e-07 1.7902627456332468e-06
184 1.9953636287934032e-06 2.476578189615891e-07 1.7713224197971982e-06
185 1.9872424005753936e-06 2.7207015514396824e-07 1.7305702300639751e-06
186 1.9402596631874172e-06 2.3803913354206846e-07 1.708269550503094e-06
187 1.961129791767467e-06 2.6540282240683866e-07 1.7114096740979354e-06
188 1.877094363834156e-06 2.1348353307571943e-07 1.6858722562433426e-06
189 1.9023911103767358e-06 2.4408290399353587e-07 1.6712456954964679e-06
190 1.8552930732853896e-06 2.2183856125710131e-07 1.6504607821218217e-06
191 1.8545018215958427e-06 2.372736685494888e-07 1.6443785127698207e-06
192 1.8413387289439203e-06 2.5035127900788333e-07 1.610944942084283e-06
193 1.8711932354737967e-06 2.825697115604254e-07 1.6171822344870637e-06
194 1.7686561174417773e-06 2.2369559028852935e-07 1.565339496646243e-06
195 1.7695146329383138e-06 2.1262238365459058e-07 1.578476507748683e-06
196 1.7477194178503044e-06 1.8842067975522026e-07 1.576634129509117e-06
197 1.8057119595594496e-06 2.605536089601604e-07 1.5677700203885003e-06
198 1.7836531412646615e-06 2.5733831217067795e-07 1.5384217122269648e-06
199 1.785358184095864e-06 2.6703208311543054e-07 1.5323757524263994e-06
200 1.7678209060790206e-06 2.7566908701700594e-07 1.5108433014221926e-06
201 1.7512275721080102e-06 2.557085247790511e-07 1.5159610289167296e-06
202 1.7208797988073593e-06 2.552055332800429e-07 1.4939872630471387e-06
203 1.6890287047978567e-06 2.350736722039197e-07 1.4739515262356817e-06
204 1.7016897640818806e-06 2.473846789229962e-07 1.4793518474071907e-06
205 1.7027974229608481e-06 2.5550378314650487e-07 1.4670867485585485e-06
206 1.6788297473905634e-06 2.4043860624693237e-07 1.4520762810372426e-06
207 1.687809608475804e-06 2.632716835211813e-07 1.4472609813953894e-06
208 1.6381495812842666e-06 2.124001047009852e-07 1.4469686844718937e-06
209 1.6583350479299853e-06 2.7047446927807866e-07 1.4238061851578346e-06
210 1.6515879809203917e-06 2.3534499056575513e-07 1.4370905582496998e-06
211 1.6977647347324803e-06 2.873804377256722e-07 1.4359718614864379e-06
212 1.645288516505236e-06 2.4281082043492886e-07 1.430682412454343e-06
213 1.6527080736084755e-06 2.5250724421058995e-07 1.4146274582005497e-06
214 1.6620625491548765e-06 2.765340828111063e-07 1.4059138322300306e-06
215 1.6275649891758583e-06 2.467086457573409e-07 1.405593408753147e-06
216 1.6382529079443064e-06 2.466006351206326e-07 1.4163130023678959e-06
217 1.621195402687008e-06 2.2816144073027891e-07 1.4201211187260035e-06
218 1.6803669074051659e-06 2.9224408508184755e-07 1.408410752506906e-06
219 1.6782010446873724e-06 2.8238529989972504e-07 1.4210988202822705e-06
220 1.6712374591864356e-06 2.7442828992446456e-07 1.4160563163156742e-06
221 1.6755670862169363e-06 2.7913585327772393e-07 1.414759931874071e-06
222 1.6833892249286265e-06 2.7667694348922843e-07 1.4262636486312827e-06
223 1.6630200708597047e-06 2.614037650771528e-07 1.4135795856703288e-06
224 1.6575581156694015e-06 2.54578008605394e-07 1.4281520819241304e-06
225 1.6857945843395938e-06 2.712037877670115e-07 1.4404508124081834e-06
226 1.692480246749753e-06 2.783366735964176e-07 1.4316087511162435e-06
227 1.6638602685452615e-06 2.379746587892922e-07 1.4491294225205202e-06
228 1.7340505679655532e-06 2.8049097358472387e-07 1.4723949791069372e-06
229 1.6928696538411243e-06 2.5293663001764856e-07 1.4584855019299648e-06
230 1.7272455164663942e-06 2.9488718215764624e-07 1.4634288871297905e-06
231 1.72464987267305e-06 2.5036005341670337e-07 1.489263193916797e-06
232 1.725824020740691e-06 2.676352859103255e-07 1.4787043246197437e-06
233 1.7320248234518127e-06 2.551042776405335e-07 1.5033748202318785e-06
234 1.7751070314277535e-06 2.822777005581094e-07 1.515911604742078e-06
235 1.7259182343804107e-06 2.36103679063591e-07 1.5074042625419763e-06
236 1.7283025967510679e-06 2.3119738888625018e-07 1.514877907553334e-06
237 1.7685245816484365e-06 2.5393809196437265e-07 1.527719498811461e-06
238 1.7963963745915992e-06 2.632604340713318e-07 1.5537637035920862e-06
239 1.7708436466338466e-06 2.3627422782109565e-07 1.5510143764882947e-06
240 1.795786013361109e-06 2.3344504225400856e-07 1.5817244950995233e-06
241 1.7765870996474478e-06 2.2640415958470077e-07 1.5734580510924325e-06
242 1.784009018796998e-06 2.3137132402626736e-07 1.5863083335478277e-06
243 1.8179143171489782e-06 2.5062001115742715e-07 1.584629425316088e-06
244 1.8382530676700123e-06 2.3600847268586216e-07 1.621000780194277e-06
245 1.8330835700679492e-06 2.0680933670252265e-07 1.6425829701510296e-06
246 1.8479316030120858e-06 2.515291572925535e-07 1.6226642021608195e-06
247 1.8454158842690352e-06 2.1947694527927027e-07 1.6503055938277826e-06
248 1.8487943384391154e-06 2.2059062941454417e-07 1.651816982817823e-06
249 1.8872260985549255e-06 2.4594869625375406e-07 1.6624105938717815e-06
250 1.8837420433006762e-06 2.3762696983995192e-07 1.6740098036417415e-06
251 1.9068304164170791e-06 2.4326725195434436e-07 1.6896552796019285e-06
252 1.9018709852776676e-06 2.4491687212989884e-07 1.6872215266008353e-06
253 1.9190876660365706e-06 2.332553415699702e-07 1.7104681572068041e-06
254 1.923336665573877e-06 2.0982015303241188e-07 1.7337020702845843e-06
255 1.911271150079029e-06 1.9828467690769397e-07 1.7372690614354918e-06
256 1.929549421061406e-06 2.0924129627907028e-07 1.7494460529625893e-06
257 1.953291148989232e-06 2.2033294935871776e-07 1.754675084490825e-06
258 1.978807024985523e-06 2.2114517196626903e-07 1.773460187117831e-06
259 1.9618074132897857e-06 2.0836707303406934e-07 1.776939790211406e-06
260 1.951549587096657e-06 1.8351332357880638e-07 1.7945093560034654e-06
261 2.007575305494949e-06 2.1614056099060005e-07 1.804484280524014e-06
262 1.967917302608731e-06 1.7309798025718595e-07 1.8050251438753276e-06
263 1.9865695629272598e-06 1.7845743987021783e-07 1.8260901788888538e-06
264 1.9973253673937417e-06 1.7661257773721038e-07 1.8464381872194636e-06
265 2.020222003241309e-06 1.8288094840084503e-07 1.8524759542383403e-06
266 2.029369272580382e-06 1.7773160577549992e-07 1.8674091956892344e-06
267 2.045222642289279e-06 2.0107093093403803e-07 1.8676294592670053e-06
268 2.0652362520283154e-06 1.8577718207501714e-07 1.9007886440545447e-06
269 2.0569939704459013e-06 1.7599669517292293e-07 1.9030744582306318e-06
270 2.067916121242812e-06 1.9626008701920696e-07 1.9031527788350466e-06
271 2.047863053195451e-06 1.6663872987101341e-07 1.908917184413146e-06
272 2.118230120035143e-06 1.9868769746136429e-07 1.942737094853218e-06
273 2.106333321453541e-06 1.7209952299873313e-07 1.9582579941257334e-06
274 2.1266284355850834e-06 1.6781252365883616e-07 1.9758516059927024e-06
275 2.143073691729989e-06 1.7674240204702445e-07 1.9924450598153483e-06
276 2.139826220229355e-06 1.7253271867210625e-07 1.989153436162512e-06
277 2.157062778868787e-06 1.431702169765878e-07 2.03082680983466e-06
278 2.1600634000824113e-06 1.5189923091671606e-07 2.0288660679879187e-06
279 2.1809498110748677e-06 1.491024914765465e-07 2.050360439174251e-06
280 2.1990228743014084e-06 1.6390860890822554e-07 2.055941470245927e-06
281 2.2242102424533883e-06 1.7654618621848954e-07 2.0697500472118262e-06
282 2.2144281761757374e-06 1.4439869173942388e-07 2.0917335521741483e-06
283 2.2276092642599246e-06 1.584698770901235e-07 2.0915496654594835e-06
284 2.2565697960941785e-06 1.740014509571715e-07 2.1067975105716714e-06
285 2.2848486268049563e-06 1.6810441384578537e-07 2.1420669239569344e-06
286 2.2773337949683363e-06 1.5986324916487413e-07 2.1415964651641636e-06
287 2.2853330167783164e-06 1.6306083849158163e-07 2.1512264435695053e-06
288 2.3019972371176166e-06 1.6963802623860094e-07 2.15545175031337e-06
289 2.345267143630857e-06 1.6339174037911042e-07 2.2036084708528436e-06
290 2.3655916596072512e-06 1.7946464132190245e-07 2.2047171487693e-06
291 2.3706506262734267e-06 1.6427688843907353e-07 2.2223720779892065e-06
292 2.3748967867341437e-06 1.5690327851524044e-07 2.2414955109867536e-06
293 2.3903455598673956e-06 1.5185040198425887e-07 2.255944260635084e-06
294 2.3767650902791787e-06 1.3546314649309626e-07 2.2605501738873496e-06
295 2.4070819318561076e-06 1.40191246211116e-07 2.2890536607646817e-06
296 2.414573460603168e-06 1.4243308354302282e-07 2.301458966639306e-06
297 2.411500134732307e-06 1.4731670171407307e-07 2.295458371012484e-06
298 2.4491945114038694e-06 1.5408955728760038e-07 2.3163624365678315e-06
299 2.479544063842788e-06 1.5662620233659706e-07 2.3497565913693425e-06
300 2.5025500857790218e-06 1.5437130937429355e-07 2.3708430572983572e-06
301 2.4914886143129086e-06 1.4197988856425504e-07 2.3770765699821145e-06
302 2.500825066068366e-06 1.2703191591384125e-07 2.391540131685279e-06
303 2.52419476037184e-06 1.28525934473519e-07 2.4133200859843033e-06
304 2.536744626682148e-06 1.3649341695165825e-07 2.421370927255956e-06
305 2.541865207004062e-06 1.3925793345005755e-07 2.4234888892286133e-06
306 2.5737367201475555e-06 1.4600084749958052e-07 2.4455376786797776e-06
307 2.582009857714919e-06 1.3878647453852053e-07 2.4645336834679046e-06
308 2.582541679080029e-06 1.3323844575175716e-07 2.473495407906152e-06
309 2.6182976944861638e-06 1.3907701354679644e-07 2.4982146266429602e-06
310 2.6212867499177707e-06 1.2737354751033458e-07 2.51940846048689e-06
311 2.628068569077632e-06 1.39020901850958e-07 2.520388825364782e-06
312 2.6511997092029286e-06 1.3412739523553262e-07 2.5379543675559325e-06
313 2.634091734159014e-06 1.1963673160329075e-07 2.54114653462149e-06
314 2.6742024151114587e-06 1.1147545513561847e-07 2.5845199906510535e-06
315 2.6990639679058373e-06 1.4458540629491264e-07 2.581871138920208e-06
316 2.726016787085967e-06 1.4627532156865788e-07 2.603073083893501e-06
317 2.7140918533610435e-06 1.2443037397860984e-07 2.6085310200711283e-06
318 2.7490079783329506e-06 1.1809061743059283e-07 2.654383434131377e-06
319 2.7461436550071065e-06 1.2332004076754773e-07 2.6465969290082865e-06
320 2.785003172045051e-06 1.3187973995243873e-07 2.6792672074335175e-06
321 2.7923958340100196e-06 1.124200419172944e-07 2.706789998905697e-06
322 2.781401923716676e-06 1.1540243242536471e-07 2.6926015700748483e-06
323 2.8237450828101807e-06 1.0878118817314044e-07 2.740401032673158e-06
324 2.846730914104108e-06 1.217762150980504e-07 2.7527565633542976e-06
325 2.891050352878309e-06 1.212576729694831e-07 2.7927083928123913e-06
326 2.855257679144247e-06 1.1548168271021305e-07 2.7662157424219973e-06
327 2.8730966616130402e-06 1.0898552506241446e-07 2.793370177679394e-06
328 2.9137460110658546e-06 1.2895129860920515e-07 2.8196275734343814e-06
329 2.93669333219316e-06 1.1864686977388098e-07 2.8448468371509826e-06
330 2.9337240636921387e-06 1.1265064590733526e-07 2.8430468756235565e-06
331 2.9720673012415854e-06 1.1296128849043258e-07 2.8836693693816817e-06
332 2.9786449901261796e-06 1.1552586068403697e-07 2.892013576171384e-06
333 2.9714891059981974e-06 1.124584796496805e-07 2.879377713187826e-06
334 3.0086168493695413e-06 1.0473301237476758e-07 2.9305641503432026e-06
335 3.05642433947776e-06 1.2733233050665186e-07 2.9533644066964426e-06
336 3.0789017493336354e-06 1.2801479696126688e-07 2.984222667176373e-06
337 3.0906230460209446e-06 1.1531293390032804e-07 3.000608768508671e-06
338 3.1387505098850184e-06 1.2934362135279232e-07 3.0358144618252037e-06
339 3.120257269751302e-06 1.1250163280750151e-07 3.0308188851120308e-06
340 3.134008787820525e-06 1.1726244673475136e-07 3.041906670371474e-06
341 3.1650195012386216e-06 1.1653447214139416e-07 3.0740556162618372e-06
342 3.2058310183182116e-06 1.202326661596787e-07 3.116794341211268e-06
343 3.2042135992205725e-06 1.2653877177724708e-07 3.104776287733887e-06
344 3.2303262154248143e-06 1.2152992529260523e-07 3.1341189633793836e-06
345 3.271565000491524e-06 1.341679711106155e-07 3.1648086137941573e-06
346 3.294415492013207e-06 1.401536853615253e-07 3.1768101789615455e-06
347 3.296521820254446e-06 1.1572299378332034e-07 3.21115455906107e-06
348 3.3329890860592547e-06 1.264592355155105e-07 3.2356860833348764e-06
349 3.358732919943166e-06 1.2574084905800087e-07 3.2617993085958566e-06
350 3.3716190125467585e-06 1.1301874048921928e-07 3.2841312395685746e-06
351 3.4172271404623697e-06 1.2613731542329968e-07 3.3062452226938163e-06
352 3.4175875309707895e-06 1.2597337796189403e-07 3.319349518574117e-06
353 3.4179089975156913e-06 1.3327913783484793e-07 3.3138661741304664e-06
354 3.456003257453898e-06 1.2564619797369742e-07 3.360885603840415e-06
355 3.5031241092281247e-06 1.242924372301828e-07 3.4097889389880168e-06
356 3.521605105842502e-06 1.2784116617045911e-07 3.4239587357879936e-06
357 3.5406084083715006e-06 1.1328415039976092e-07 3.4545043016715302e-06
358 3.5699883457350756e-06 1.2199585479707923e-07 3.468796412586049e-06
359 3.5615780264544713e-06 1.265037743944847e-07 3.4652143771175265e-06
360 3.609831938959068e-06 1.2439343001949512e-07 3.517887532929413e-06
361 3.6351794583927782e-06 1.2888123537005375e-07 3.5339313168309925e-06
362 3.6796810298324134e-06 1.3542203629522704e-07 3.5730613194543846e-06
363 3.6974837197814786e-06 1.313416920019802e-07 3.6005721951312773e-06
364 3.717007815070392e-06 1.299573289300806e-07 3.618999952027125e-06
365 3.7498802512976376e-06 1.3425366062468422e-07 3.6462682368917983e-06
366 3.7693616598360162e-06 1.2749823853422268e-07 3.666426204106479e-06
367 3.7926365980039204e-06 1.2738971211437273e-07 3.696159091552391e-06
368 3.83986274734342e-06 1.3731503034429815e-07 3.741900454022382e-06
369 3.8848569777207666e-06 1.3531345536351705e-07 3.7846321672816504e-06
370 3.885630175339853e-06 1.360222077745831e-07 3.770198951978941e-06
371 3.897503064524918e-06 1.3154573516280034e-07 3.7950524706101056e-06
372 3.934585847766816e-06 1.3796301113664117e-07 3.83021892516066e-06
373 3.997495633799669e-06 1.3454877865114312e-07 3.8981785726013e-06
374 4.004304233141081e-06 1.4332164353089658e-07 3.898842387122691e-06
375 4.059308754703382e-06 1.2652248930980164e-07 3.9573749324581175e-06
376 4.100082478983441e-06 1.4858670355582415e-07 3.987450585102671e-06
377 4.111787690649368e-06 1.4319976249827144e-07 4.002364728011737e-06
378 4.125461780550388e-06 1.366055058509051e-07 4.027254735999619e-06
379 4.151510433786233e-06 1.3537281235002645e-07 4.0527263646723e-06
380 4.237935755497754e-06 1.4855951133626303e-07 4.125414296059227e-06
381 4.2831291095860944e-06 1.4435759107725073e-07 4.1730498508299634e-06
382 4.281899548184641e-06 1.4971164066950763e-07 4.1595017384333775e-06
383 4.300394105616602e-06 1.4288034739226922e-07 4.189327914607731e-06
384 4.322634985583693e-06 1.315172875357915e-07 4.226228420172127e-06
385 4.353023578363634e-06 1.3380175640154268e-07 4.257203470428175e-06
386 4.427621365580635e-06 1.392772784676925e-07 4.327514691282037e-06
387 4.421321983948001e-06 1.4266014226095422e-07 4.310453572816149e-06
388 4.523217343197366e-06 1.4517245523659275e-07 4.413454130649781e-06
389 4.547704056296122e-06 1.5627669712085167e-07 4.432145385996843e-06
390 4.538095099712329e-06 1.3437243607371251e-07 4.436649677864962e-06
391 4.563698231400292e-06 1.4337766502419018e-07 4.465219258663326e-06
392 4.617631927530053e-06 1.4750791415228705e-07 4.503768663575862e-06
393 4.67389059553614e-06 1.476895460020961e-07 4.560059949913705e-06
394 4.682661191268004e-06 1.4737181081536654e-07 4.569751796757891e-06
395 4.776824442925425e-06 1.4440643856662235e-07 4.670943753690291e-06
396 4.780041744299627e-06 1.5139885642682027e-07 4.661572815417765e-06
397 4.857258300946788e-06 1.5668254135468528e-07 4.736133225242745e-06
398 4.934475417101139e-06 1.5611060388315438e-07 4.805041665582453e-06
399 4.9604243494463755e-06 1.463216146590693e-07 4.8568007597406e-06
400 4.9674488763310145e-06 1.6107722185236313e-07 4.851357437607984e-06
401 5.024830368789431e-06 1.5615876903583195e-07 4.904203853952166e-06
402 5.047167848778099e-06 1.4875318028986968e-07 4.93788089160396e-06
403 5.118149348024431e-06 1.5989018595864335e-07 4.9910258903955075e-06
404 5.1586746909049045e-06 1.670457432709595e-07 5.029092016616927e-06
405 5.18423895434897e-06 1.6561345386983642e-07 5.06594118283489e-06
406 5.293394049102735e-06 1.6426572789411274e-07 5.164832083145257e-06
407 5.321746581266973e-06 1.6013149860457562e-07 5.204234094068703e-06
408 5.412180708880696e-06 1.7381382744453293e-07 5.2837800012531425e-06
409 5.3795171428631355e-06 1.7148108962377097e-07 5.258643739958464e-06
410 5.397818084086796e-06 1.688772086593762e-07 5.2790624156644056e-06
411 5.526409462813253e-06 1.8124143556052238e-07 5.391836933744884e-06
412 5.5202425164588875e-06 1.7992498695935668e-07 5.382305964727436e-06
413 5.594238887657646e-06 1.7663845404334048e-07 5.465679166383803e-06
414 5.625511776401964e-06 1.8896999159114217e-07 5.475023358428693e-06
415 5.693004373261862e-06 1.6687859608866117e-07 5.57145236323316e-06
416 5.722118956548698e-06 1.864112611353172e-07 5.5776846141877875e-06
417 5.836195875782846e-06 1.778008050848485e-07 5.696830624394215e-06
418 5.855903448557757e-06 1.6906473523426078e-07 5.735166078074194e-06
419 5.89353804140021e-06 1.6524167816551727e-07 5.781154123481242e-06
420 5.953334964759794e-06 1.7547071333601272e-07 5.832216045440337e-06
421 6.053407295751383e-06 1.7370169845056874e-07 5.926763531687786e-06
422 6.0963125199740385e-06 1.6660879308495512e-07 5.983745430732523e-06
423 6.221517725787424e-06 1.8199346501267198e-07 6.077149669414356e-06
424 6.1853923864597265e-06 1.870521027587348e-07 6.051416536594737e-06
425 6.246185249450085e-06 1.8826585555260462e-07 6.116302275749808e-06
426 6.345933475256483e-06 1.8612761971490214e-07 6.221895861172796e-06
427 6.365905599290426e-06 1.844961446569905e-07 6.2338543397210785e-06
428 6.446676030615555e-06 1.8044887814552895e-07 6.316901581608221e-06
429 6.485479201330925e-06 1.7679352368536705e-07 6.364331588735901e-06
430 6.594089027791467e-06 1.8662285848771358e-07 6.462361122599188e-06
431 6.6712630518619575e-06 1.7824694069750248e-07 6.5446698578395736e-06
432 6.70813860455653e-06 1.9179766991747935e-07 6.566185564583225e-06
433 6.7519997299424166e-06 1.894804909632803e-07 6.617872140948814e-06
434 6.8523652208040234e-06 1.8958861080806576e-07 6.72042649718326e-06
435 6.942015488030412e-06 1.988468736420424e-07 6.797178124853222e-06
436 6.9347188821915925e-06 1.904078302343126e-07 6.7988649962492885e-06
437 7.0553524376682645e-06 1.924939474046268e-07 6.9143118654538735e-06
438 7.027431538427291e-06 1.9102954503193515e-07 6.896653984818067e-06
439 7.17883154746367e-06 1.9305603307197468e-07 7.0510036184189545e-06
440 7.24904369592514e-06 1.900850500221199e-07 7.124053071691578e-06
441 7.311473779758781e-06 1.893412032139546e-07 7.178965477907623e-06
442 7.407989687477535e-06 2.0636598791994066e-07 7.253091906859943e-06
443 7.508939020169326e-06 2.016196253192452e-07 7.358331453169447e-06
444 7.50306650875826e-06 1.9937264632583704e-07 7.359235659534634e-06
445 7.65607894677026e-06 2.0080070928723425e-07 7.5178113921158115e-06
446 7.704662070835396e-06 1.955045882715859e-07 7.565963816057116e-06
447 7.796561193425978e-06 2.0822796667636816e-07 7.648293717554312e-06
448 7.84853508971142e-06 1.9785655100389893e-07 7.710389128691887e-06
449 7.96114681187143e-06 2.0506422609323555e-07 7.826208385268382e-06
450 8.109071981514302e-06 2.0464645626381485e-07 7.947561698707251e-06
451 8.108170418882374e-06 1.9385462335984828e-07 7.97152254505798e-06
452 8.193598660029652e-06 2.091211349643261e-07 8.046642777149787e-06
453 8.288840846958571e-06 2.0695557803228894e-07 8.159448687747844e-06
454 8.353558775771775e-06 2.2039480543635243e-07 8.203812178106247e-06
455 8.437202407262403e-06 1.9607245489456006e-07 8.306569684175208e-06
456 8.54143343971454e-06 2.1998114113631865e-07 8.40617703101228e-06
457 8.71902191409573e-06 1.9582640099477857e-07 8.575381411760787e-06
458 8.707685166308255e-06 2.1330724260624112e-07 8.56319432261225e-06
459 8.865977255358666e-06 2.0393802684654746e-07 8.724385159214145e-06
460 8.927333703545612e-06 2.2227802418540043e-07 8.761446062253555e-06
461 9.035592341583842e-06 2.0765513290325552e-07 8.91340864781513e-06
462 9.104956853639702e-06 2.193279283018535e-07 8.95206506696992e-06
463 9.166212521431116e-06 2.1192419036864598e-07 9.023229586881294e-06
464 9.250737776232584e-06 1.9807309325608294e-07 9.12426796594177e-06
465 9.333837538018313e-06 2.1278322522049017e-07 9.20059656674537e-06
466 9.462554266030064e-06 2.034779005591315e-07 9.326968218059911e-06
467 9.52917917834569e-06 2.038316030909535e-07 9.391425915509687e-06
468 9.678447525109608e-06 2.224732118443087e-07 9.540048316368239e-06
469 9.889886032046052e-06 2.1168647881983307e-07 9.761635551519095e-06
470 9.853021479727778e-06 2.1471254954614684e-07 9.727193933210142e-06
471 9.979461158601376e-06 2.1746687253839024e-07 9.83781844316619e-06
472 1.0076218774978381e-05 2.0869579802712603e-07 9.930828950873413e-06
473 1.0155954184072772e-05 2.0757433299024906e-07 1.0023643180260391e-05
474 1.0385238688622403e-05 2.068904721284754e-07 1.0251562991355802e-05
475 1.0366258771915736e-05 2.1790991095607964e-07 1.0235654300673306e-05
476 1.0562078033044766e-05 2.119137880216726e-07 1.0426889764439833e-05
477 1.0676025164854979e-05 2.0797446521825207e-07 1.0554026926555611e-05
478 1.0669874848918295e-05 2.002928223877948e-07 1.0553594112689752e-05
479 1.0758480862486046e-05 2.034878781033028e-07 1.0640863057946373e-05
480 1.0949688896665632e-05 2.021350093209365e-07 1.0849775154766766e-05
481 1.1093091488134941e-05 2.05840446790392e-07 1.0966691657256413e-05
482 1.1136142449899407e-05 2.1419069394011622e-07 1.1017286540106448e-05
483 1.1285713038857704e-05 2.0587268097846497e-07 1.1176588060812007e-05
484 1.1490287780535216e-05 1.9840396328794388e-07 1.136782941086906e-05
485 1.1477969051031752e-05 2.0310638597640186e-07 1.1363559302693819e-05
486 1.1604705700268094e-05 2.0781330868160076e-07 1.1484940172390405e-05
487 1.173100579915689e-05 2.0255542652956814e-07 1.1618527670475307e-05
488 1.1860691757335023e-05 1.972960094734162e-07 1.1761889370858004e-05
489 1.1895116134361346e-05 1.9734204319644263e-07 1.1789349687199023e-05
490 1.2086456805287323e-05 1.977235013805362e-07 1.1971816931574025e-05
491 1.2308862196217646e-05 1.9938675668941605e-07 1.2194666903564504e-05
492 1.2373567594101184e-05 1.886462790129549e-07 1.2285150913684427e-05
493 1.2498549447558145e-05 2.076508072721787e-07 1.2388513930485924e-05
494 1.261295887937359e-05 1.8962172778269822e-07 1.252523149716867e-05
495 1.2750559327245378e-05 2.10407780759754e-07 1.26352077493867e-05
496 1.2786818923998576e-05 1.8904524885256493e-07 1.2691593976899576e-05
497 1.301465567419691e-05 2.003361199389821e-07 1.2940353698450287e-05
498 1.3126652809632146e-05 1.949629005172702e-07 1.3024273470916386e-05
499 1.3154782530490815e-05 2.003349557147515e-07 1.3058820693713625e-05
500 1.3348743091373172e-05 1.9555721923377356e-07 1.3252306469155835e-05
501 1.3399342292916437e-05 2.0381055257774186e-07 1.3311389829488605e-05
502 1.3698574990227338e-05 2.1200186905065945e-07 1.357526064001349e-05
503 1.3897956641738821e-05 2.1160379397847717e-07 1.3806512113676902e-05
504 1.3856127667496684e-05 1.974680401988772e-07 1.376551054665864e-05
505 1.3981950219478843e-05 1.899255330865949e-07 1.3912065978375348e-05
506 1.4335863060469812e-05 2.0276644047613462e-07 1.4246616003812916e-05
507 1.4411516975013191e-05 2.0860154423522774e-07 1.4310755031988386e-05
508 1.4535693762509445e-05 1.9111332872655228e-07 1.4460831737331371e-05
509 1.4645790747987313e-05 1.9224075164667586e-07 1.455816722029012e-05
510 1.4873754370520965e-05 1.988430180597156e-07 1.478818706983532e-05
511 1.5023097107818282e-05 2.0242290269072424e-07 1.4922691824088782e-05
512 1.5149079715315163e-05 1.8474968762225122e-07 1.5062216757802826e-05
513 1.5382033395678176e-05 1.7863629274157003e-07 1.5302298113464507e-05
514 1.5538849682593154e-05 1.8692526975589867e-07 1.546754594357937e-05
515 1.5611534856455946e-05 1.8486691696077785e-07 1.5544573426217963e-05
516 1.5807783530456885e-05 1.7808613280009634e-07 1.5750231603980657e-05
517 1.5929972236130233e-05 1.8977850068128295e-07 1.5876615262567655e-05
518 1.609371384964937e-05 1.8912264467847506e-07 1.6029975684036174e-05
519 1.6208836918804788e-05 1.801144910805516e-07 1.6139110133481747e-05
520 1.6487663902368085e-05 1.7335206593956148e-07 1.6438615502004352e-05
521 1.6815239394144066e-05 1.701011122006935e-07 1.675783609684056e-05
522 1.6850367408266537e-05 1.760035107269082e-07 1.68079202994409e-05
523 1.6834365745125966e-05 1.7421539438245234e-07 1.6785328175567897e-05
524 1.715481838224315e-05 1.6663398598244295e-07 1.7125340118205494e-05
525 1.7423703961036157e-05 1.7074428051896358e-07 1.738141700777225e-05
526 1.759236382742096e-05 1.6917124429593548e-07 1.7561521479843343e-05
527 1.7656919537122846e-05 1.7244732643929032e-07 1.7627979698649733e-05
528 1.7809406535926246e-05 1.7760917461541e-07 1.7769593322970293e-05
529 1.800326836408294e-05 1.7065702565739252e-07 1.7965994589405255e-05
530 1.828721273757131e-05 1.7079227361769663e-07 1.8251259536127492e-05
531 1.8497211146113627e-05 1.8212824756231372e-07 1.8445085506745995e-05
532 1.875295285229114e-05 1.7306909428562086e-07 1.8722194040306075e-05
533 1.896101395791793e-05 1.8068961954770517e-07 1.893942014682966e-05
534 1.9200635288384513e-05 1.7851906312984872e-07 1.9161344715069333e-05
535 1.9329551398169085e-05 1.7444591144789228e-07 1.931197008204663e-05
536 1.941704973692409e-05 1.6482735152151726e-07 1.938418180370677e-05
537 1.985085165148162e-05 1.7736482729934458e-07 1.9825833344359577e-05
538 2.0131376911576576e-05 1.746427303404258e-07 2.0115130436815625e-05
539 2.025911857783371e-05 1.7349470849208724e-07 2.0239529765404126e-05
540 2.03063555445069e-05 1.7405745625321914e-07 2.0291076732500764e-05
541 2.0710545437642487e-05 1.7326655201050242e-07 2.0686648497060178e-05
542 2.0929887006204698e-05 1.8144114495580146e-07 2.0899345647664246e-05
543 2.111396672265256e-05 1.7291823831522445e-07 2.1103193202406555e-05
544 2.1409424437616483e-05 1.6883171578935526e-07 2.138404886273253e-05
545 2.1628699086551282e-05 1.7028796476595876e-07 2.1602563720787065e-05
546 2.1907854615176768e-05 1.773455573172553e-07 2.1863327491457717e-05
547 2.2036501515294354e-05 1.6643240395589383e-07 2.204134563141111e-05
548 2.2355730432099583e-05 1.6199858269420776e-07 2.2358907147853707e-05
549 2.2746403285118267e-05 1.7345152529800166e-07 2.2746278698082054e-05
550 2.282446983787092e-05 1.6917524036282582e-07 2.282235179196783e-05
551 2.311477457694789e-05 1.6821614290897833e-07 2.3119063248258136e-05
552 2.354742424696625e-05 1.623336179768466e-07 2.3555416368962194e-05
553 2.3696953126638563e-05 1.6872248342051226e-07 2.3708975314166724e-05
554 2.390601384920199e-05 1.618339625606013e-07 2.3918084745964326e-05
555 2.4249632532679363e-05 1.599834469707762e-07 2.4237097163309247e-05
556 2.462805382753193e-05 1.5243649006742232e-07 2.465169926756417e-05
557 2.4729960523626636e-05 1.5316340908791157e-07 2.4761675102011016e-05
558 2.5127011979792208e-05 1.6965406459196365e-07 2.5154324646101245e-05
559 2.5410309058525173e-05 1.6895605846594985e-07 2.5426412425427055e-05
560 2.576313952012068e-05 1.5924710833674797e-07 2.577631474493176e-05
561 2.5890939483964377e-05 1.6103464110890722e-07 2.5921381825439066e-05
562 2.6328738134512706e-05 1.6180739357553968e-07 2.636402917440768e-05
563 2.6565549534628242e-05 1.567545672751683e-07 2.6604549586910654e-05
564 2.6871340009716865e-05 1.721815690409301e-07 2.6891108568783033e-05
565 2.7289388847136415e-05 1.675352700304108e-07 2.730799592713371e-05
566 2.7560219289183824e-05 1.7863867794368034e-07 2.7595486556085768e-05
567 2.787560218429516e-05 1.675944600722512e-07 2.792137951114336e-05
568 2.8213721404334113e-05 1.6475466966855478e-07 2.8246354798522854e-05
569 2.844509005560145e-05 1.6769490213907864e-07 2.848117197160952e-05
570 2.881634104068161e-05 1.7018327546437756e-07 2.8859699619982284e-05
571 2.92145563052446e-05 1.5761670985333152e-07 2.9263636127302476e-05
572 2.9629451835283686e-05 1.617000924506127e-07 2.967231770244977e-05
573 3.001123179175991e-05 1.5628072481259158e-07 3.0080983676923143e-05
574 3.0411660909511025e-05 1.7069897228875813e-07 3.0472244093207028e-05
575 3.0506119222000533e-05 1.6754734183506064e-07 3.056150357150052e-05
576 3.104827605054291e-05 1.6838093485630905e-07 3.112282975568489e-05
577 3.134505294945658e-05 1.665247795387292e-07 3.139964714449228e-05
578 3.1825134977882164e-05 1.817650235883322e-07 3.18581831801381e-05
579 3.2052166230849436e-05 1.7153053390952098e-07 3.211265690583942e-05
580 3.236654880470592e-05 1.7207132162784468e-07 3.245096531288391e-05
581 3.3042578705315364e-05 1.653793146181741e-07 3.311023687513936e-05
582 3.3208290302731206e-05 1.8116166686874947e-07 3.32758162318244e-05
583 3.379609062482553e-05 1.7044282488652836e-07 3.3880366468564846e-05
584 3.433822562011661e-05 1.7676664075095326e-07 3.439120474043598e-05
585 3.4582137001795625e-05 1.78911564650519e-07 3.463012585215601e-05
586 3.482251053894113e-05 1.9215872496739405e-07 3.489292483100307e-05
587 3.549055147334035e-05 1.8465372382282356e-07 3.5554585288470554e-05
588 3.5745762726504166e-05 2.049630066281476e-07 3.580162127051438e-05
589 3.628495735784269e-05 1.957034540621247e-07 3.6335705356567124e-05
590 3.66889452357951e-05 1.849453365005619e-07 3.6765162541135565e-05
591 3.706763724340898e-05 1.7573682355854748e-07 3.717518355731812e-05
592 3.7617974171888505e-05 1.9378757564950802e-07 3.7689668428131155e-05
593 3.807048481024618e-05 1.9986435067623293e-07 3.817747649361131e-05
594 3.871807794769449e-05 2.0100239692260647e-07 3.8810063562825125e-05
595 3.9248776652788225e-05 2.000672332139483e-07 3.9352033310566936e-05
596 3.9562871407783515e-05 2.0812662766813315e-07 3.9662149428835415e-05
597 4.002684645470695e-05 2.0135308375225028e-07 4.012600919326726e-05
598 4.051298865126457e-05 2.1001213734511652e-07 4.0605217092532016e-05
599 4.0866384225559306e-05 2.0706845078434544e-07 4.094041155075205e-05
600 4.1418372736639014e-05 2.0715406655620175e-07 4.149344641140801e-05
601 4.2015675819436726e-05 2.196705894177529e-07 4.211668511132376e-05
602 4.257828727060607e-05 2.2032300905628713e-07 4.26805250542538e-05
603 4.2910046448254925e-05 2.2510840288520963e-07 4.300495185843737e-05
604 4.368688715532734e-05 2.2449658831189076e-07 4.376944770313431e-05
605 4.4089012555923977e-05 2.0910057784807892e-07 4.4204181916297766e-05
606 4.471918111766579e-05 2.3310100482515017e-07 4.483168601601146e-05
607 4.5115251086755816e-05 2.2363433547310668e-07 4.5232236065287926e-05
608 4.5713325746413175e-05 2.3534647710154742e-07 4.581613867372942e-05
609 4.6366810019546524e-05 2.25243368361099e-07 4.6500256053569764e-05
610 4.706500486020579e-05 2.3637149590791658e-07 4.715694538955355e-05
611 4.740753426098386e-05 2.4228559274781895e-07 4.748316975092914e-05
612 4.8355376374780884e-05 2.190985687253312e-07 4.8503327769472946e-05
613 4.878260907838904e-05 2.5301027346002666e-07 4.8871810965062526e-05
614 4.936228803914266e-05 2.4305631147852636e-07 4.9474360981071235e-05
615 5.008120873848605e-05 2.419944005000615e-07 5.022304034596074e-05
616 5.0539625784442045e-05 2.6885287094537544e-07 5.063403862731801e-05
617 5.130053576024478e-05 2.5838141812605155e-07 5.142996464661153e-05
618 5.1829476233777065e-05 2.7609836644752355e-07 5.1911691612166745e-05
619 5.2776790125117864e-05 2.6681643915969234e-07 5.290187600475339e-05
620 5.299557148540721e-05 2.8493080577872017e-07 5.313465984969702e-05
621 5.374219193095865e-05 2.834152855979751e-07 5.3876262328585135e-05
622 5.472217265581651e-05 2.7868549436433945e-07 5.4809155966854296e-05
623 5.524836786357879e-05 3.1912312049853517e-07 5.533938608599484e-05
624 5.571814716652371e-05 2.936137045873264e-07 5.583678473908694e-05
625 5.675327364352319e-05 3.002355642868921e-07 5.689842146508346e-05
626 5.739525925011133e-05 2.9542165937884826e-07 5.750388005321392e-05
627 5.806951518212217e-05 3.157731763657494e-07 5.8175201864899136e-05
628 5.876860856807486e-05 3.2143194464116646e-07 5.886074643157789e-05
629 5.93167905635185e-05 3.265614636202429e-07 5.9421121590310526e-05
630 6.0563070496657526e-05 3.1065193010412825e-07 6.071052556128543e-05
631 6.119453657918214e-05 3.466854808805672e-07 6.129765026857787e-05
632 6.252073264639741e-05 3.4258246354121904e-07 6.259334322936217e-05
633 6.288121453280962e-05 3.4226392080967723e-07 6.298685924260111e-05
634 6.336314937268415e-05 3.63757543801351e-07 6.345204515614684e-05
635 6.446719382196652e-05 3.8330964538448016e-07 6.45817179358986e-05
636 6.507688881606332e-05 3.6352614288419637e-07 6.5181631977694e-05
637 6.571216035321809e-05 4.0319788423990663e-07 6.574597637237668e-05
638 6.682782349123565e-05 3.571132141587483e-07 6.694573705004645e-05
639 6.794334217392766e-05 4.1977964264627755e-07 6.800030180395756e-05
640 6.878263130105586e-05 4.167364054975545e-07 6.889378379976707e-05
641 6.939243310609003e-05 4.255157661254193e-07 6.950585222496048e-05
642 7.07730097820678e-05 3.880626104899731e-07 7.085338154346146e-05
643 7.158109728880671e-05 4.0886247382458186e-07 7.164434069202182e-05
644 7.250258400795105e-05 4.1073254357914e-07 7.261955466951619e-05
645 7.351285597399604e-05 3.959588664729721e-07 7.360742897887293e-05
646 7.407868454653083e-05 4.2742357913597643e-07 7.421521327003066e-05
647 7.512129328341277e-05 4.2369464923522474e-07 7.52160149034757e-05
648 7.622904120427418e-05 4.477905171832994e-07 7.633274670857942e-05
649 7.70371052375318e-05 4.5350853762802975e-07 7.71473920084291e-05
650 7.872059559757609e-05 4.623133779045846e-07 7.884804299349447e-05
651 7.93269176232073e-05 4.787975053735129e-07 7.93776768980154e-05
652 8.084404595511515e-05 4.905541491319953e-07 8.087996999055517e-05
653 8.159036958955518e-05 5.148004536116554e-07 8.165525631676331e-05
654 8.179990148543548e-05 5.200960331142636e-07 8.191497202438183e-05
655 8.373285444814325e-05 5.400653856629181e-07 8.385261431458433e-05
656 8.462751676468158e-05 4.861133077179773e-07 8.477001629640944e-05
657 8.569647627395911e-05 5.060856078147673e-07 8.580165904242635e-05
658 8.7154038755642e-05 5.278590061275035e-07 8.73012429168112e-05
659 8.800371207297015e-05 5.250729462801846e-07 8.807972556267233e-05
660 8.969098234821322e-05 5.52374138164737e-07 8.9778545471128e-05
661 9.053802380201227e-05 5.397009505619965e-07 9.061604964228596e-05
662 9.13644857877098e-05 5.508195273162085e-07 9.151285735698929e-05
663 9.330794466125107e-05 5.779236873367806e-07 9.340339864889865e-05
664 9.4042382471718e-05 5.479821539386086e-07 9.422119025643561e-05
665 9.561828732342667e-05 5.944478551156251e-07 9.573925334816642e-05
666 9.618683120522888e-05 5.854680490159596e-07 9.633494689165726e-05
667 9.78241886077701e-05 6.227937161133556e-07 9.783794602809853e-05
668 9.960317919230162e-05 6.178772954072791e-07 9.969528285628798e-05
669 0.00010112418231775859 6.462770432741413e-07 0.00010117162458398776
670 0.00010138605880454071 6.426266077574447e-07 0.00010145288740859102
671 0.00010367095413392981 6.796106303127133e-07 0.00010376865685906711
672 0.00010511904785043785 6.402618269089326e-07 0.00010531737665316047
673 0.00010679650988691078 6.683390455494719e-07 0.00010698759036865603
674 0.00010773116442404251 7.243999815202584e-07 0.00010781050034901763
675 0.0001091335948718311 6.936836584025825e-07 0.00010921555610318373
676 0.00011039875246512879 6.869404079335202e-07 0.00011048306550139322
677 0.00011270849487667124 6.847667388680157e-07 0.00011284937435426901
678 0.00011336942592494271 6.992145615037518e-07 0.00011351987309568427
679 0.00011526463494483064 7.833835722259855e-07 0.0001153078663748105
680 0.00011750555588140904 7.547658915981219e-07 0.00011761421883228628
681 0.00011939563684375706 7.63115188103548e-07 0.00011956535225084543
682 0.00012035060983457602 8.282715515167451e-07 0.00012037430419271427
683 0.0001218679215498643 7.368717383552018e-07 0.00012207005749369351
684 0.00012322472036828473 8.052386734628511e-07 0.00012334839156382275
685 0.00012502865158091537 8.055049002620363e-07 0.00012515697293606295
686 0.00012678626170454493 7.968521803062436e-07 0.00012703944446141362
687 0.00012800255457614385 7.911003664317838e-07 0.00012807742797970304
688 0.00013014097870707176 8.345995298637108e-07 0.00013035446616769698
689 0.0001323851810397782 8.867887930104244e-07 0.00013245473770365113
690 0.00013357879389581096 8.216196588637403e-07 0.0001337626637990147
691 0.00013579015763315387 9.641553127139417e-07 0.00013590485015843826
692 0.0001375485105687033 9.090747524760702e-07 0.0001375826896822116
693 0.00013983585863077265 9.360611854047437e-07 0.0001399961442365198
694 0.00014134071127255097 8.735029490881886e-07 0.0001415462216122279
695 0.00014372113526360875 9.662347157593314e-07 0.00014382545373271534
696 0.00014549500970050146 8.406340798385035e-07 0.00014575283974974156
697 0.00014714273112844938 8.88870464592977e-07 0.00014734483045278192
698 0.00015038007716869362 9.959232238426795e-07 0.00015049485670348044
699 0.00015114666181771712 9.806553096361797e-07 0.00015123913156975512
700 0.00015377809202858997 8.754616922851453e-07 0.0001540707089164296
701 0.0001562122464273176 9.53744092006315e-07 0.00015646139969137612
702 0.0001570248137901548 1.0231352288946636e-06 0.00015716292350585734
703 0.0001603655532375676 9.465663098472044e-07 0.0001606486896557369
704 0.00016104228164570222 1.0945919294805888e-06 0.00016112165181509974
705 0.00016468679504375028 1.0704362046905832e-06 0.00016480396338818524
706 0.00016789551073272983 1.0980278552286795e-06 0.0001682268020112372
707 0.0001700738491192589 1.0240728559487724e-06 0.0001703010502832896
708 0.00017128231764953323 1.1361480154400762e-06 0.00017126229083481607
709 0.00017402086262412184 1.1790244206667627e-06 0.00017412326517956465
710 0.00017660202774560338 1.249752904160287e-06 0.00017666141735710143
711 0.0001788853339850899 1.1449511750305977e-06 0.0001791182519083909
712 0.00018161781921649468 1.2549762457537962e-06 0.00018176289989573318
713 0.00018495814146705803 1.2509133810950472e-06 0.00018496717606297517
714 0.0001862574592255932 1.1225388071191518e-06 0.00018646585158232354
715 0.00018892802973341787 1.1938942465384224e-06 0.00018911646317196812
716 0.00019137826331974822 1.3046810270306612e-06 0.00019154802599175748
717 0.00019510457943518796 1.216715070593142e-06 0.00019530192532857084
718 0.000197579687698514 1.225728904037478e-06 0.00019769581510792472
719 0.0001998968221889662 1.218286880104363e-06 0.00020018403971033098
720 0.00020271684669675598 1.3079451459912064e-06 0.00020289778315019674
721 0.00020553587936905545 1.3568721092008432e-06 0.00020569821076120255
722 0.00020725274507054205 1.29477857285111e-06 0.0002075496945135725
723 0.00021232266611354646 1.4438206785915378e-06 0.00021250077475021726
724 0.0002140452098639334 1.3323141228935881e-06 0.0002142419941535247
725 0.000218186610095719 1.3683310446726922e-06 0.00021839305844913382
726 0.00022172956569615685 1.3951203442846726e-06 0.00022203495598892753
727 0.00022439307822733057 1.38371885482809e-06 0.00022451451635738937
728 0.0002283579092864987 1.4185577816142837e-06 0.00022866842045803277
729 0.00023036396692115453 1.4046584732328268e-06 0.00023083677055315362
730 0.00023348518347510486 1.5303883729374285e-06 0.00023371554210181302
731 0.0002378306515763984 1.474860379570954e-06 0.00023823676341697876
732 0.0002423132472957881 1.6136447983350195e-06 0.00024252234250918918
733 0.000242655388529394 1.5986553287899082e-06 0.00024278439248851907
734 0.00024670329242011696 1.5261233609490783e-06 0.0002472218560955121
735 0.00025134817010741425 1.401565765137926e-06 0.00025173821762202586
736 0.00025486749245544723 1.6234217781733275e-06 0.000255114010534091
737 0.00025838396129879057 1.7059461366249431e-06 0.00025874946443501287
738 0.0002628088005643206 1.4797262413759075e-06 0.00026309844263850817
739 0.0002657191467126132 1.5890861356269568e-06 0.0002660496275764361
740 0.00027008281023296866 1.5889082155372222e-06 0.00027050630808817775
741 0.00027335741560952174 1.639947425212017e-06 0.00027351924287129497
742 0.0002780427881234327 1.6592417669400522e-06 0.0002784378562674192
743 0.0002809512769748333 1.7045253893876707e-06 0.0002813787825643068
744 0.00028618107840033916 1.8459770676913937e-06 0.0002864985933046865
745 0.000289721750327554 1.7917992652757803e-06 0.00029014427948117073
746 0.000293159383996064 1.8102755481490986e-06 0.00029343134457256897
747 0.00029846820491631675 1.9253939307830257e-06 0.00029873635777366055
748 0.00030252080329632656 1.7736640876060556e-06 0.00030314853752181443
749 0.00030791162558261773 1.7342302973561322e-06 0.000308618810475565
750 0.00031041310920378593 1.9324342771034368e-06 0.000310794187474555
751 0.00031567387191783083 1.781298764946704e-06 0.0003164687333082431
752 0.00031964156967912057 1.8419824661532192e-06 0.0003201436197953516
753 0.0003251432042792084 1.7707117238623464e-06 0.00032588907950741015
754 0.00033170511663006114 1.9543672367973486e-06 0.0003323575350494578
755 0.00033484261321124455 1.928014972091342e-06 0.0003354792532443295
756 0.0003390451249696841 1.92041178222699e-06 0.0003396633959444443
757 0.0003459809294380077 2.0724516300339115e-06 0.00034605841933874895
758 0.00034879987575882186 2.0335412155196337e-06 0.0003495397104378894
759 0.00035336250748000287 2.0028150686040337e-06 0.00035393075921154175
760 0.00036141298107593563 2.0557108850802814e-06 0.00036236590450240236
761 0.0003663765720277528 2.1372086899739334e-06 0.00036664042443093517
762 0.0003716460131826068 2.178519165297625e-06 0.00037230421028630443
763 0.0003783336758519483 1.979636135567594e-06 0.00037919615372796834
764 0.000380831475594209 2.1469814675974832e-06 0.00038150127941531843
765 0.00038504825839473766 1.9472922541925213e-06 0.00038613646624046483
766 0.00039153783206555466 2.202180124383437e-06 0.00039226518815858896
767 0.00039980645072023436 2.0420657158306506e-06 0.0004006608033057
768 0.00040578273010699904 2.1805650122722606e-06 0.0004065932420310464
769 0.0004108373287373097 2.1703787518648813e-06 0.0004118337706020459
770 0.00041709012128708157 2.132283667332458e-06 0.000418192160467768
771 0.0004226377793352654 2.2896196625420486e-06 0.0004235543481265733
772 0.000428178080014142 2.1199740946868432e-06 0.0004291874297630276
773 0.0004334095246606205 2.2550543133613574e-06 0.00043430095353332374
774 0.00044261248993075324 2.4422676503698824e-06 0.0004435731745389958
775 0.0004483893424731202 2.387258220532536e-06 0.0004495059289966905
776 0.0004564650035118734 2.3796635312030344e-06 0.0004572952091926498
777 0.0004619238438828145 2.3914814445826167e-06 0.00046241907951248974
778 0.0004686570341744493 2.2099082385349867e-06 0.0004696934196031715
779 0.00047587333160033533 2.5635695041330738e-06 0.0004767609239635652
780 0.0004822589324141494 2.326504909678293e-06 0.00048334013504871507
781 0.0004917920357839023 2.143563948978404e-06 0.0004934090793549252
782 0.0004991550375711696 2.424906276878707e-06 0.0005007791674806666
783 0.0005042802822016981 2.215546011173084e-06 0.0005055676684698368
784 0.0005127743479467651 2.670822121112256e-06 0.0005138747533540354
785 0.000519445862092256 2.3968908231294856e-06 0.0005209530891509238
786 0.0005269227104546018 2.3748382488728276e-06 0.0005285173429717289
787 0.0005355181072966119 2.4432550119071794e-06 0.0005371811036095418
788 0.0005441648523413815 2.5274693990666416e-06 0.0005456223955216781
789 0.000550061356593551 2.5776103381963047e-06 0.0005519501383224973
790 0.0005609143559156646 2.67006087918388e-06 0.0005624055307184527
791 0.0005671838867661176 2.363103805430315e-06 0.0005689487077781602
792 0.0005778840772943816 2.6612233178826263e-06 0.0005794656707155504
793 0.0005874366255920794 2.6935559211258018e-06 0.0005894423772723049
794 0.0005966489381693642 2.596724370327442e-06 0.000598905602583631
795 0.0006015125656255975 2.6064891219828756e-06 0.0006037783573215042
796 0.0006114512720440713 2.7405016746068036e-06 0.0006133652561307238
797 0.0006225573518860976 2.9157315603630138e-06 0.0006242061991716737
798 0.0006319575677035141 2.8864700104922825e-06 0.0006338598421699747
799 0.000638993921779949 2.805013559718756e-06 0.0006408214698311931
800 0.000650410006179394 3.0044935996705426e-06 0.0006526683719220009
801 0.0006635229728486941 2.7787674032739563e-06 0.0006655782930478877
802 0.000671229271736529 2.7531296882505935e-06 0.0006730738016837983
803 0.0006784810112967847 2.719780403749583e-06 0.0006807969227079795
804 0.0006906755013097761 2.9279215954345246e-06 0.0006928301078206221
805 0.0007042212944386478 2.812139595657452e-06 0.0007068782986278761
806 0.0007084622296936059 2.716559131762508e-06 0.0007110510660386809
807 0.0007255357188224631 3.0058009200466262e-06 0.0007285142730583548
808 0.0007314316362092146 3.044747087544969e-06 0.0007339840027775646
809 0.0007461157819698924 2.9334708221207354e-06 0.0007485835267507701
810 0.0007580941401840443 2.8044646451589305e-06 0.0007611096839109998
811 0.0007678000826884158 2.9334488960713685e-06 0.0007707611431917248
812 0.0007788523969618086 3.1026777879839177e-06 0.0007817556034232169
813 0.000789949299074708 2.9854716792369125e-06 0.0007925309155561158
814 0.00080291073226614 3.451685534713975e-06 0.0008050654291097216
815 0.0008162879027891831 3.134644505938135e-06 0.0008192243584127048
816 0.0008307992497503915 3.1797479516536564e-06 0.0008337551025496888
817 0.0008394778369880662 3.1599253452658273e-06 0.0008427819941955375
818 0.0008534721956864713 3.111759254025384e-06 0.0008568136749854618
819 0.0008646657903450555 3.2589540524725506e-06 0.0008678358896672295
820 0.0008819667245452311 3.2726450761456992e-06 0.0008851548032878591
821 0.0008963604565518967 3.186442421531813e-06 0.0008997969913126396
822 0.0009019386893723026 3.3615464966021757e-06 0.0009056787035574084
823 0.0009175457158859144 3.3440763613646146e-06 0.0009212639640630337
824 0.0009334160866206004 3.1866437742698917e-06 0.0009373180531907252
825 0.000943086885352071 3.2893195203129474e-06 0.0009470627963192357
826 0.0009660272914504679 3.241118530903987e-06 0.0009705772768279563
827 0.0009803752678629034 3.318336512050774e-06 0.0009845015519202194
828 0.0009909683708620469 3.2442582129750552e-06 0.0009950754238446328
829 0.0010137855814963833 3.3338593630785628e-06 0.0010175347913858766
830 0.0010239064079845051 3.485764763357564e-06 0.001028203227340968
831 0.0010346223775167423 3.2359048176135473e-06 0.0010388175215519685
832 0.0010594265010484703 3.3814415594665513e-06 0.001064590130566773
833 0.0010716468148633462 3.329753200843893e-06 0.0010765687534933291
834 0.001091831041584846 3.3098738901527444e-06 0.0010971053144458297
835 0.0011069808318188224 3.545794098680323e-06 0.0011119353361205907
836 0.0011296343811280822 3.7064487113609986e-06 0.0011346348702353742
837 0.0011410296329154555 3.399990877910178e-06 0.0011463877015413875
838 0.0011595433196712802 3.5168948179435277e-06 0.0011649989348065414
839 0.0011780585209929255 3.494642903115219e-06 0.0011836270448973433
840 0.001194974452693779 3.45512279859779e-06 0.0012004312199060444
841 0.001211733094214175 3.4772116779922917e-06 0.0012172478286965338
842 0.0012380746169623293 3.498847841252025e-06 0.0012441083807248601
843 0.0012632407261970891 3.671366564568956e-06 0.0012688943282678047
844 0.001268334044889689 3.6311253665621353e-06 0.0012751111226785464
845 0.0012937528338145391 3.7443326396311253e-06 0.0012998661061840392
846 0.001306086166569219 3.6654666095483147e-06 0.0013127678121952354
847 0.0013348873892868945 3.930505475361864e-06 0.001341091921963734
848 0.001353637734549576 3.659714139383449e-06 0.0013605647183137402
849 0.0013734002311778567 4.08184489474994e-06 0.0013798035914675418
850 0.001398527583292168 3.697532020603824e-06 0.0014059192773238857
851 0.0014229586715433099 3.742439625737421e-06 0.001430044885897024
852 0.0014303069770720482 4.179041544899466e-06 0.0014371758341546125
853 0.0014653669004883057 4.026693742032539e-06 0.0014720006837131037
854 0.0014814827467667826 3.7512752142070903e-06 0.0014894542253984762
855 0.001506622095146257 3.966636757218854e-06 0.0015141519840502263
856 0.0015397038993672646 3.508996773352619e-06 0.0015475463243117972
857 0.0015624945122760185 3.881491424980141e-06 0.001570820025532515
858 0.0015822272679391536 3.6540441106119375e-06 0.0015904934888891162
859 0.0016039745590039818 3.7506935792398035e-06 0.0016119926518282097
860 0.0016283372209458227 3.540413388454724e-06 0.001637935574389199
861 0.0016464238511922713 3.946817609093646e-06 0.001655979405287848
862 0.0016813903324187174 3.767939054882676e-06 0.0016902282802927035
863 0.0017124276156296686 4.273314271925723e-06 0.0017211386143879226
864 0.0017413020347266483 3.7532498431114776e-06 0.0017506713710397754
865 0.0017623698826740395 4.070702964686189e-06 0.0017717406556751495
866 0.0017974384598355576 4.063269942253158e-06 0.0018071563094373233
867 0.00181827140357882 3.927449134053909e-06 0.001828670815374696
868 0.0018711750528177242 4.089182998801296e-06 0.0018821217065490726
869 0.001877871178618149 3.67725935897586e-06 0.0018888128577909072
870 0.0019145993602436668 4.126094000399822e-06 0.0019256729881790505
871 0.0019413977570426533 4.146766983041074e-06 0.0019525253085193066
872 0.0019810886869071048 4.133625632556537e-06 0.001991454375573248
873 0.001997583785235816 4.089043656338829e-06 0.0020092107421041516
874 0.002043352071640488 4.1268796360559885e-06 0.0020545501591260197
875 0.0020786951296625045 4.506583346343967e-06 0.002090168303543036
876 0.0020996398553686786 4.433019216526448e-06 0.0021113181653906548
877 0.0021300775110096076 4.2803801278361945e-06 0.002142909177514475
878 0.0021783520127939926 4.33332255644641e-06 0.002190351226893671
879 0.0022080411320381877 4.735386582969448e-06 0.0022207323080192425
880 0.0022439854965666762 3.915003329383337e-06 0.0022563984155731117
881 0.002285484027367926 4.327279603101312e-06 0.0023002344331751285
882 0.0023090843030018726 4.064664963925631e-06 0.0023230830220203782
883 0.002343494842042088 4.224522016153051e-06 0.0023584919502688683
884 0.0023938889736589957 4.215719002252124e-06 0.002407213786023512
885 0.002436236087425869 4.4678300398670696e-06 0.0024506500316121755
886 0.0024703789740650414 4.350844136246325e-06 0.0024849123528175032
887 0.0025188855301789305 4.759769053242141e-06 0.002533209531136828
888 0.002539234720263429 4.120912469228213e-06 0.0025550575427394444
889 0.0025858363835549224 4.426899262067915e-06 0.0026014391749010607
890 0.0026333676256146007 4.200024063569772e-06 0.002650663733738044
891 0.0026843851379114323 4.3800491577094595e-06 0.00269958823194104
892 0.002717031465641649 4.505648269479997e-06 0.0027330562885962
893 0.0027623440328109644 4.2194537296297565e-06 0.0027794496424961173
894 0.002806189963150305 4.554129924791241e-06 0.002824085313470483
895 0.0028708276461931366 4.423726533982169e-06 0.002888064651368148
896 0.002917497679077074 4.63496217963648e-06 0.002933658129897782
897 0.002954559412240917 4.966269192174552e-06 0.002972456261023171
898 0.0030108540176588643 4.720082018494611e-06 0.003029752773851547
899 0.003044487998162585 4.644982751872506e-06 0.003064061072231085
900 0.003104686675545334 4.780631066051906e-06 0.003123151475907605
901 0.0031528105611312194 4.934806224256125e-06 0.003171538821176046
902 0.003220150597523793 4.70378074316105e-06 0.0032390375764421685
903 0.003271091158080832 4.5393783844914846e-06 0.0032918686609079207
904 0.00330603093237384 4.453059604833333e-06 0.003327261470903251
905 0.003360649772748518 4.473733726501208e-06 0.0033812204825535742
906 0.003416711238994027 4.6665798075492836e-06 0.003437432887627854
907 0.0034922620381278046 4.358060304917122e-06 0.0035142465231470434
908 0.0035354859871610804 4.591790140639142e-06 0.003557981335405556
909 0.003606991797754997 4.77998370667773e-06 0.003629731639736335
910 0.003674263907323907 4.65013745695493e-06 0.003696875928113352
911 0.003727971986792708 4.665954614222348e-06 0.003751635935693704
912 0.0037885826733840755 4.756417856344161e-06 0.0038126400364226548
913 0.0038514518915090893 4.65093531397448e-06 0.0038745156358690946
914 0.003914106580873729 4.811016376372256e-06 0.003940094422870816
915 0.003977996658858064 4.616925647014273e-06 0.004005877830365457
916 0.00404223881892473 4.851179312862554e-06 0.004067187882455023
917 0.004133984304953755 4.718663402497425e-06 0.004161456397137005
918 0.004172470363001529 5.059238415075557e-06 0.004198469128323098
919 0.004242303729845749 4.6707183423114e-06 0.0042706810526907365
920 0.004325010482940817 4.706889769488514e-06 0.004354214375404615
921 0.004409862905025806 5.101874957306015e-06 0.0044379668533768525
922 0.004460340275190993 5.118889625248255e-06 0.004492245375302146
923 0.004564186855242301 4.9624985215029245e-06 0.004595541642901247
924 0.0046397055357152925 4.859220109512943e-06 0.0046704825414488815
925 0.004703946679232941 4.693901068271939e-06 0.0047359183589444675
926 0.004788816022830689 4.877869150428214e-06 0.004820665756975015
927 0.004859694365353379 5.102173150897157e-06 0.004891684125150265
928 0.004979834476140563 4.65462189015522e-06 0.005013718513851478
929 0.0050446742828020716 5.073557829185149e-06 0.005076449314619693
930 0.005133495577988578 4.896359312744494e-06 0.005168499786559228
931 0.005225036988644116 4.553191408898711e-06 0.005261962093944386
932 0.005315399434634049 5.0402944233458195e-06 0.005351644504849063
933 0.005397404028709724 4.704196677551804e-06 0.005432739782634977
934 0.005497171670811597 4.945684295856774e-06 0.0055342026115125795
935 0.00559642111129682 4.723617857969097e-06 0.005634716083523244
936 0.00570871002897148 4.937212207334118e-06 0.005747912895604831
937 0.0058027758565222754 4.877650778414048e-06 0.0058430250452562536
938 0.005915530575216634 4.7672257863345475e-06 0.0059573812056525986
939 0.0059849642062791185 5.112216642499225e-06 0.0060267809950701415
940 0.006097156080924172 4.974616351514212e-06 0.006137779830790601
941 0.0062288810323525975 5.18970728877066e-06 0.006274757102468125
942 0.006294232552437443 4.850549169970564e-06 0.00633820895832135
943 0.006431032802678008 5.137595272681776e-06 0.006475187188888096
944 0.006538826045485555 5.040884986772817e-06 0.006587044786072523
945 0.0066798348622880525 4.8356606516261215e-06 0.006728149663290446
946 0.006757784516976105 4.9806515286563344e-06 0.00680652076796636
947 0.006882133634147557 4.93947203046172e-06 0.006930301694994717
948 0.007057021595370297 4.933351697791298e-06 0.007107396113845575
949 0.007198405269465017 5.024144994176298e-06 0.007249554179069339
950 0.007301778681997662 5.073980533225043e-06 0.007353374573103085
951 0.007414687748432988 4.6901842637239995e-06 0.007467880280489155
952 0.007553765609258331 5.069995425802224e-06 0.007605170289316235
953 0.007697185298099628 4.988148981224395e-06 0.007749659417621999
954 0.007862142506982486 5.260709303390581e-06 0.007918148897020368
955 0.008028127913115182 4.762560532969709e-06 0.008082234523599378
956 0.008154747796985056 4.769608970952562e-06 0.008213195005999062
957 0.008298227672175643 5.15127750311879e-06 0.008359022690555664
958 0.008440713402625975 5.034445585165959e-06 0.008502333807066425
959 0.008592612412570439 4.687136293719493e-06 0.008655495383051737
960 0.008791919030703204 5.063118967020141e-06 0.008853903108200278
961 0.008940062719612712 4.936202395657037e-06 0.00900505976709065
962 0.00907940598969107 4.6008084498667854e-06 0.00914381786943291
963 0.009240687343088612 4.559600255687219e-06 0.00930823721551958
964 0.00937322473882961 4.637528965320338e-06 0.009443895199718411
965 0.009631876487260233 4.868709227187433e-06 0.0097038067168739
966 0.009824620831486929 4.784157801037712e-06 0.009899914314963986
967 0.009974130569288255 4.781356446838e-06 0.010045426218918081
968 0.01021130796060892 4.869661395391439e-06 0.010285494852450455
969 0.0104262642998519 5.122355614538039e-06 0.010501552869107802
970 0.010484490893918208 4.788990788995388e-06 0.010563332737053104
971 0.01073945876882734 4.6945707513445385e-06 0.010821326078267681
972 0.010979418345659919 5.0716021024222214e-06 0.011062237663864832
973 0.011148858056018595 5.013857690329111e-06 0.011230489230455935
974 0.011343183591903934 5.37407793228932e-06 0.011426304212868164
975 0.011548871488312044 4.640861668627465e-06 0.011636017993060258
976 0.011822755431673984 5.21586516185768e-06 0.011912308973254883
977 0.012007300627312303 4.531260544360733e-06 0.012098869796355776
978 0.012318237593676411 4.890631189111149e-06 0.012410127604681178
979 0.012462432902256161 4.909770379792071e-06 0.012558128396073407
980 0.012771482439020454 4.753452743468741e-06 0.01287021317784008
981 0.013013189057345826 4.648924169114567e-06 0.013109064595590364
982 0.013302748273808047 4.824202104979015e-06 0.013402886504584039
983 0.013539087711250099 4.884909620383362e-06 0.013649315402395579
984 0.01379037060088384 4.711598304567747e-06 0.013892317139421686
985 0.014097325063349849 4.56888689230706e-06 0.014202633233971378
986 0.014435070505288285 4.613116164234569e-06 0.014541515157562126
987 0.014712102615034299 4.446156285186908e-06 0.014828627744722902
988 0.01495571046996945 4.643342459317624e-06 0.015071490159905937
989 0.015216282034520355 4.7937385693171715e-06 0.015335954207405814
990 0.015548700718566486 4.824478488192642e-06 0.015672069036496747
991 0.01582242452328718 4.630822331217555e-06 0.015941932619212444
992 0.0161409899043741 4.932489477342005e-06 0.016262415230923026
993 0.01654943194430579 4.990339294502699e-06 0.016676186284740522
994 0.01683560278294849 4.715414533801711e-06 0.01696881832999372
995 0.017236601885756618 4.456730934694653e-06 0.017368600043670045
996 0.017538063864658372 5.246931624811006e-06 0.017673008346590306
997 0.017894780430912235 4.750424423300135e-06 0.018037919391916665
998 0.01822766679409559 4.674537311556905e-06 0.018371927226322325
999 0.01862788417206306 4.766089703194583e-06 0.018775983068157316
1000 0.018903277963836812 4.805340767045396e-06 0.01905074157420784
1001 0.019421236417935216 4.823821378191169e-06 0.0195723141607031
1002 0.019829247130024798 4.763921109266661e-06 0.019986283819092412
1003 0.020296965550169736 4.901375788623297e-06 0.02045925434690842
1004 0.020755157175567154 4.809854059490056e-06 0.02091812133306373
1005 0.021077131888303766 4.671705122379368e-06 0.021252156327863814
1006 0.021583511274199125 4.711279192102709e-06 0.021762376382353656
1007 0.021993428992473994 5.330759549381446e-06 0.02217036977612186
1008 0.022449182702241055 4.764321487750894e-06 0.02262635346882975
1009 0.02294749546871778 4.8090130156065225e-06 0.023131646257585108
1010 0.023405604550906435 4.668415699068036e-06 0.02359848634439234
1011 0.023805294069731513 4.466198680362912e-06 0.023997568168893143
1012 0.024339311579329014 4.830982171433018e-06 0.024542058344951868
1013 0.024912269281157962 4.6707319541616026e-06 0.02511394804551226
1014 0.025498994326534095 4.85034036028367e-06 0.025708062273191317
1015 0.02606293316234325 4.6798081854676e-06 0.026277408174206332
1016 0.02640745229418115 4.759999986641909e-06 0.026630358425557422
1017 0.027109146652372327 4.617962684399289e-06 0.027332581985848665
1018 0.027658905542740978 4.555102923366131e-06 0.027892019320617287
1019 0.02804347851113038 5.148282169895504e-06 0.02828246159571013
1020 0.028787029301128024 5.474815914823184e-06 0.029042444924581735
1021 0.02929196199946609 5.969452861912511e-06 0.029570830575172336
1022 0.029934545513238424 6.415369209893454e-06 0.030217220489469655
1023 0.031266793679978575 2.3501091708224603e-05 0.03158683752355465
1024 0.0318366817536259 2.285486883173154e-05 0.03216126939267517
