ell R_ell F_ell N_ell
2 0.0006689447198402495 0.0006511905572055605 1.2794536671675029e-05
3 0.00016288302660774783 0.00013578309669965043 1.5965320290592592e-05
4 7.944191030117804e-05 6.673078292517091e-05 1.229417572344945e-05
5 3.61541404703006e-05 2.176807157884751e-05 1.3062921490775996e-05
6 4.234395774811801e-05 3.133195659081278e-05 1.2449261179018124e-05
7 4.146499495971349e-05 3.0400837755603442e-05 1.1549660986607444e-05
8 2.6962618954470045e-05 1.3694239178526399e-05 1.2142009770845139e-05
9 2.490397541240459e-05 1.3548558142682972e-05 1.1817963665823628e-05
10 2.167703925259996e-05 9.985273782340122e-06 1.156022032218612e-05
11 2.0977821149310155e-05 9.006452214527545e-06 1.2114513423844575e-05
12 2.3618335232841435e-05 1.2426289306638647e-05 1.1428591577046497e-05
13 2.0254067679164874e-05 9.409081088764058e-06 1.2297809133562346e-05
14 1.656945296705457e-05 5.916188035733523e-06 1.1551109984928468e-05
15 1.8525190870484575e-05 5.883128630923579e-06 1.2304524940033614e-05
16 1.8520471787842577e-05 6.679170622869732e-06 1.2182185789439016e-05
17 1.7467435033039774e-05 4.381267286353629e-06 1.2187975457341722e-05
18 1.7327924685229068e-05 5.133620170582118e-06 1.2286398362387713e-05
19 1.4890913421094355e-05 3.4354234054754932e-06 1.1937428496703163e-05
20 1.566158229786944e-05 3.935768542697939e-06 1.1463812821931505e-05
21 1.483306657996033e-05 3.2137895446621e-06 1.1593453730405067e-05
22 1.4395168247286763e-05 1.8108622094129594e-06 1.2319051728002048e-05
23 1.530342814207641e-05 3.3968793660726123e-06 1.207011461323257e-05
24 1.39684641650251e-05 1.446641995294568e-06 1.2246677898231582e-05
25 1.3831746827714815e-05 2.1743472317500354e-06 1.1691445364302382e-05
26 1.3289849395592916e-05 2.1710092268601457e-06 1.1208473686717822e-05
27 1.4512224567752405e-05 2.3829675089754615e-06 1.2369634493436066e-05
28 1.4442636094031626e-05 1.7553344084621192e-06 1.2550038778017974e-05
29 1.3350695514740206e-05 1.609915163425837e-06 1.2015716172224901e-05
30 1.3474561682692184e-05 1.263426059075778e-06 1.2207770743382733e-05
31 1.3537330259134379e-05 1.0373753651967966e-06 1.2564462108806689e-05
32 1.3101620185137934e-05 1.1200218555920672e-06 1.1980167407735939e-05
33 1.3474021964984327e-05 1.3890790982740121e-06 1.2032656446240101e-05
34 1.3063640304779731e-05 1.5243925876162343e-06 1.1852185789255248e-05
35 1.3252402159198984e-05 1.2665949498056948e-06 1.1873966642567394e-05
36 1.316450976044519e-05 8.909700223730411e-07 1.2133035392861089e-05
37 1.2697446681514717e-05 9.780888871914153e-07 1.1780969246870927e-05
38 1.2699904723106484e-05 9.170702742485118e-07 1.1602476309925532e-05
39 1.2024842068537343e-05 1.1581524415375247e-06 1.1052516937590378e-05
40 1.1544796657966048e-05 1.0405995795221445e-06 1.05725510237806e-05
41 1.1015848052355838e-05 7.54868099681476e-07 1.0330204338016848e-05
42 1.0318108241124053e-05 4.933857732126203e-07 9.872220742517518e-06
43 9.4501132108189e-06 6.942977542904814e-07 8.785573993435249e-06
44 9.44265270461289e-06 8.739424113134352e-07 8.568752605818178e-06
45 9.04187886641655e-06 8.236984120326956e-07 8.228957959650729e-06
46 8.469040201117593e-06 7.884389873653398e-07 7.716213380173121e-06
47 8.06879973567214e-06 6.703434200318983e-07 7.3805111409184066e-06
48 7.557487548909961e-06 6.510654414747542e-07 6.903385123273576e-06
49 7.016430466987212e-06 6.158428050639009e-07 6.384998717465713e-06
50 6.865072843870868e-06 5.281900979446887e-07 6.3106027442614045e-06
51 6.802934895677332e-06 9.997909323989166e-07 5.87031441578705e-06
52 6.456749389963214e-06 6.664128073157244e-07 5.770646230717268e-06
53 5.8849363749014804e-06 5.244643249645511e-07 5.342155779259827e-06
54 6.157508952385221e-06 9.684178077855996e-07 5.342742304695672e-06
55 5.905157019294598e-06 7.366057033453501e-07 5.220117871557621e-06
56 5.622626178102547e-06 4.2330888385594497e-07 5.179524949976819e-06
57 5.645780590833225e-06 5.005364978931351e-07 5.1565803606027866e-06
58 5.601644541375323e-06 5.079734504135631e-07 5.098427479255425e-06
59 5.633805090803752e-06 4.941351644831615e-07 5.116544345562643e-06
60 5.576251560678998e-06 6.393562234450814e-07 4.977905767859539e-06
61 5.556456210320185e-06 5.554784540121525e-07 5.057968090675555e-06
62 5.47174271503819e-06 3.484308203867267e-07 5.0729399042264755e-06
63 5.581488653607754e-06 4.900889220739479e-07 5.109385555560314e-06
64 5.485340456242683e-06 3.82722262374314e-07 5.1763265594273554e-06
65 5.526155819782346e-06 3.797878261616658e-07 5.135668324085184e-06
66 5.419101113561492e-06 4.432353734199356e-07 5.003853504726296e-06
67 5.759410878353936e-06 5.791212166758774e-07 5.146260653345391e-06
68 5.564568911193363e-06 3.680388604708699e-07 5.229489784193628e-06
69 5.561282379971025e-06 3.8431671054390026e-07 5.218818791385924e-06
70 5.488344512593457e-06 3.878995284190959e-07 5.12782120288482e-06
71 5.6919866163842536e-06 4.720185569866998e-07 5.219529692956654e-06
72 5.584818081178682e-06 3.5627390117440865e-07 5.16896458689679e-06
73 5.5023559767638835e-06 3.414875623542372e-07 5.170040547359589e-06
74 5.343444371094887e-06 3.109831860683777e-07 5.0522402517027655e-06
75 5.560719979212821e-06 4.666156137239687e-07 5.123758541757084e-06
76 5.35625969077994e-06 3.051235690829563e-07 5.0673027188813315e-06
77 5.269617997973274e-06 3.1600021418743315e-07 4.960601042620695e-06
78 5.315281010157437e-06 3.1904907770212655e-07 4.993357159195375e-06
79 5.293563374521411e-06 4.1438899975696377e-07 4.89126501315533e-06
80 5.074624867338599e-06 4.08546672104684e-07 4.710223749112844e-06
81 5.085443026400466e-06 3.865300863335146e-07 4.689508676589977e-06
82 4.889323161748459e-06 3.8037097294096196e-07 4.492971018831628e-06
83 4.641600798865595e-06 2.4425692339261327e-07 4.42611016925017e-06
84 4.669024646924092e-06 2.712806610121542e-07 4.404765018239444e-06
85 4.663462345982428e-06 3.478832156875895e-07 4.313509516827284e-06
86 4.606729996078264e-06 3.8698148731482566e-07 4.2296576076152724e-06
87 4.470518206346182e-06 3.450183625164092e-07 4.12098510700044e-06
88 4.300207066455253e-06 3.3454716788661975e-07 3.954098606330823e-06
89 4.279588720317827e-06 3.5718238688233294e-07 3.973203493356909e-06
90 4.123322175912894e-06 2.485263781142406e-07 3.878267907527159e-06
91 4.202396713734796e-06 2.888049960169447e-07 3.856771837734856e-06
92 3.98321101271592e-06 3.880912631750638e-07 3.6164996265858602e-06
93 3.942458250329939e-06 3.9166673304067025e-07 3.5658942903596484e-06
94 3.9179459013614634e-06 3.756707656837421e-07 3.5964452746918062e-06
95 3.793508027305091e-06 3.032171493868222e-07 3.516186978304484e-06
96 3.805331546479774e-06 3.5734593602172336e-07 3.4018328380361815e-06
97 3.7226617315816716e-06 4.0692878514021814e-07 3.3344123776473645e-06
98 3.594718408081322e-06 3.991410069869265e-07 3.2226841003983977e-06
99 3.5599327080887225e-06 3.5440431684687787e-07 3.196659302095417e-06
100 3.4728379134537253e-06 3.927215142056126e-07 3.0856684217468138e-06
101 3.3882876213451347e-06 3.928344561561341e-07 3.020145588175181e-06
102 3.2446400595296077e-06 2.975422541880805e-07 2.9718965626323418e-06
103 3.1964098281823023e-06 3.047979890805275e-07 2.8944119637777195e-06
104 3.3885469366916653e-06 4.881829756941506e-07 2.8944936485306524e-06
105 3.215385005317356e-06 4.188160261051408e-07 2.791750524193251e-06
106 3.206743829444565e-06 5.044285908586822e-07 2.70768664101587e-06
107 3.163929463366045e-06 4.596979295633388e-07 2.7180499850190002e-06
108 3.0446195543527977e-06 4.435039561785603e-07 2.626979568917306e-06
109 3.066652418456589e-06 4.3962704941695415e-07 2.641023676610381e-06
110 2.9913656547615732e-06 3.7326675896862564e-07 2.649654140984646e-06
111 3.036838606863553e-06 4.17341769672592e-07 2.616457305960689e-06
112 3.1092615459295807e-06 4.783585683560201e-07 2.5951781727476978e-06
113 3.002121407368615e-06 4.1641602177734377e-07 2.5655700619755784e-06
114 2.906441074653451e-06 4.144505144831644e-07 2.5148016916131417e-06
115 2.9762005974469098e-06 5.075011103657296e-07 2.4662357973133e-06
116 2.966882456339064e-06 5.123286945178751e-07 2.498982535394304e-06
117 2.92680756548123e-06 4.0860690179045934e-07 2.5219339737775723e-06
118 2.8393393954403414e-06 3.4778151061517296e-07 2.4886988282589727e-06
119 2.8686525435183893e-06 4.245671149794346e-07 2.4889934097681254e-06
120 2.891119350182974e-06 3.714970521363003e-07 2.486006398497816e-06
121 3.034287386711471e-06 5.226479823332584e-07 2.5263603156304515e-06
122 2.991048525475392e-06 4.6785134693055464e-07 2.526913222975639e-06
123 2.9270205908687585e-06 4.172121183606535e-07 2.5198957548124425e-06
124 3.013265891720709e-06 4.688731724070588e-07 2.533988163830381e-06
125 2.952002925755587e-06 3.624999404729468e-07 2.5726618853061165e-06
126 3.0525280474738965e-06 4.0388256398058613e-07 2.6073422964073688e-06
127 2.908678608743988e-06 3.992953423407083e-07 2.5306582528433415e-06
128 2.8987952061880056e-06 3.5924832752839764e-07 2.5386923967504575e-06
129 2.8959590671950875e-06 3.7195021059185624e-07 2.5438321733131013e-06
130 3.0039480749566312e-06 3.854671787875974e-07 2.607484945704988e-06
131 3.016894899322137e-06 4.1196204711992145e-07 2.603621321958689e-06
132 2.977682954324279e-06 3.5999680660168446e-07 2.647792758081083e-06
133 2.9299757300683947e-06 3.126896258847791e-07 2.6460890335265655e-06
134 2.9446685703699443e-06 3.112912122101839e-07 2.641022122576009e-06
135 3.003981919344957e-06 4.0314755660938127e-07 2.6311781341117236e-06
136 3.027016727534515e-06 3.2615551960230687e-07 2.6918745154937596e-06
137 2.9677201686758525e-06 2.9831461667811773e-07 2.6627259951132194e-06
138 3.0066405878741e-06 2.940963595516703e-07 2.7224772294209886e-06
139 2.9579487623617014e-06 2.856919989020334e-07 2.697389956444167e-06
140 3.0062465287536818e-06 3.256247835957418e-07 2.6926000616428404e-06
141 3.061879310471618e-06 3.206052603293098e-07 2.7279449969909713e-06
142 2.9757515118831194e-06 2.1774901361059404e-07 2.7309606329634573e-06
143 3.0068016218112128e-06 2.5191984577417553e-07 2.7449466165847465e-06
144 2.991857150375616e-06 3.162391346029284e-07 2.6867473102258384e-06
145 3.0135505980210674e-06 2.851990446284084e-07 2.729912317847961e-06
146 2.9702513618648056e-06 2.6129806630769617e-07 2.694437865532006e-06
147 2.9969829301646107e-06 3.018092430574952e-07 2.701247981479913e-06
148 3.0180425723241735e-06 2.7278956346888615e-07 2.7437124418587925e-06
149 3.037015787323434e-06 2.726562339592914e-07 2.7550851531599706e-06
150 2.867294155683155e-06 2.235875850253648e-07 2.6492225462800852e-06
151 2.8308462068320847e-06 2.421944472295049e-07 2.609743632752511e-06
152 3.0515137501208174e-06 2.909471987114327e-07 2.762044422286466e-06
153 2.933695796926222e-06 2.5205190770129777e-07 2.6892943373700313e-06
154 2.9350961594676014e-06 2.3060433434746092e-07 2.714490665598028e-06
155 2.8389356633864418e-06 2.2263457598846752e-07 2.6154605250521845e-06
156 2.8662489589542895e-06 2.0414814182355628e-07 2.668930753663067e-06
157 2.903861449382715e-06 2.394461777661651e-07 2.665038559810856e-06
158 2.8002944838918906e-06 2.1579796566923972e-07 2.5900647843492704e-06
159 2.8396579034691215e-06 2.3447764118372924e-07 2.606822904829229e-06
160 2.850447619038253e-06 2.38804130181463e-07 2.618856529668521e-06
161 2.7654216988412832e-06 2.415972979825431e-07 2.5421539296270395e-06
162 2.8219309668299414e-06 2.2608838274056508e-07 2.583807676455041e-06
163 2.826520052454213e-06 2.736412321866468e-07 2.5487420748250535e-06
164 2.8244910742162287e-06 2.692432004379816e-07 2.5593538142390814e-06
165 2.806176962246235e-06 2.8094058813947e-07 2.5249430417417306e-06
166 2.8600711275470777e-06 2.788222420452384e-07 2.552409661623694e-06
167 2.7667874061421768e-06 2.3866658511497853e-07 2.5270038711535957e-06
168 2.7208600169614437e-06 2.2491400976678288e-07 2.5137180469765716e-06
169 2.74215827637444e-06 2.697636104617346e-07 2.455336531349351e-06
170 2.582084810653495e-06 1.9520813794291623e-07 2.41178974875633e-06
171 2.6426879825171593e-06 1.976330497067615e-07 2.457839594094467e-06
172 2.597451963239245e-06 2.2181820599117666e-07 2.3844029007722373e-06
173 2.62551955339865e-06 2.444444143926779e-07 2.3956465201538637e-06
174 2.5750380034468038e-06 2.255389817701885e-07 2.3684599080889144e-06
175 2.560459796787309e-06 2.250189560853153e-07 2.3446460667704527e-06
176 2.549887710158653e-06 2.367081040875346e-07 2.3173937888368727e-06
177 2.6137800237098745e-06 2.2466922098546978e-07 2.368948794213082e-06
178 2.5154337592106485e-06 1.9009911034171505e-07 2.3114306674076757e-06
179 2.5100522172229684e-06 1.978271735102602e-07 2.306937543036028e-06
180 2.4929481675693622e-06 1.8907868286898908e-07 2.2974596733974784e-06
181 2.463455554771079e-06 1.9846572391359626e-07 2.249030996500317e-06
182 2.455996929727894e-06 2.2544825344324632e-07 2.216813301243698e-06
183 2.4642128610360624e-06 2.1492771838225394e-07 2.238255672917665e-06
184 2.447571706065981e-06 2.150852290364581e-07 2.2321986938500605e-06
185 2.387252920368294e-06 2.4210671423253313e-07 2.1399675489622445e-06
186 2.3905098821643387e-06 2.0371415928728913e-07 2.175357200147961e-06
187 2.406871857415019e-06 2.6539008283035704e-07 2.1351867612223326e-06
188 2.333551189815013e-06 2.0492398255928043e-07 2.132741900466226e-06
189 2.3423655761711145e-06 2.0992839179550072e-07 2.1281348229446204e-06
190 2.323876903230365e-06 2.2720968715437346e-07 2.0875832148762594e-06
191 2.28551820194923e-06 2.0180909540359524e-07 2.090957891430066e-06
192 2.2776003660885766e-06 2.0104923508307879e-07 2.06940838784115e-06
193 2.331663277966136e-06 2.4774851019733366e-07 2.084831864606995e-06
194 2.2428440023727077e-06 2.1687140118357007e-07 2.0316038841954917e-06
195 2.214925365931029e-06 2.0254897087429004e-07 2.0222465656707757e-06
196 2.255000992853304e-06 1.7303985104043363e-07 2.0658237425392903e-06
197 2.2485521766335875e-06 2.201632074866947e-07 2.0455605662757904e-06
198 2.2322266133625164e-06 2.166031448061371e-07 2.0114983182895774e-06
199 2.2279718175994467e-06 2.222287517409581e-07 2.0000614066647338e-06
200 2.216513207483697e-06 2.2388427139705445e-07 1.990191486654272e-06
201 2.2023032126537827e-06 2.0398262237057044e-07 2.004936227270511e-06
202 2.1853376765099866e-06 1.850921355070525e-07 1.9879783275728167e-06
203 2.1509631070221786e-06 1.78275534871209e-07 1.9569194416568245e-06
204 2.1384038098871314e-06 2.023429610531754e-07 1.9540084027820647e-06
205 2.1788598715621582e-06 2.1499303755851762e-07 1.966146863762428e-06
206 2.172033468478824e-06 2.25089236911198e-07 1.9417640108187762e-06
207 2.137596153889738e-06 2.178042470957287e-07 1.935931655130105e-06
208 2.1433419645130407e-06 1.8574177105982664e-07 1.95417481603456e-06
209 2.145386985969776e-06 2.241266698417776e-07 1.942361382947119e-06
210 2.1219271802346572e-06 1.9289782180958533e-07 1.9386324012808216e-06
211 2.1914779559978394e-06 2.464982736626725e-07 1.9393032908147043e-06
212 2.145083404108472e-06 2.085205795667831e-07 1.9506635591574205e-06
213 2.129553478940678e-06 1.993544557340816e-07 1.92809544763321e-06
214 2.162817677144199e-06 2.1299412545277615e-07 1.945506360714073e-06
215 2.1245031125547143e-06 2.1810195898467224e-07 1.9074130374760002e-06
216 2.1221837451986644e-06 2.1210098968385053e-07 1.9161372374957528e-06
217 2.1461569243254986e-06 2.0638227939764023e-07 1.9529803651443535e-06
218 2.1974455876328312e-06 2.2350763228839172e-07 1.9728255480059283e-06
219 2.1865227313923e-06 2.305499644921045e-07 1.9737826367985862e-06
220 2.179948210094003e-06 2.061565147291269e-07 1.9662190935545262e-06
221 2.2195162422676213e-06 2.4739037616043983e-07 1.9720718176208754e-06
222 2.2251989547111758e-06 2.4170153304014603e-07 1.9737177122517214e-06
223 2.1621251219367824e-06 2.0079182840580488e-07 1.9577621470017645e-06
224 2.180290490072464e-06 1.987808152809788e-07 1.9715989621263686e-06
225 2.2190445259893517e-06 2.2054906484201168e-07 2.006907825147681e-06
226 2.2326862231578064e-06 2.334897386434509e-07 1.999173265653445e-06
227 2.2070843776921305e-06 1.9133378491803238e-07 2.0226996932059956e-06
228 2.2465467424305993e-06 2.1360300850005216e-07 2.030232192301128e-06
229 2.2942418764065397e-06 2.218333589493396e-07 2.063380618098778e-06
230 2.3001699841204946e-06 2.426144444450972e-07 2.060252197722306e-06
231 2.2567659376147326e-06 2.067750722540806e-07 2.038637091104544e-06
232 2.2967480193660734e-06 2.0380572226104522e-07 2.0838741782245753e-06
233 2.3324203553528262e-06 2.276024238371289e-07 2.12194044628965e-06
234 2.3131313031299375e-06 2.1646082347500738e-07 2.096544837250152e-06
235 2.316915189501625e-06 1.9762847291773896e-07 2.12120341521865e-06
236 2.326527479194312e-06 1.8764676729626972e-07 2.140504252890717e-06
237 2.322480039362621e-06 1.980499265058332e-07 2.121880356859096e-06
238 2.404371380158395e-06 2.1726146323481496e-07 2.1716382572178953e-06
239 2.375101843869717e-06 1.8321390872069602e-07 2.1976211612787754e-06
240 2.398864814436594e-06 1.770405821554108e-07 2.227986100003194e-06
241 2.4238963761152733e-06 1.9536314819888229e-07 2.2216893593906676e-06
242 2.3713213326160894e-06 1.6087737955519454e-07 2.2191811499620642e-06
243 2.472099211134991e-06 2.3313848868399562e-07 2.2275944784891744e-06
244 2.450237876417486e-06 1.8496309785849118e-07 2.2621049302993023e-06
245 2.481088061134426e-06 1.6786094167088093e-07 2.311256913788072e-06
246 2.4915143088810125e-06 2.068476076596386e-07 2.279413751083274e-06
247 2.5092182272940494e-06 1.864594843221448e-07 2.3348963839111927e-06
248 2.508881363284422e-06 1.7693601845249326e-07 2.328332474978403e-06
249 2.5352917383557094e-06 1.7900877066207544e-07 2.3529749681734004e-06
250 2.5127864710115443e-06 1.7504745559451146e-07 2.3369268371033053e-06
251 2.5475454257864422e-06 1.9602674980512848e-07 2.3509030458544163e-06
252 2.5610386408796976e-06 1.8951013905502012e-07 2.3620622844850977e-06
253 2.5630282047225645e-06 1.937281244659444e-07 2.3801264916757446e-06
254 2.597614310343646e-06 1.8447945340099868e-07 2.4205989415877676e-06
255 2.5917816222144687e-06 1.5232625170417956e-07 2.4474508941456933e-06
256 2.611468646306968e-06 1.5692167755004784e-07 2.4589022553025336e-06
257 2.6401185027057236e-06 1.6860556118626336e-07 2.4644995776943806e-06
258 2.660931549180136e-06 1.7865465761962973e-07 2.470807656651163e-06
259 2.6401552792998215e-06 1.7917256328852744e-07 2.469997668546934e-06
260 2.6580690487446745e-06 1.5621558729472933e-07 2.5168748205548037e-06
261 2.7333281617221677e-06 1.5602764261240736e-07 2.565336663303442e-06
262 2.6996165831615043e-06 1.3914515047708967e-07 2.554192680982259e-06
263 2.6932843248334376e-06 1.4212216454015695e-07 2.552729940769062e-06
264 2.740533852215115e-06 1.4811406532674378e-07 2.5989157454952124e-06
265 2.7526344460618426e-06 1.5707218346316232e-07 2.601036923602252e-06
266 2.74303382408004e-06 1.4399074506615307e-07 2.594622164305025e-06
267 2.7904948393274047e-06 1.68668887017879e-07 2.6291964734702676e-06
268 2.7990958056444027e-06 1.5224470266549484e-07 2.6474787056562487e-06
269 2.853069214724977e-06 1.4216602409759502e-07 2.6929543310255566e-06
270 2.8529041140045966e-06 1.5228745385269758e-07 2.7128955333543906e-06
271 2.799779466450477e-06 1.284981043285069e-07 2.6835604050548105e-06
272 2.8823692254193616e-06 1.5415773251720605e-07 2.7321848712468548e-06
273 2.8657678434087375e-06 1.3675381131605116e-07 2.7321812116258553e-06
274 2.9409759297919416e-06 1.5468156354013254e-07 2.7851374564837407e-06
275 2.9626992809833027e-06 1.5308273498231704e-07 2.8152495288975295e-06
276 2.9142308443109014e-06 1.353494005901815e-07 2.7821370903688567e-06
277 3.0210518334644903e-06 1.3491981976553898e-07 2.8873922191909893e-06
278 3.026673943989323e-06 1.3176080259931595e-07 2.8999052193034427e-06
279 3.031509660048692e-06 1.1673758892178012e-07 2.917171292310232e-06
280 3.048401671972389e-06 1.388121158377957e-07 2.899650764120872e-06
281 3.043472744467954e-06 1.4215890859848818e-07 2.89943386605054e-06
282 3.0278423105417813e-06 1.2152903685403815e-07 2.913862488904499e-06
283 3.0672271004339825e-06 1.3646309294879568e-07 2.9394458739775184e-06
284 3.1374039199983386e-06 1.5948719476463196e-07 2.9733333925192278e-06
285 3.1679285438365853e-06 1.501673450050599e-07 3.0219682467688906e-06
286 3.1880659257050914e-06 1.306255845583386e-07 3.0630468387948655e-06
287 3.1357836353694903e-06 1.3522347859732518e-07 3.021276826927118e-06
288 3.168026857201987e-06 1.3103503230823594e-07 3.033924143403801e-06
289 3.251896136969318e-06 1.4202629409024838e-07 3.110485197016612e-06
290 3.289242526608789e-06 1.429716162529465e-07 3.14460866068207e-06
291 3.2994636825782216e-06 1.3204897535081514e-07 3.1649929585863965e-06
292 3.2834358419397683e-06 1.2700921335918175e-07 3.1669913522072007e-06
293 3.2974840375957934e-06 1.2790129108879017e-07 3.1681739518931857e-06
294 3.28711012469803e-06 1.1723682416551129e-07 3.175638161043213e-06
295 3.3665289447988946e-06 1.1797697957403772e-07 3.2465317904839913e-06
296 3.3977270783964553e-06 1.0861396818821799e-07 3.285735247856255e-06
297 3.3499453591944794e-06 1.213863400462455e-07 3.235866834893305e-06
298 3.411586583663443e-06 1.3384298063040061e-07 3.280314337146038e-06
299 3.4294526977184137e-06 1.1702206776404098e-07 3.3100542966410147e-06
300 3.4844112149428886e-06 1.2260529201453213e-07 3.3508320927792048e-06
301 3.465637609168744e-06 1.0674601228886833e-07 3.3643022690196886e-06
302 3.5068868288691806e-06 1.1371913776953091e-07 3.3907537237933304e-06
303 3.5810166693922333e-06 1.0921196661091397e-07 3.458334070856056e-06
304 3.5632690003482322e-06 1.1808280487115145e-07 3.444188432035137e-06
305 3.5938264670056436e-06 1.2052824331095833e-07 3.4726966806455217e-06
306 3.597529381934425e-06 1.1914639131785722e-07 3.4673840323122084e-06
307 3.6126015677072804e-06 1.1540718533403684e-07 3.4976348903320737e-06
308 3.66041538234372e-06 1.0611605487613891e-07 3.551185765903728e-06
309 3.6001414335215422e-06 1.0971393324278932e-07 3.4928551475526688e-06
310 3.7126417058603333e-06 1.0915252613649142e-07 3.6106697175668228e-06
311 3.706414769965107e-06 1.075459107513201e-07 3.5984628998610515e-06
312 3.7297175893385296e-06 1.1790982305738247e-07 3.612577899372422e-06
313 3.7398325021804495e-06 9.957763065408608e-08 3.643297026845078e-06
314 3.779935845497829e-06 9.723362986478416e-08 3.688466624343516e-06
315 3.7555075248397506e-06 1.122008313898118e-07 3.6574846632231225e-06
316 3.841127301519994e-06 1.1532889795186172e-07 3.7321004112157983e-06
317 3.8222896463620885e-06 1.0204923916688277e-07 3.708082940729416e-06
318 3.918773456720708e-06 9.49917932326491e-08 3.826304395747782e-06
319 3.9223098964041576e-06 1.07084473507598e-07 3.8164284556956825e-06
320 3.938123836149596e-06 1.1456993288611448e-07 3.820134018654387e-06
321 3.955626091813022e-06 9.4421193227574e-08 3.865684550766699e-06
322 3.958882538060457e-06 9.627700687520037e-08 3.868317946975348e-06
323 4.079471893324099e-06 1.0197117198275448e-07 3.980517644456004e-06
324 4.085427093229403e-06 1.1122003235111121e-07 3.975589976279888e-06
325 4.102246563836827e-06 1.0900169758911051e-07 4.001508855774587e-06
326 4.061596486480547e-06 1.017702980086065e-07 3.96394259419542e-06
327 4.146510635629872e-06 9.398264358580908e-08 4.0613170883667845e-06
328 4.2007814353816055e-06 1.0839129251392477e-07 4.1053428914200734e-06
329 4.239766399202159e-06 1.0595229458363653e-07 4.1364571135901455e-06
330 4.243501644142118e-06 9.723802468453781e-08 4.141772571733074e-06
331 4.239037683526301e-06 9.746300083427805e-08 4.137788668661931e-06
332 4.302876495961548e-06 1.1183077793230234e-07 4.200272577804406e-06
333 4.2771628867894836e-06 9.836852618042556e-08 4.18034435271549e-06
334 4.346084547734065e-06 9.377773757655928e-08 4.256771627849081e-06
335 4.407262874470102e-06 1.1792154356283126e-07 4.28695100545887e-06
336 4.4353399604079554e-06 1.1989913193909434e-07 4.315042801432949e-06
337 4.415420113108738e-06 1.0007015886552229e-07 4.31352827021882e-06
338 4.555082473559506e-06 1.1591682032281705e-07 4.438100660073334e-06
339 4.576944769030784e-06 1.1073765369537664e-07 4.463928974923389e-06
340 4.4813949710922415e-06 1.032925342633834e-07 4.378351438953346e-06
341 4.527126143279459e-06 1.0592958561917079e-07 4.4289644615099825e-06
342 4.642186593809849e-06 1.1061250025921717e-07 4.5381863286119216e-06
343 4.639086812161276e-06 1.1748009779453981e-07 4.517220185701577e-06
344 4.704151619170657e-06 1.101870585032051e-07 4.596908735659119e-06
345 4.7409568258773936e-06 1.285383164783083e-07 4.618517036241045e-06
346 4.74889715231683e-06 1.3085463534043974e-07 4.615733821388004e-06
347 4.836849627732424e-06 1.1056522052550462e-07 4.7249263500883035e-06
348 4.889499010302775e-06 1.1763474307631755e-07 4.770532117097162e-06
349 4.860830168279332e-06 1.1803605869946613e-07 4.7444130947188795e-06
350 4.910669685720562e-06 1.1399672866630571e-07 4.804358875932868e-06
351 5.026030497126139e-06 1.2200393775073273e-07 4.88560073465101e-06
352 5.0120253284794545e-06 1.1903170079515939e-07 4.896637646612295e-06
353 5.009420001065971e-06 1.2473375891826088e-07 4.883663383184084e-06
354 5.057214229427408e-06 1.2113280748834416e-07 4.94011940229349e-06
355 5.078278753864465e-06 1.179006337587875e-07 4.984226616004398e-06
356 5.177601251161458e-06 1.2364572525384212e-07 5.05278673333877e-06
357 5.253007790936733e-06 1.2240915890561431e-07 5.11936965699253e-06
358 5.227255027049169e-06 1.2389218723967888e-07 5.0999330302253114e-06
359 5.260910352333101e-06 1.247079749108071e-07 5.138105352434922e-06
360 5.366226833550985e-06 1.2253278627867547e-07 5.245204746233642e-06
361 5.325889521292478e-06 1.3168615763809172e-07 5.199155823191987e-06
362 5.4034038534649145e-06 1.333874088162161e-07 5.276336439404022e-06
363 5.4840457855128385e-06 1.3123830699942656e-07 5.37089388048943e-06
364 5.4940096359082435e-06 1.3108520191591388e-07 5.365954917686716e-06
365 5.555921153411899e-06 1.4318522923797876e-07 5.41875678735063e-06
366 5.548046126385908e-06 1.290376479786457e-07 5.41320723253082e-06
367 5.68537755698003e-06 1.3992332028351595e-07 5.558779958999502e-06
368 5.702714295112281e-06 1.3519544991453067e-07 5.5768121950322635e-06
369 5.773010139129937e-06 1.425254411477242e-07 5.632155790270296e-06
370 5.804685600468405e-06 1.4730441032511283e-07 5.641996589719133e-06
371 5.765156258940311e-06 1.4920195738925086e-07 5.614822720678518e-06
372 5.874263343346273e-06 1.4128897405963475e-07 5.738425713289397e-06
373 5.903084908363379e-06 1.516713807136467e-07 5.763457390628099e-06
374 5.924114476596374e-06 1.6208157812837604e-07 5.776165883490836e-06
375 6.0097336874061635e-06 1.4303596381609712e-07 5.851754166123275e-06
376 6.109053838699475e-06 1.553151740449722e-07 5.974328760067677e-06
377 6.18286213528312e-06 1.5038134742154695e-07 6.033188954542317e-06
378 6.23856176453731e-06 1.4492074985053413e-07 6.108211869829459e-06
379 6.173532974591619e-06 1.5120444091281105e-07 6.030902879148424e-06
380 6.369557306267817e-06 1.6933237309727588e-07 6.205850261028008e-06
381 6.458473209631807e-06 1.5975405694757092e-07 6.286386536943473e-06
382 6.422236756694049e-06 1.8420574302007682e-07 6.234052384267792e-06
383 6.387499935422426e-06 1.550068135410716e-07 6.2316546551242465e-06
384 6.513806967660737e-06 1.4549023847242112e-07 6.3855974913737675e-06
385 6.565043994783431e-06 1.4759157557965253e-07 6.418780553253464e-06
386 6.576264153345542e-06 1.576693532470382e-07 6.420168141565673e-06
387 6.621373337764993e-06 1.6908664819241902e-07 6.452000446994139e-06
388 6.867905471884287e-06 1.806304417580491e-07 6.686182896176733e-06
389 6.831709688038408e-06 1.725276462253817e-07 6.6469142115956995e-06
390 6.829125190395912e-06 1.5603434285115707e-07 6.674434608186257e-06
391 6.895449976314355e-06 1.5778356219625563e-07 6.746589155833701e-06
392 6.994582154989482e-06 1.7832438858596943e-07 6.8249760051366145e-06
393 7.125358317826927e-06 1.729900731926568e-07 6.9528336509289915e-06
394 7.099487540040625e-06 1.752046015037414e-07 6.912279243311884e-06
395 7.229098321703151e-06 1.7468330065579563e-07 7.050287060063547e-06
396 7.280393048295172e-06 1.7931634070812614e-07 7.102153176292611e-06
397 7.423323131674927e-06 1.9524615044449294e-07 7.227518312732828e-06
398 7.488503979875412e-06 1.7914638115607322e-07 7.300177714763596e-06
399 7.59341635896105e-06 1.7546665002174878e-07 7.417286077184335e-06
400 7.538935010292855e-06 1.848631894188081e-07 7.362283985313223e-06
401 7.660669464697445e-06 1.9200816262417547e-07 7.449248853917392e-06
402 7.732171429263309e-06 1.813448362765299e-07 7.550999192687716e-06
403 7.773289208103661e-06 1.932609053299388e-07 7.57892197826116e-06
404 7.770244243312312e-06 1.9713793857072512e-07 7.589585478619282e-06
405 7.958901563881504e-06 2.083286976422705e-07 7.749779656355173e-06
406 8.126371925385204e-06 2.0552202267379836e-07 7.919736325019549e-06
407 8.172194716798297e-06 1.9462030522398365e-07 7.988078427199809e-06
408 8.299679371835462e-06 2.124811090820845e-07 8.08928726858103e-06
409 8.275895868430419e-06 2.1166726779298682e-07 8.066696392014279e-06
410 8.22396041339332e-06 2.12726988456506e-07 8.015222208342345e-06
411 8.409323758788844e-06 2.1998474753980605e-07 8.189248097955624e-06
412 8.462488393677842e-06 2.290312751868479e-07 8.216144149508704e-06
413 8.587167993556572e-06 2.197190727734894e-07 8.380498137743808e-06
414 8.54477449467918e-06 2.421747931569918e-07 8.299391818873212e-06
415 8.791448276007317e-06 1.9940861657295288e-07 8.615880432082047e-06
416 8.875057007411853e-06 2.382946334317904e-07 8.656711892541063e-06
417 8.965739723032451e-06 2.3035809698966195e-07 8.73479781884713e-06
418 9.005303478622182e-06 2.1772346824037096e-07 8.802225005516699e-06
419 9.086245243393414e-06 2.0274859521457645e-07 8.883707724161735e-06
420 9.175469706020336e-06 2.2091611392702378e-07 8.97216023784894e-06
421 9.29191684734447e-06 2.3470732023265584e-07 9.056734893822477e-06
422 9.40413813905648e-06 2.0628873849482072e-07 9.196646223593395e-06
423 9.627083696846247e-06 2.4116504886581666e-07 9.385049242364573e-06
424 9.586951887607905e-06 2.433058153346593e-07 9.349932683949988e-06
425 9.58652359139595e-06 2.3731489274951808e-07 9.379468400923289e-06
426 9.864354646205399e-06 2.3475011894063725e-07 9.672235224824641e-06
427 9.795583646218542e-06 2.3028150150888407e-07 9.553845483376712e-06
428 9.995900201137926e-06 2.390290445884363e-07 9.791656237057748e-06
429 1.0129523445466587e-05 2.1927602072090437e-07 9.930057477105306e-06
430 1.0246872548173415e-05 2.203541739617016e-07 1.002628794173029e-05
431 1.0316811389665921e-05 2.2826374570442292e-07 1.0100220300392852e-05
432 1.042137728025358e-05 2.548653141182088e-07 1.0167838100788171e-05
433 1.0473790891363617e-05 2.5125322555952765e-07 1.0204955000196385e-05
434 1.0625886268190958e-05 2.549815247684467e-07 1.0386383765665742e-05
435 1.0755395680939504e-05 2.821329645706287e-07 1.0478044805606301e-05
436 1.0798746799555053e-05 2.627389197282949e-07 1.0543307184370789e-05
437 1.0930681301600889e-05 2.639236499576207e-07 1.0661879232782517e-05
438 1.0869974210071494e-05 2.2834750096988204e-07 1.0643690838100453e-05
439 1.1208838611461996e-05 2.6957280521733977e-07 1.0957686947904902e-05
440 1.1284521000338592e-05 2.563573376577115e-07 1.1044511539836277e-05
441 1.1333887176308257e-05 2.5374480763519833e-07 1.1106648770125216e-05
442 1.153359558337545e-05 2.791602204023651e-07 1.1260281931116003e-05
443 1.1802476206683146e-05 2.7261301313500877e-07 1.1517075009793907e-05
444 1.1675414628866213e-05 2.589420829156605e-07 1.1406590856399342e-05
445 1.2035068151150458e-05 2.6090593424149237e-07 1.1773633775943278e-05
446 1.2104039269004289e-05 2.4283120920407216e-07 1.1867291636416539e-05
447 1.2241492976677743e-05 2.756144983299053e-07 1.1984467457962524e-05
448 1.2318103701064228e-05 2.533254407218045e-07 1.205935823361792e-05
449 1.2550036832941553e-05 2.694139405385884e-07 1.2282155555975583e-05
450 1.2676003239508605e-05 2.6713230429216705e-07 1.2376094184807305e-05
451 1.2801694669492604e-05 2.65238688164419e-07 1.2553683788553943e-05
452 1.2762670295964284e-05 2.770631650539698e-07 1.2488332194008473e-05
453 1.2973636142270353e-05 2.7720998505265324e-07 1.2736959659749444e-05
454 1.3287183838993055e-05 2.8311262139795506e-07 1.3021118385623156e-05
455 1.3127486890931366e-05 2.5482673585438623e-07 1.290251947070948e-05
456 1.3431697518538517e-05 2.9903060450004126e-07 1.3152211156807209e-05
457 1.379357697207942e-05 2.6572607792589817e-07 1.3488466344762501e-05
458 1.3674243821856051e-05 2.845026347326194e-07 1.3421713463721158e-05
459 1.3911419074183776e-05 2.667054902152951e-07 1.3642945326269716e-05
460 1.4127545589424125e-05 3.1685168902263867e-07 1.3792759628663375e-05
461 1.4303624202819534e-05 2.8001801168725106e-07 1.4054938702489166e-05
462 1.4362384724060583e-05 3.0218996363007097e-07 1.4055659187145026e-05
463 1.4461293808301758e-05 2.789464853193557e-07 1.4179883604379839e-05
464 1.4596844606582507e-05 2.5852078344401896e-07 1.4336714140948596e-05
465 1.4861970478857306e-05 2.847197594013945e-07 1.4579119719522853e-05
466 1.5016543997857332e-05 2.6874403826720114e-07 1.4740056725975376e-05
467 1.501577642122521e-05 2.829772890901196e-07 1.4734628126857373e-05
468 1.533328872076557e-05 3.127307751895901e-07 1.5047547572488344e-05
469 1.557555028866824e-05 2.8350734142655935e-07 1.5328621845898724e-05
470 1.5628310755410147e-05 2.9649308302414636e-07 1.537446339228326e-05
471 1.584132720039998e-05 2.922278178556842e-07 1.5546031152168535e-05
472 1.5998899275044823e-05 2.8122390100886535e-07 1.568300436532344e-05
473 1.5991851371239238e-05 2.8967236298190687e-07 1.5707105488756128e-05
474 1.6402498039206843e-05 2.7080074610099457e-07 1.6084221349551895e-05
475 1.6396516564323726e-05 2.8638399219930646e-07 1.6126535602370453e-05
476 1.66855149333751e-05 2.9264627366024603e-07 1.640034131371189e-05
477 1.697260375409265e-05 2.801267416264486e-07 1.672420016752895e-05
478 1.677839560356246e-05 2.728211989651908e-07 1.65183515718319e-05
479 1.7020945894414776e-05 2.826858342093495e-07 1.6736291483087033e-05
480 1.7373922602392166e-05 2.7810344339452823e-07 1.7112355514379364e-05
481 1.742314584033748e-05 2.7265101491758626e-07 1.7179170116926133e-05
482 1.7575279009084994e-05 2.862665172443036e-07 1.7307932330337345e-05
483 1.7877428314921743e-05 2.5966485566047057e-07 1.762023705431282e-05
484 1.830074635967467e-05 2.663587819016557e-07 1.8005250419602756e-05
485 1.8347873531664628e-05 2.8090266241975835e-07 1.8061165269263314e-05
486 1.8372026478865436e-05 2.7352948849675114e-07 1.8119887004878093e-05
487 1.8649417411100873e-05 2.7290423835284e-07 1.8379017886460438e-05
488 1.9037553418377694e-05 2.6672153742348234e-07 1.8780302786123536e-05
489 1.8939539922083055e-05 2.641423268223503e-07 1.8662308155976863e-05
490 1.9160532230189604e-05 2.640835246845421e-07 1.890397169606574e-05
491 1.9708398832633875e-05 2.644319953475427e-07 1.944075939166106e-05
492 1.9879999503211e-05 2.463352115419167e-07 1.965057308604542e-05
493 1.989390556102421e-05 2.913268361734322e-07 1.9623449199948737e-05
494 2.008588155842496e-05 2.5546798018918674e-07 1.9815776572622474e-05
495 2.0254694518730825e-05 2.754818751538189e-07 2.0007746914859664e-05
496 2.0370162828293515e-05 2.5618984517804954e-07 2.0124947018049686e-05
497 2.0872788745561915e-05 2.811977648306655e-07 2.06183057723145e-05
498 2.107492367786053e-05 2.6291598320828785e-07 2.0808172574886813e-05
499 2.1022136855537726e-05 2.627292118076018e-07 2.0753402782206266e-05
500 2.1494743005704926e-05 2.7305304405650525e-07 2.1208710470599643e-05
501 2.146701596350831e-05 2.7603403924694277e-07 2.1210688213995705e-05
502 2.1997703946234345e-05 3.0798588313264233e-07 2.1702086650295717e-05
503 2.2274987982012344e-05 2.98745956580145e-07 2.196951069524402e-05
504 2.2267336470498438e-05 2.7141824538315315e-07 2.199562922520992e-05
505 2.2399433302178087e-05 2.633525098098439e-07 2.2175834563013095e-05
506 2.307170175605436e-05 2.766300208271646e-07 2.2805475638206785e-05
507 2.304226595156697e-05 2.83782611199571e-07 2.278090210415297e-05
508 2.3418176303405738e-05 2.575984706799446e-07 2.317263561615511e-05
509 2.375297274600341e-05 2.7756434764508976e-07 2.3499906643081998e-05
510 2.399317159696422e-05 2.7504266811100155e-07 2.3761972555181258e-05
511 2.3988640596363913e-05 2.7400679003177994e-07 2.3677933049681114e-05
512 2.445400563411553e-05 2.5017879834786866e-07 2.4171166598735664e-05
513 2.4903111263791666e-05 2.4482886412447023e-07 2.4640284879465e-05
514 2.4767465691070306e-05 2.4684706485157496e-07 2.4532836251505778e-05
515 2.5200572966347168e-05 2.5374866168301234e-07 2.4934897847060116e-05
516 2.5294126029123937e-05 2.3672541506419236e-07 2.5057827527878417e-05
517 2.5732022841021873e-05 2.5765153211376873e-07 2.5501519035435706e-05
518 2.6042371923131624e-05 2.572036170459505e-07 2.579872717376554e-05
519 2.6076695353608632e-05 2.431683095916476e-07 2.583078602239462e-05
520 2.6605805994499515e-05 2.3692160516729282e-07 2.6346071807504192e-05
521 2.714763997988529e-05 2.2245184044651454e-07 2.691150298293452e-05
522 2.7390784339882695e-05 2.3380679902163477e-07 2.7144518005954042e-05
523 2.7286731203703525e-05 2.3681459676212855e-07 2.703459428427864e-05
524 2.749334446151085e-05 2.313032831563333e-07 2.7323886255954647e-05
525 2.8342018776419852e-05 2.2253546290448545e-07 2.8135468768236573e-05
526 2.8587847322113632e-05 2.2907188189412435e-07 2.8390993332446172e-05
527 2.871371154606377e-05 2.3625533994645892e-07 2.8504948634065808e-05
528 2.859852156571822e-05 2.4167887068905623e-07 2.837829048456591e-05
529 2.9318765510484764e-05 2.340973956350724e-07 2.905154043093702e-05
530 2.963950362722801e-05 2.3286618408345632e-07 2.9429091482484174e-05
531 2.9911981793717596e-05 2.5915656645916394e-07 2.9657530973954143e-05
532 3.046171691650331e-05 2.337223571838379e-07 3.019355949253804e-05
533 3.074992337126003e-05 2.446034778572903e-07 3.056286093383897e-05
534 3.107870211331151e-05 2.3597497458240546e-07 3.085534035680067e-05
535 3.1549084270495014e-05 2.4643054871743473e-07 3.130923493601548e-05
536 3.171725632281556e-05 2.2254180835951567e-07 3.149643094960001e-05
537 3.236617623617146e-05 2.394296659150313e-07 3.209040387360031e-05
538 3.244894293662809e-05 2.345272546813699e-07 3.222550616160023e-05
539 3.2807553804960806e-05 2.434110372595121e-07 3.259057803834371e-05
540 3.336162598039898e-05 2.4271128040171344e-07 3.311538415940957e-05
541 3.396952882695357e-05 2.350104901845318e-07 3.37202323037144e-05
542 3.423096907050849e-05 2.5191075982269095e-07 3.404153859911995e-05
543 3.4449460889289375e-05 2.385926058076472e-07 3.4199007989467034e-05
544 3.502831056733684e-05 2.345121468453851e-07 3.4780444563637865e-05
545 3.5610507872501005e-05 2.3450375719167303e-07 3.538287956844185e-05
546 3.5885428109615927e-05 2.355370289603558e-07 3.5630130953390536e-05
547 3.585527288009913e-05 2.265947244742129e-07 3.566491857272299e-05
548 3.6357250103711156e-05 2.320214665618397e-07 3.614475138262095e-05
549 3.6908165598401385e-05 2.5242296463908645e-07 3.6673009404681535e-05
550 3.7360488475427806e-05 2.3213939874789288e-07 3.713003191692975e-05
551 3.7812491364126846e-05 2.3360504562948263e-07 3.762534025353415e-05
552 3.870272501412365e-05 2.3280962328889609e-07 3.849963843966027e-05
553 3.86067058828584e-05 2.3971657540761004e-07 3.8374549618492105e-05
554 3.9196291187054865e-05 2.1910913339204355e-07 3.9010156174370244e-05
555 3.976846740563195e-05 2.1781266979610515e-07 3.9497995509737e-05
556 4.014213550001267e-05 2.1284652416065123e-07 3.995776260392507e-05
557 4.0401624833651245e-05 2.1770458320719053e-07 4.0178632089406275e-05
558 4.13858861603126e-05 2.456620780162364e-07 4.117275332211384e-05
559 4.183559773657909e-05 2.470226424841686e-07 4.1575131274749854e-05
560 4.228682550795183e-05 2.1946616650421127e-07 4.204710665414969e-05
561 4.2397717451653874e-05 2.2382256380831548e-07 4.2201386722028964e-05
562 4.3143644036293964e-05 2.381727377189615e-07 4.290634417035586e-05
563 4.387894861913986e-05 2.2300712472079577e-07 4.365437885398724e-05
564 4.4415087184251254e-05 2.492312560120339e-07 4.4140876451400355e-05
565 4.4582049794829604e-05 2.426798588902494e-07 4.434435512294767e-05
566 4.536022290895731e-05 2.554739090908678e-07 4.515491386530789e-05
567 4.592215316758041e-05 2.473531959515334e-07 4.568639519233279e-05
568 4.668383008316383e-05 2.3544938725520677e-07 4.644195268987013e-05
569 4.702891821164865e-05 2.504802764509272e-07 4.676280284227659e-05
570 4.7642878742773035e-05 2.5784783707259304e-07 4.740129141808547e-05
571 4.8061578748591226e-05 2.2952636269683482e-07 4.783606470321607e-05
572 4.882423493781146e-05 2.3421460047103787e-07 4.857908949321217e-05
573 4.9469604542535874e-05 2.153518516097502e-07 4.9285488170557214e-05
574 4.981567850530488e-05 2.465261454810718e-07 4.954651724186689e-05
575 5.024266655921299e-05 2.423841117746666e-07 5.001500621432024e-05
576 5.174136402082328e-05 2.5811684132322413e-07 5.1545107526510396e-05
577 5.216856828075672e-05 2.4165210263910356e-07 5.192812825289793e-05
578 5.27384404427757e-05 2.7118876534942873e-07 5.245168723594417e-05
579 5.301637872775142e-05 2.5949796036283056e-07 5.274311588496008e-05
580 5.331223752669122e-05 2.63756059513644e-07 5.3094474707468975e-05
581 5.444244972144886e-05 2.455348635483605e-07 5.419280425307677e-05
582 5.471421608567414e-05 2.694366814045195e-07 5.44525947591527e-05
583 5.574330303634012e-05 2.496154384505832e-07 5.5544181680156734e-05
584 5.741932086012254e-05 2.6673185982142193e-07 5.711978101872847e-05
585 5.764833211576543e-05 2.736225170044445e-07 5.7392000780599925e-05
586 5.786879416958001e-05 2.996171769472918e-07 5.7593010123786055e-05
587 5.88092085859686e-05 2.7783981090173413e-07 5.843101523163245e-05
588 6.006105817305093e-05 3.0685464475339174e-07 5.9783998931799116e-05
589 6.0484653901989534e-05 3.112024421754076e-07 6.0147933431185473e-05
590 6.111022588343965e-05 2.939881110306985e-07 6.078926803731381e-05
591 6.187476389303003e-05 2.8314581370908733e-07 6.162662035409213e-05
592 6.240047460644389e-05 2.9688006253916247e-07 6.212133608347475e-05
593 6.349332189037985e-05 3.09513388237065e-07 6.322765386928755e-05
594 6.446555874722687e-05 3.17268620105311e-07 6.41812433028251e-05
595 6.545260885931276e-05 3.2698183142970967e-07 6.521141929098725e-05
596 6.567565974913016e-05 3.331272011592587e-07 6.536651116039173e-05
597 6.686334126292882e-05 3.111409337212083e-07 6.656113983688388e-05
598 6.725648307343071e-05 3.3075302086074754e-07 6.698192368987439e-05
599 6.834202977367425e-05 3.360306783688151e-07 6.796420262213435e-05
600 6.94477010059433e-05 3.3187329959377176e-07 6.915532368357363e-05
601 7.005237329299917e-05 3.560087644052336e-07 6.972055269667341e-05
602 7.141155976517745e-05 3.5386336139017507e-07 7.100082709633352e-05
603 7.132447085718097e-05 3.571977100149151e-07 7.097162788368907e-05
604 7.318085223351851e-05 3.640966630217305e-07 7.279412121675177e-05
605 7.372893412498587e-05 3.4294976140634004e-07 7.345777885176811e-05
606 7.502462155132876e-05 3.836605872519967e-07 7.467955162211004e-05
607 7.536415303140462e-05 3.7237283003368876e-07 7.499841234298982e-05
608 7.666986370064752e-05 3.9222219535261227e-07 7.633130711697176e-05
609 7.750638822163897e-05 3.63758302447537e-07 7.717406407106814e-05
610 7.865102747795793e-05 3.9301038133340345e-07 7.831502975648045e-05
611 7.947248727116736e-05 3.9715429084161255e-07 7.903641114960887e-05
612 8.104690366964656e-05 3.5227632344478555e-07 8.065694706730356e-05
613 8.203983245361444e-05 4.276324048538228e-07 8.15861893084993e-05
614 8.301347330722393e-05 4.0708671247028493e-07 8.259313099545443e-05
615 8.440836316892725e-05 4.1307513657564113e-07 8.39987588794296e-05
616 8.536054250967855e-05 4.594935699424723e-07 8.495104129587418e-05
617 8.580391968863049e-05 4.3217388777614376e-07 8.53996301675351e-05
618 8.793179365298298e-05 4.767003389639266e-07 8.747861860252338e-05
619 8.930970790870717e-05 4.333425750966335e-07 8.892706259532443e-05
620 8.908218475764226e-05 4.80479473741811e-07 8.865208231271356e-05
621 9.065381285590685e-05 4.7416910699418407e-07 9.014396937937153e-05
622 9.294025319790556e-05 4.6687992840175113e-07 9.24315539794502e-05
623 9.28690604418013e-05 5.51828565054681e-07 9.23981833722061e-05
624 9.354170435288082e-05 5.008321043801998e-07 9.302786241625065e-05
625 9.582655971624292e-05 5.211588850847248e-07 9.530628594175023e-05
626 9.713108457730726e-05 5.027940400597246e-07 9.666979344523434e-05
627 9.843977417318928e-05 5.483136059952214e-07 9.784566419248855e-05
628 9.948951305790944e-05 5.507090748254833e-07 9.892771999251087e-05
629 9.993677762814913e-05 5.622826764535223e-07 9.942116856205727e-05
630 0.00010278797262880928 5.232684193876839e-07 0.00010229224663653029
631 0.00010377153752954094 6.031831505171099e-07 0.00010315538820599312
632 0.00010586577114854353 5.989236312931859e-07 0.00010515695911966864
633 0.00010745843310745528 5.948274519313879e-07 0.00010674945428886724
634 0.00010681719548004633 6.245517299854075e-07 0.0001062393101450091
635 0.00010992434127648528 6.921295251439164e-07 0.00010929980104694427
636 0.0001097580149328328 6.216843187992532e-07 0.00010918980949019769
637 0.00011229447724892883 7.164952073483647e-07 0.00011151795709816575
638 0.00011320049102366797 6.459137015221717e-07 0.00011252793061510202
639 0.00011550150582184874 7.509374805938277e-07 0.0001147258415160918
640 0.00011753768710608374 7.23643010458801e-07 0.00011691896387983468
641 0.00011736666651070779 7.570346374284626e-07 0.00011665842664964153
642 0.00012070960139516307 7.051093835551078e-07 0.000119911346866556
643 0.0001221510787148964 7.346639429319118e-07 0.00012139845163892331
644 0.00012288498550429676 7.128692889267361e-07 0.00012210195101593744
645 0.00012452340458673936 6.891811717366319e-07 0.000123634298444327
646 0.00012629067951159043 7.552441220759068e-07 0.00012553726938126456
647 0.00012897690431275914 7.517878680994605e-07 0.00012817804269543866
648 0.00012963712603889332 8.202113055891029e-07 0.00012883504157390897
649 0.00013145056553003138 8.093388846644325e-07 0.00013068753612759947
650 0.00013423979621613 8.342771809035139e-07 0.000133403593008581
651 0.00013642209571081308 8.255954588777716e-07 0.00013542223608098392
652 0.00013741551785122872 8.888037723632855e-07 0.0001364820928762374
653 0.00013960079268737793 9.143805242457185e-07 0.00013870658142796003
654 0.00013856376803705693 9.778129059522142e-07 0.00013773577633340137
655 0.00014267702929542485 9.618583047749411e-07 0.00014187659818412198
656 0.00014428374962308785 8.423021451731645e-07 0.00014339082346558722
657 0.00014683929248673804 9.010602151382808e-07 0.00014588511385035333
658 0.00014934819614586753 9.793952522252166e-07 0.00014852474301864767
659 0.00015182398675019331 9.194280608458678e-07 0.0001508821129202336
660 0.00015470358424413908 9.880726510365303e-07 0.00015368414732487104
661 0.0001550819216946324 9.923559439930036e-07 0.0001540299898041353
662 0.00015714581258425702 1.0056731143937033e-06 0.00015616565335587696
663 0.00016102348627593545 1.060712915283721e-06 0.00015990044832806823
664 0.00016205119645884336 9.916552704841436e-07 0.00016114532451082123
665 0.00016445464586604025 1.0688124822192464e-06 0.00016333514227979333
666 0.00016538696243138036 1.0444554935245797e-06 0.00016443461358839386
667 0.00016808458412640028 1.1181391377942784e-06 0.00016680638387946934
668 0.0001716975403400313 1.124287616919083e-06 0.00017051182995693785
669 0.00017539878173613278 1.2201975128612204e-06 0.0001740097899291496
670 0.00017523794651386586 1.2234955585983714e-06 0.00017384370295002086
671 0.00017811501765168346 1.2398086071344304e-06 0.00017704258198944367
672 0.00018120202604375192 1.1893641018181651e-06 0.0001800912794781577
673 0.00018288124003979896 1.2016124080168915e-06 0.00018183672900999451
674 0.00018536930775027785 1.333870281744072e-06 0.00018403180329810802
675 0.00018890736271990566 1.301011074414383e-06 0.00018776185178708208
676 0.00019132236184419578 1.2911385197300457e-06 0.00019003763892551349
677 0.00019537970794607955 1.236747082641951e-06 0.00019412255201500721
678 0.0001950693584292669 1.2518822727197395e-06 0.00019393370616668828
679 0.00019785420011836217 1.474154524916269e-06 0.00019625292702024762
680 0.0002026945967352372 1.3400275679280394e-06 0.00020135760533774335
681 0.00020688052041648042 1.3715110424020124e-06 0.0002055990923504335
682 0.00020866268398891653 1.5257656575396778e-06 0.0002070499371381819
683 0.00021057480749947597 1.3607430202644544e-06 0.00020936491683048577
684 0.00021188535445060795 1.5126800748859154e-06 0.00021051099398361413
685 0.00021777223982548735 1.4660138308183115e-06 0.00021627969235115408
686 0.00022027644979507262 1.466410841811813e-06 0.00021896431191534757
687 0.0002227062707543529 1.4406632348662346e-06 0.00022109136816811497
688 0.00022689883073585812 1.5065308277004372e-06 0.00022548091519773684
689 0.00023004440070761872 1.6847357943334339e-06 0.00022835494567389773
690 0.0002330193897109224 1.5014811291665648e-06 0.00023147501022660637
691 0.0002357701384516263 1.8087013808553975e-06 0.0002341666727641811
692 0.00023986254568447124 1.6933321666670983e-06 0.00023799888367669088
693 0.00024361872850772243 1.781472663625471e-06 0.00024206652838545937
694 0.0002455311609808445 1.5945671649414962e-06 0.00024395858776039673
695 0.0002513280848560695 1.7619612928557015e-06 0.00024969130086632796
696 0.0002530868165699084 1.5569518899901525e-06 0.00025150172672072863
697 0.00025696918152197704 1.6387132213390915e-06 0.0002556286506119076
698 0.0002607159974858269 1.8845455556031424e-06 0.00025883889464637413
699 0.0002651888229217311 1.81826603104999e-06 0.0002633175092881254
700 0.00026754718156903013 1.6853058877094346e-06 0.0002660228705308794
701 0.00027415181803226534 1.7435575032304993e-06 0.00027245447539931864
702 0.0002759501602732734 1.8789338696183195e-06 0.0002740364803312293
703 0.0002799795286050171 1.7066428918289297e-06 0.00027833901235225144
704 0.0002843173720620541 1.999728577944063e-06 0.00028221815039520957
705 0.00028726468835698406 2.037789105335252e-06 0.00028528480418641875
706 0.0002942498534747795 2.033866779333622e-06 0.0002920708890968233
707 0.0002988358874930008 1.8458387854535696e-06 0.000296991978024702
708 0.00030175970138035806 2.182337503855364e-06 0.00029928427486432615
709 0.0003063712242687554 2.2473781424026583e-06 0.0003043653517408122
710 0.0003112859289578025 2.314470937720671e-06 0.0003089814359615747
711 0.0003117472031817496 2.122714313074504e-06 0.00030957168888494976
712 0.0003199697713493374 2.388201336086821e-06 0.0003176080778836541
713 0.00032475512800214293 2.3043335075675817e-06 0.00032226080883756316
714 0.00032851175482162466 2.0594214758648035e-06 0.0003264837243911487
715 0.000331854550601348 2.240057853788155e-06 0.00032980595789046727
716 0.0003364824895269718 2.477942074167806e-06 0.000334095276266622
717 0.0003431475761712456 2.263142808249006e-06 0.00034103971882491383
718 0.00034819344522221517 2.2440867547445134e-06 0.0003455608201345277
719 0.0003530452909151243 2.3315488118917954e-06 0.0003508943894669611
720 0.0003561368559208916 2.5091753834665527e-06 0.0003535224581240386
721 0.00036426102138271575 2.494900509861475e-06 0.0003615865214413324
722 0.00036669005330535793 2.4176111746761606e-06 0.0003643781730695411
723 0.0003736868783919311 2.7373372133839078e-06 0.00037091940881643485
724 0.00037724389461745887 2.5425128707755198e-06 0.00037457898067931865
725 0.00038588459546660535 2.5648450951673146e-06 0.0003833051293572774
726 0.00039191864908885135 2.583112531453069e-06 0.00038946054271267813
727 0.00039944187859690595 2.598977343455166e-06 0.0003967972247852747
728 0.00040356747686853947 2.7183444544680327e-06 0.00040103520444117015
729 0.0004095703317884672 2.551485281697226e-06 0.0004071001227801433
730 0.00041427424968311664 2.8517617730707595e-06 0.00041113290287294837
731 0.00042161405006570425 2.8641276361901357e-06 0.0004190126069556912
732 0.00042889991479747437 3.1354562670693412e-06 0.0004264007860684775
733 0.0004339114648133585 3.0653272217881244e-06 0.0004309981905049847
734 0.000441783783254074 2.8543723962639685e-06 0.00043871812170704066
735 0.0004532944586987748 2.5844103622859637e-06 0.0004506122931276231
736 0.0004524601094109982 3.0142405536756798e-06 0.00044931811998788165
737 0.00045907969084598127 3.2382142527554363e-06 0.00045605526148017575
738 0.00046633164289047193 2.7915846976034372e-06 0.00046302493287007023
739 0.0004751269262858706 2.9640643881352255e-06 0.0004721473339679391
740 0.00048206449428144947 3.019123780168879e-06 0.0004792797217677756
741 0.0004874790249171712 3.0886099895593523e-06 0.0004839559754148891
742 0.0004967251934604983 3.0957139559627658e-06 0.000493280501321823
743 0.0005042926790008744 3.251513698985211e-06 0.0005013145425061167
744 0.000513726148080375 3.464315897540715e-06 0.000510468366850111
745 0.0005162367785189282 3.3981528955968226e-06 0.0005128495590092972
746 0.0005253823933409068 3.5324564016323548e-06 0.0005218338386708267
747 0.000536177185045832 3.6762143521970724e-06 0.0005325034730504867
748 0.000541655628244724 3.392384486251619e-06 0.0005385180195380035
749 0.0005520321187265229 3.269383664185682e-06 0.0005490960585045617
750 0.0005561616161879818 3.684168881480512e-06 0.0005527879799553687
751 0.0005670033917933181 3.531961747536821e-06 0.0005640299704248323
752 0.0005761807272016966 3.559108800997971e-06 0.0005725907102308884
753 0.0005817861858619602 3.420083583540414e-06 0.0005785759771533973
754 0.0005986137854137715 3.7555433224471852e-06 0.0005948155771053544
755 0.000604621570245377 3.691007527178383e-06 0.0006013472060406678
756 0.0006091654205720953 3.7175463026176963e-06 0.0006051906491131897
757 0.0006191896793348089 4.034325543562818e-06 0.0006148000910178469
758 0.0006301751673405356 3.861869868038118e-06 0.0006267942954231582
759 0.0006428810431867132 3.957791630747478e-06 0.0006385024559183926
760 0.0006486239522376053 3.8714125644721795e-06 0.0006447804030432795
761 0.0006567461736657772 4.0648283599193675e-06 0.0006518366345622924
762 0.000671814126593127 4.233903897649169e-06 0.0006677990758768289
763 0.0006848734761885112 3.78796591833798e-06 0.0006810733148718889
764 0.0006927636358171964 4.169333193167256e-06 0.0006885156439867539
765 0.0006976130936522006 3.6908888330333233e-06 0.0006947253837809497
766 0.0007086770485636523 4.360054116769692e-06 0.0007043840590553539
767 0.0007261085889225983 3.7900837632505668e-06 0.0007221093481253614
768 0.0007335486495510138 4.112995279197031e-06 0.0007296100203237432
769 0.0007477613806329383 4.229988544662468e-06 0.0007438118567139652
770 0.0007622906475280596 4.153667402416388e-06 0.0007579475585492439
771 0.000762186011699756 4.500762946176124e-06 0.0007585363765904926
772 0.0007795124465604552 3.9304176865433145e-06 0.0007752530118460796
773 0.000782664936624789 4.319267339531712e-06 0.0007777692126569486
774 0.0008066962444261656 4.81072174703457e-06 0.0008019443031845706
775 0.000815287581870466 4.475391996694035e-06 0.0008106066403661375
776 0.0008277046971020046 4.5769062166587145e-06 0.0008233525256853518
777 0.0008402896710946084 4.670680367962695e-06 0.0008349677628568328
778 0.0008522362507077897 4.313395717071703e-06 0.0008472418196980748
779 0.0008689388567370877 4.976067976468342e-06 0.0008643770845327678
780 0.0008796534939492253 4.595114923230158e-06 0.0008742629579485253
781 0.0008928997571217373 4.138704759457392e-06 0.0008887740197058201
782 0.000909671996662274 4.534005701897721e-06 0.0009052619826777144
783 0.0009182862667353037 4.27582879291371e-06 0.0009133417202663164
784 0.0009422289275310881 5.139343670482765e-06 0.0009367594951023371
785 0.0009481561902681601 4.728479885023524e-06 0.0009437189480097434
786 0.0009630414923306165 4.670680030162469e-06 0.0009588974050429764
787 0.0009763823269996222 4.782597887214136e-06 0.0009706841606669403
788 0.0009926037265362518 4.948114517691393e-06 0.0009871356499254694
789 0.001006720026871248 4.973500793931776e-06 0.0010021041472084852
790 0.001027416220513821 5.210120044758839e-06 0.0010229253042734678
791 0.0010481700769910556 4.573290301426944e-06 0.0010432477683679309
792 0.001062458547177538 5.192627487425495e-06 0.0010577074619836013
793 0.0010774532437507573 5.188223351111871e-06 0.001072601404225034
794 0.0011032231094849057 5.054889716320675e-06 0.0010983117843402777
795 0.001101505321576885 5.050257007679325e-06 0.001096964318080683
796 0.0011195742784821253 5.383532943477097e-06 0.0011144659130521842
797 0.0011527525710192592 5.6941604380901534e-06 0.0011466587639504585
798 0.001166296388958425 5.595000908809527e-06 0.001161383670420618
799 0.001179122089753045 5.510625365204507e-06 0.0011736575383931608
800 0.0011918224843920024 5.886496584752985e-06 0.001186136707039051
801 0.0012237280447705396 5.338908384810776e-06 0.0012189516926767133
802 0.0012395186714542288 5.385502286384495e-06 0.0012336070202896155
803 0.0012475717484962026 5.327274774333901e-06 0.0012417018854635146
804 0.0012803677059409638 5.849113626714355e-06 0.001273922924250425
805 0.0013014630091135184 5.59433268958496e-06 0.001296117519057289
806 0.0013133433566609048 5.361984930715749e-06 0.0013078678722912684
807 0.001337298578660632 5.938527976342213e-06 0.0013333288401886259
808 0.0013517515992172572 5.960565912426215e-06 0.0013453156987864093
809 0.0013728295297737575 5.675660007248805e-06 0.0013670467198979
810 0.0013955238496399871 5.6564415142975e-06 0.0013900671679708773
811 0.0014183978017430754 5.8172015803730665e-06 0.0014127691385186257
812 0.0014497074947998772 6.013417769165547e-06 0.0014442535237365415
813 0.001461205596487188 5.875068128500021e-06 0.0014549119596052589
814 0.0014949086366995812 6.9959686729007885e-06 0.0014875507346071867
815 0.0015147829104319738 6.250904924429884e-06 0.001508387731754654
816 0.001547393714570282 6.131085895668249e-06 0.0015406904759602815
817 0.0015451679949489714 6.121694809389076e-06 0.001538993038685218
818 0.0015851094978343778 6.233907005094298e-06 0.0015788225755962219
819 0.001612393522849812 6.5500435857285635e-06 0.0016059895075176934
820 0.0016399165854246874 6.376109554637194e-06 0.001633308679758097
821 0.0016677109918744849 6.2978020114517064e-06 0.0016605890167111495
822 0.001671604302883829 6.873060665721533e-06 0.001665261240189183
823 0.001703111566966368 6.571300636760022e-06 0.001696476318496957
824 0.0017384981492871542 6.0844612554316875e-06 0.001732284679169813
825 0.0017571564343390595 6.411390960992994e-06 0.001750424646780665
826 0.0018069363451859823 6.563520546625634e-06 0.0018011796581898756
827 0.0018293267493816865 6.734212387263791e-06 0.0018211875638057043
828 0.0018577338989976086 6.279511883987367e-06 0.0018518403225590196
829 0.0019004388648919636 6.4799426718230745e-06 0.0018928856484105442
830 0.0019263227853943668 7.047264177819568e-06 0.0019196466551064959
831 0.0019405897951641075 6.500720729507521e-06 0.0019342568920662701
832 0.001991203086200424 6.7005978502282935e-06 0.0019852243555981974
833 0.0020182926327031087 6.722905866584712e-06 0.002011895648450221
834 0.0020383386529665704 6.532593785374117e-06 0.002032035855304441
835 0.0020755335436324863 7.066967165781682e-06 0.0020688419810118066
836 0.0021250380251426277 7.4968263912234546e-06 0.002117880566213117
837 0.0021459641100800906 6.878663570238145e-06 0.0021394230955582576
838 0.0021825378968807862 7.257999141681142e-06 0.00217456760383021
839 0.0022191113806663367 7.038293585915577e-06 0.002212733598427344
840 0.002254839450346108 6.977954893744261e-06 0.0022485324187953284
841 0.0022911802979026534 6.794478571825603e-06 0.0022850298441789226
842 0.0023222911409605 6.93022472239384e-06 0.0023168967494442225
843 0.0023706876369278583 7.609999337309966e-06 0.0023621339787640153
844 0.0023949830365895246 7.265456257380315e-06 0.0023888701762205997
845 0.0024505472279933395 7.500618188179093e-06 0.002443524206691888
846 0.0024728339012355573 7.36457346294882e-06 0.0024667000212339864
847 0.002513618885198269 8.01186061268159e-06 0.0025061505524297182
848 0.0025637165458095596 7.312566047424418e-06 0.002557632319658169
849 0.0025969900542354932 8.178633693280294e-06 0.0025885450968864752
850 0.0026496148897650184 7.271337328612959e-06 0.002642330022911042
851 0.0027054158967478315 7.644778604084045e-06 0.0026973620398769026
852 0.002720657486655692 8.505010673511419e-06 0.0027119757037921666
853 0.002796790092200478 8.10888740907509e-06 0.0027890594777783425
854 0.002803541118984064 7.578536274654083e-06 0.0027961296529650324
855 0.002848369777444521 8.13928923259607e-06 0.002840057985341853
856 0.0029438942398551924 7.152249500856058e-06 0.0029344250579100262
857 0.002976794447808263 7.786480935732783e-06 0.0029695833059015498
858 0.003001841188465111 7.234705875580052e-06 0.002993729644289381
859 0.0030655469924299548 7.5736426354266475e-06 0.00305730087905299
860 0.003097353875895999 7.279488159047855e-06 0.0030900653559863918
861 0.0031270386873874334 8.16291888814589e-06 0.0031206614591179705
862 0.003202853271709589 7.620497242970586e-06 0.003195826026949776
863 0.0032532365231714034 8.524765493855322e-06 0.0032439055138044665
864 0.0033351353140835312 7.394252306628805e-06 0.0033273287694870184
865 0.0033670205018482757 8.247108060584588e-06 0.00335804725039807
866 0.0034260759678426023 8.436642525153037e-06 0.0034166820783258158
867 0.003492625570784348 7.988350624697564e-06 0.0034859357124342755
868 0.003574274259111064 8.128474001353034e-06 0.003565853615998542
869 0.0035944243310158082 7.3449474570940286e-06 0.003588138890307515
870 0.0036871561967019785 8.357465677517579e-06 0.003678282818589938
871 0.0037119587706790948 8.636663423288409e-06 0.0037053380089748346
872 0.0038003134716500476 8.452826273554545e-06 0.0037914629291398703
873 0.0038372021826682838 8.24156745812979e-06 0.003829110379534323
874 0.003917656394844743 8.478532736858014e-06 0.003908772881527807
875 0.003999594000979813 9.363647749465531e-06 0.003991721901027014
876 0.0040307826682734575 8.993441664539858e-06 0.00402197413920467
877 0.004104170916133531 8.582428901798158e-06 0.004096344252498868
878 0.004224718936484762 9.108194760487631e-06 0.0042141969844878575
879 0.004247335025241075 9.783648174209758e-06 0.004240295706664309
880 0.004315724967846309 7.762760184713122e-06 0.0043075212381909495
881 0.004405165153814776 8.742893040633727e-06 0.004396288074004005
882 0.0044466804367732605 8.370155225979566e-06 0.004438488945463736
883 0.004541080102155252 8.612362114116082e-06 0.004535233154155909
884 0.0046246591294488715 8.661618038882869e-06 0.004615186499947846
885 0.004682529024226458 9.041677205327504e-06 0.004672385836252424
886 0.004778250926270408 9.105652904797493e-06 0.004767943319072463
887 0.004901385183187871 1.0132454954545761e-05 0.004892604186488299
888 0.00493978234055138 8.522953367415817e-06 0.004930280892727339
889 0.005029258633258489 9.177711573108284e-06 0.005018003264487331
890 0.005099643620418048 8.586682941135903e-06 0.005091462304185811
891 0.00519837814126625 8.71935999706209e-06 0.005189498467031814
892 0.005286413413750504 9.433229899496087e-06 0.005278246243218107
893 0.005361458954420579 8.857799393467296e-06 0.0053538404152506346
894 0.005419699702467377 9.180288798958406e-06 0.005412210073352853
895 0.005583301802785814 9.019207104309084e-06 0.005576019751939049
896 0.005670015117012579 9.842321955802296e-06 0.005656707035924277
897 0.0057491782314309636 1.0296941799021661e-05 0.005738982597724835
898 0.005841440758146084 9.669100369289093e-06 0.005833867511735155
899 0.005896242272804426 9.492431480599078e-06 0.00588510822608705
900 0.0060942412738598 9.705758004473692e-06 0.006084351928817982
901 0.00618512736038511 1.048312959656217e-05 0.006171878754764702
902 0.0062572293446375 9.722456817658809e-06 0.00624519372048744
903 0.006384782298637917 9.416121345027457e-06 0.006374966781145986
904 0.006453843585415392 9.014287340819082e-06 0.006447502462543153
905 0.006562105907227547 9.396872787969753e-06 0.006552571507176711
906 0.0066731246687008515 9.843435468229216e-06 0.00666384942724837
907 0.00680009261502518 8.931961493863388e-06 0.0067896375205470675
908 0.006884787557851669 9.462899827402025e-06 0.0068793319284084185
909 0.007096957915052358 1.0082437096967324e-05 0.007088033267332012
910 0.007218222587019517 9.607356100982404e-06 0.007207077623701399
911 0.007325643837527408 9.582683187954357e-06 0.007315081237777997
912 0.007448133997582706 9.852924570045985e-06 0.007435879497625313
913 0.007536253651441979 9.783863088509708e-06 0.007526470833054263
914 0.00765517849254932 1.0052014897268192e-05 0.007644332024578023
915 0.007820105790078304 9.715985311672863e-06 0.00781256516019772
916 0.007930570248380514 1.0057760541952035e-05 0.00792145229575099
917 0.008133176060234285 9.6976428116988e-06 0.008122003180819935
918 0.00820231260643681 1.0464090432603416e-05 0.00819093880252862
919 0.008390131418574172 9.948760864073623e-06 0.0083805213903851
920 0.008564762964169739 1.0155940552316727e-05 0.008553101329959347
921 0.00868677316775867 1.0585467486831604e-05 0.00867544757316897
922 0.00878769018550121 1.0815915159281693e-05 0.008779600587708844
923 0.008963957141500879 1.0461670995095904e-05 0.008954574981774033
924 0.009157560309904816 1.0073443608333979e-05 0.009150455131451872
925 0.009277909467341423 9.80405131449019e-06 0.009268439702233913
926 0.009498340718159921 1.0153120168104294e-05 0.009488682340608744
927 0.009649309240038779 1.0393005005568538e-05 0.00963926262668314
928 0.00989407611269297 9.796404361966917e-06 0.00988418593648967
929 0.010010898062690175 1.0589738949750898e-05 0.009999330669677498
930 0.010225131055504917 1.0226336807781919e-05 0.0102174563651655
931 0.01035583445894101 9.378061680856243e-06 0.010346956735893816
932 0.010529880338637632 1.0554697022169076e-05 0.010520482762159333
933 0.010715024067000218 1.010894808644078e-05 0.010704567234434305
934 0.010877703235035525 1.0375536425258083e-05 0.010867371817246901
935 0.011140338466522529 9.836074961157899e-06 0.01112674552109003
936 0.01132947894565466 1.0407154853126258e-05 0.011319679406644842
937 0.011516234268856354 1.0192580314469388e-05 0.011507004514478256
938 0.011744167564813555 9.940951806035417e-06 0.011732569189164942
939 0.011878543144775966 1.0854628252682257e-05 0.011869977927567641
940 0.012137793000139719 1.0391510919302042e-05 0.012125564234798157
941 0.012586759864000525 1.1159394818852033e-05 0.012576685703646215
942 0.012562942383189583 1.0282137248131851e-05 0.012550125735566693
943 0.012856265691644157 1.1095659682190746e-05 0.01284485908441512
944 0.013215241895196777 1.0650750749034237e-05 0.013209218758914499
945 0.013333766359966675 1.0475686798406265e-05 0.013323268635745176
946 0.013431762643252531 1.0754427868263898e-05 0.013421338830262702
947 0.013741718114574737 1.0259731015084e-05 0.013728316552121714
948 0.01424521816565523 1.0484305535426542e-05 0.014238522825738233
949 0.014395930600694566 1.0728415402147572e-05 0.01438331013387058
950 0.014663113869587924 1.0559068933849824e-05 0.01465428268306175
951 0.014890232331793313 9.893899101458127e-06 0.014883198901473075
952 0.015218371427284822 1.0876843509150061e-05 0.015208773345920967
953 0.015488724170994695 1.0511327802302753e-05 0.015472380765724145
954 0.015830384469452004 1.1101221830884033e-05 0.015820899858635207
955 0.016138135055810222 9.951809606929959e-06 0.016130078993466065
956 0.016446024694713145 1.006962305347208e-05 0.016432694127523854
957 0.016704571964896362 1.1014046824783717e-05 0.016694416887862128
958 0.017125717864444487 1.1172971910185278e-05 0.01711761528732682
959 0.017427672102522 1.000704447188473e-05 0.017417691705770913
960 0.017769246707350857 1.0716537308998896e-05 0.017755230930732523
961 0.018007639026670654 1.0459215213965079e-05 0.017994751872312757
962 0.018339635723756756 9.68406813122498e-06 0.018326918232289435
963 0.01880189374799835 1.0017573214509869e-05 0.01879328681795752
964 0.018950055365172566 1.0229664752772412e-05 0.018941574372166634
965 0.019605401770648644 1.0565079691243125e-05 0.019595710103561266
966 0.019791474894027255 1.0381216560354557e-05 0.01978300551512401
967 0.020159484270873763 1.0063846592454484e-05 0.0201514302408242
968 0.02080809365641013 1.0659413176838427e-05 0.020793123420256326
969 0.02124421323292947 1.0951991379460235e-05 0.021229522406213997
970 0.021296147278877964 1.0371263162081796e-05 0.021286780136735906
971 0.02186349179537157 1.0239920791888617e-05 0.02185305576407194
972 0.022229846619173335 1.0692585275369787e-05 0.022223482967527724
973 0.02265851117167141 1.0954313546405628e-05 0.022644074158257154
974 0.02301886215746946 1.1555492730424049e-05 0.02300656291747778
975 0.023627964049410147 1.0063905017328868e-05 0.02361911271663253
976 0.02410575878092282 1.110561346508057e-05 0.024087835917444126
977 0.024485375438424092 9.810656383479871e-06 0.024477419963468316
978 0.025254862622453484 1.0638844149151339e-05 0.02524246494974758
979 0.025615195431812104 1.082872215986212e-05 0.025611014173534258
980 0.02604462569225609 1.0216434490801917e-05 0.02603477762799408
981 0.026759892521518985 1.0063582069890429e-05 0.0267443935042499
982 0.027422216935260705 1.0398576879684765e-05 0.027412483268829307
983 0.027777967122590938 1.0814564050686751e-05 0.02777067239875663
984 0.028312857481001444 1.0581688815371931e-05 0.02829569398710282
985 0.02882204699075389 9.882167942706728e-06 0.02881389000977908
986 0.02955152960003138 1.0128441202637327e-05 0.02954302410360541
987 0.03035539889034968 9.772677639367908e-06 0.03034767724028813
988 0.03081387786880193 1.0106585116196378e-05 0.03080287774732155
989 0.03128581328659335 1.0408799361692188e-05 0.031283254842328134
990 0.03203609390650717 1.0471431451973807e-05 0.03202989732116219
991 0.03259534665388715 1.0196424641543447e-05 0.032581623535555326
992 0.03308767721278176 1.1149070840134681e-05 0.033074717261923306
993 0.03404801494382763 1.132834371977404e-05 0.03403985286872893
994 0.03476546856398532 1.012154976617154e-05 0.03475264922377009
995 0.03566130288635609 9.89579437518354e-06 0.035650295966266954
996 0.036220281418369374 1.1642721578732336e-05 0.03620122744701793
997 0.03702518585423034 1.0705537371391818e-05 0.037023149456283426
998 0.0378352787284541 9.795425348744977e-06 0.037822545179001986
999 0.038428253514534605 1.0341617852565027e-05 0.03842208969072249
1000 0.03903189574676215 1.050611691625128e-05 0.03902075469664724
1001 0.04031476830020881 1.071103407485721e-05 0.040301913166187885
1002 0.040906944864239646 1.0495369634296677e-05 0.0408955349240183
1003 0.04176424682757553 1.0787437730663342e-05 0.04175170299646545
1004 0.043081967935075884 1.0944073038922841e-05 0.04307190447791208
1005 0.043296352799133325 1.0238741991332755e-05 0.043281665716240966
1006 0.04459571482751992 1.069268522849672e-05 0.044588064643729275
1007 0.04537888236114179 1.1826187691811612e-05 0.045363072341966966
1008 0.04648937423153932 1.0759431583258406e-05 0.04648350215164287
1009 0.04778477877656984 1.0728447568024717e-05 0.0477672556665534
1010 0.04864549843241817 1.0216409163198413e-05 0.04863121023065844
1011 0.04929826478962429 1.0211762669780121e-05 0.04929495768170078
1012 0.05043795450305843 1.0957822541204043e-05 0.05042378773454867
1013 0.051954834266545145 1.0587723877144123e-05 0.05194151599901067
1014 0.0529410882203612 1.0673317114152741e-05 0.05293326893315809
1015 0.05420485153093704 1.0593635181527592e-05 0.05419320818610042
1016 0.05500461009292056 1.0822624105603517e-05 0.054991296001585616
1017 0.05660018751883742 1.0356105464891957e-05 0.05658352068118648
1018 0.0577922385373852 1.0335750271837135e-05 0.05778686941251579
1019 0.05836432254815484 1.133608919428816e-05 0.05834929377645689
1020 0.06026971349510926 1.2013067584838566e-05 0.06024752602240792
1021 0.06103424389294779 1.2107194049915779e-05 0.061029311446364275
1022 0.06229732634304096 1.3136281182951042e-05 0.06228508142712685
1023 0.06632603705684732 4.7412013313238464e-05 0.0662816201223541
1024 0.06803368392409834 4.538036434506782e-05 0.0679788260743463
