ell R_ell F_ell N_ell
2 0.0008616676991664647 0.0008364684820375743 1.3640874578001636e-05
3 0.0002096572685611915 0.00018132286150688163 1.6974299190942838e-05
4 0.00011828527964885481 0.0001065772072298178 1.307058711040548e-05
5 6.287652283546389e-05 4.549134643558561e-05 1.3961060615611116e-05
6 7.645682743946208e-05 6.494285316064283e-05 1.3384249692148182e-05
7 6.34742170475684e-05 5.148440524668714e-05 1.2732432950788725e-05
8 3.606231870852192e-05 2.1749937848425427e-05 1.3156872674764028e-05
9 2.8917836457678066e-05 1.7445166251873918e-05 1.2500250158864881e-05
10 3.405926743445077e-05 2.130223393287668e-05 1.273325997811053e-05
11 2.7739824094342717e-05 1.4800628008263117e-05 1.3157666594042952e-05
12 2.94993379507283e-05 1.7002796859759053e-05 1.2149624538104607e-05
13 2.348683307565743e-05 1.1690045516101786e-05 1.3181172699954285e-05
14 2.241766355050987e-05 1.0772219134881384e-05 1.2669248429958268e-05
15 2.4983599502726197e-05 1.104430456473542e-05 1.3445483794843768e-05
16 2.144338455240628e-05 8.105794046151669e-06 1.3300692013450601e-05
17 2.21888308510246e-05 8.358694350958227e-06 1.305155003797643e-05
18 2.007081422542353e-05 6.880477768541002e-06 1.3202881440621526e-05
19 1.693537074158365e-05 4.683649321856574e-06 1.2656795058155739e-05
20 1.9333343194053457e-05 6.980969150436327e-06 1.2514826306511349e-05
21 1.7537163898314356e-05 4.683766310176668e-06 1.2860359237614003e-05
22 1.6948353664094525e-05 3.1194900156831887e-06 1.3778266501832754e-05
23 1.7934216877188268e-05 5.016604934912701e-06 1.2896398091184484e-05
24 1.5360925544983203e-05 1.859495764848372e-06 1.322982949564986e-05
25 1.6043176841809634e-05 3.5419995491740874e-06 1.2639134362807749e-05
26 1.4505634098397453e-05 2.41996823907061e-06 1.2252358287251215e-05
27 1.623677544584092e-05 3.040792151510012e-06 1.3406427358974574e-05
28 1.5303771301404123e-05 1.7401781703686722e-06 1.3566518239114828e-05
29 1.5305187163759727e-05 2.448901609038567e-06 1.2906771567023007e-05
30 1.530133195278671e-05 2.082287697775427e-06 1.321040756197914e-05
31 1.5266192943525773e-05 1.7120485039392146e-06 1.357263607595575e-05
32 1.4948247841439944e-05 1.8915792765600453e-06 1.3024226441852366e-05
33 1.4747461932606064e-05 1.9363683946281682e-06 1.2874718554276964e-05
34 1.4599408247613577e-05 1.899342682537443e-06 1.2896728363603444e-05
35 1.474538272473745e-05 1.7508691406453581e-06 1.2934356955230477e-05
36 1.484155141894651e-05 1.377380191721181e-06 1.336135160399968e-05
37 1.435523931335283e-05 1.6617304404079603e-06 1.2797534416506463e-05
38 1.4693048006605384e-05 1.6273599118012043e-06 1.2896758661613244e-05
39 1.4136886895230227e-05 2.294397917680275e-06 1.2198396357673027e-05
40 1.2871032205246986e-05 1.4553339608291383e-06 1.1507957060137606e-05
41 1.3343908394009601e-05 2.0550193495647796e-06 1.1300080225692724e-05
42 1.1762888396153614e-05 9.668381553138742e-07 1.0842400034216243e-05
43 1.100396597165383e-05 1.1468114878801151e-06 9.910701111772243e-06
44 1.094214635366135e-05 1.259688277997949e-06 9.685860313253474e-06
45 1.0611821604517785e-05 1.2548234318690135e-06 9.402572847520495e-06
46 9.875347664050795e-06 1.006525962804889e-06 8.912510345309682e-06
47 9.446157635640829e-06 9.025874832562516e-07 8.519235442533014e-06
48 9.181635163669552e-06 1.1553135408923515e-06 7.983074417516376e-06
49 8.2885397800498e-06 7.696425056190965e-07 7.579353643642583e-06
50 8.344120405782514e-06 8.853772394480265e-07 7.4545037826777686e-06
51 8.05828987050259e-06 1.131645622252131e-06 6.955798629644422e-06
52 7.759791401200208e-06 9.494383367457729e-07 6.860691224661348e-06
53 7.297581577726255e-06 6.33195075532389e-07 6.616339161235928e-06
54 7.595341351452933e-06 1.1264799352041577e-06 6.616060655133978e-06
55 7.358784746646776e-06 9.814968508906673e-07 6.405111717261873e-06
56 7.135523958305609e-06 8.107220180184429e-07 6.317176858400818e-06
57 7.218548698144656e-06 9.316913003956132e-07 6.332037011216712e-06
58 7.2046826867207775e-06 8.995435298357968e-07 6.270761713938918e-06
59 7.274414109385471e-06 9.39911324411951e-07 6.261891786033981e-06
60 7.114159632629708e-06 9.559470232529753e-07 6.2222455021920795e-06
61 7.248093638457222e-06 1.0030765662660703e-06 6.21023458109862e-06
62 6.9005207943560826e-06 5.949735131105872e-07 6.254387489687129e-06
63 7.157589274096426e-06 8.554606490444278e-07 6.315447751032178e-06
64 6.878972493592036e-06 6.954849486548943e-07 6.295182587654198e-06
65 6.929258362924953e-06 5.533294053698917e-07 6.342729415460561e-06
66 7.056461364815202e-06 8.578445435399788e-07 6.227657654766808e-06
67 7.130586662097938e-06 8.061884220801007e-07 6.295828971125744e-06
68 7.0515987014631905e-06 6.864589934561682e-07 6.452467808058938e-06
69 6.970027611832726e-06 5.892744872333867e-07 6.405939293501082e-06
70 6.954369494816212e-06 6.463522853017358e-07 6.306245843523702e-06
71 7.05338427464479e-06 6.893245066905455e-07 6.3568670295976374e-06
72 6.960454811200058e-06 5.257334377446304e-07 6.352202911099192e-06
73 6.883573424134139e-06 5.45050328388946e-07 6.345371529886538e-06
74 6.812497164434809e-06 5.545101710831883e-07 6.26856949134441e-06
75 6.819683564906471e-06 6.384301859486121e-07 6.222463317110679e-06
76 6.608199641105206e-06 4.869333420792491e-07 6.159399728812981e-06
77 6.5876233318540365e-06 4.956426766820997e-07 6.116122135883177e-06
78 6.6028053587744955e-06 5.57424636404986e-07 6.093568997493328e-06
79 6.67520132098853e-06 6.061105856551307e-07 6.019651845746732e-06
80 6.4167512275674895e-06 6.248751753385583e-07 5.832823411836366e-06
81 6.3429587793254e-06 5.489050852496088e-07 5.7679892292632336e-06
82 6.0374745976268165e-06 4.651334057195491e-07 5.5640987612243e-06
83 5.881351933062344e-06 4.60097570982263e-07 5.4408355655689705e-06
84 5.965878961320879e-06 5.504859905083791e-07 5.43005996759334e-06
85 5.966795181872193e-06 6.439907657618324e-07 5.296390557178089e-06
86 5.747632437639669e-06 5.291587079249542e-07 5.190141175756512e-06
87 5.6803816665727485e-06 6.119262841921962e-07 5.0600225597370966e-06
88 5.475654719265769e-06 5.410076755967549e-07 4.907701334325584e-06
89 5.422866831681599e-06 5.822239600592986e-07 4.89666378811724e-06
90 5.201802247205631e-06 5.396766324455042e-07 4.701277107108945e-06
91 5.340903423861695e-06 5.643951669412299e-07 4.7025477792316695e-06
92 4.957404858171488e-06 4.797180029457043e-07 4.4686140049072395e-06
93 4.892373723862656e-06 5.230186552746914e-07 4.3542928675267414e-06
94 4.927853365664035e-06 6.021169392768084e-07 4.40265303106583e-06
95 4.69297892204179e-06 4.773869908436841e-07 4.247590359545516e-06
96 4.839979403086992e-06 6.564287823382568e-07 4.141999732383818e-06
97 4.624001831031094e-06 5.962224899260794e-07 4.061856481104043e-06
98 4.582571056536423e-06 6.92296229646611e-07 3.9250845162645945e-06
99 4.458760374074111e-06 5.858589915675179e-07 3.881174970296198e-06
100 4.461543875713907e-06 6.604622869226727e-07 3.7934527739948337e-06
101 4.4327004959997646e-06 7.493935430410846e-07 3.711353340288544e-06
102 4.0776228097410596e-06 5.171355000957402e-07 3.597038536192787e-06
103 4.167535259080782e-06 6.458607539135482e-07 3.52852419511342e-06
104 4.308990519939391e-06 7.833549926276359e-07 3.536151294716367e-06
105 3.985980354818037e-06 6.24159536362769e-07 3.3761970129281035e-06
106 4.093644140320435e-06 8.008105067988406e-07 3.2942234095690633e-06
107 3.9002867806261865e-06 6.356431845775102e-07 3.2648666389509404e-06
108 3.860639054111288e-06 7.118730561993739e-07 3.1792486253915385e-06
109 3.837812136209456e-06 6.40144739917225e-07 3.189711974596209e-06
110 3.8465325649248815e-06 7.111943353600517e-07 3.1794741927235357e-06
111 3.7761755990254864e-06 6.633119025879594e-07 3.0989920113810787e-06
112 3.865488661130914e-06 7.55024533408335e-07 3.0859560766347064e-06
113 3.7131897230806667e-06 6.392831284217722e-07 3.054756409923598e-06
114 3.4840547662326294e-06 4.923854895195456e-07 3.010904760399041e-06
115 3.6644908037703862e-06 7.595894835767192e-07 2.9378026250637525e-06
116 3.5994401382366952e-06 6.493230712158423e-07 2.9850911019432976e-06
117 3.6269181671838903e-06 6.278516608059398e-07 3.016870636061388e-06
118 3.5237331206089706e-06 5.398650948829945e-07 2.9924193014766783e-06
119 3.631301467768917e-06 6.977058622688054e-07 2.9628172555127055e-06
120 3.5456319997093097e-06 5.756380198351272e-07 2.9262545970176837e-06
121 3.736305241707615e-06 7.932407939953983e-07 2.9751007733093807e-06
122 3.6036381764239854e-06 6.201631222586579e-07 2.9972909738503803e-06
123 3.6264462608310103e-06 6.364788388533273e-07 3.005894327603722e-06
124 3.732530301190442e-06 6.957694435249519e-07 3.0177986474831497e-06
125 3.6866422852783913e-06 6.243550432068515e-07 3.054140028493786e-06
126 3.7211566515261714e-06 5.972560926164624e-07 3.073435192173349e-06
127 3.5442933769683096e-06 5.793610305974313e-07 2.9743242717665526e-06
128 3.604552974821223e-06 5.766191341324589e-07 3.0081547547058434e-06
129 3.6188673544917807e-06 6.049197815350718e-07 3.0455829565845308e-06
130 3.682245825956127e-06 5.848563170907938e-07 3.0732645274032347e-06
131 3.684825677600764e-06 6.188146833896857e-07 3.0798087122096555e-06
132 3.5758631734728634e-06 4.911960502752115e-07 3.125729367854871e-06
133 3.610653082192749e-06 4.98477749779222e-07 3.13978732259224e-06
134 3.555068145744013e-06 4.35512848692277e-07 3.120298984491972e-06
135 3.528752999706021e-06 4.946290019935557e-07 3.1012421583306773e-06
136 3.763892605664254e-06 5.361156668742101e-07 3.199708796484499e-06
137 3.6388823317641202e-06 4.811840566418213e-07 3.1423894186820175e-06
138 3.6078545552782535e-06 4.067614442986631e-07 3.206197146740405e-06
139 3.6353479572588714e-06 4.474675386713674e-07 3.2140434293908845e-06
140 3.622023193947671e-06 4.421723331537909e-07 3.194352927855213e-06
141 3.7356996325910634e-06 4.956095181975748e-07 3.219063767417017e-06
142 3.5171609648312407e-06 2.819457558087691e-07 3.202992114452506e-06
143 3.6852876589466402e-06 4.48247239348384e-07 3.23440645570952e-06
144 3.6981643742846295e-06 4.883170735888356e-07 3.2030973304934413e-06
145 3.6471211749419334e-06 4.190337979359189e-07 3.2334164934082845e-06
146 3.582213324261823e-06 3.5623564044581e-07 3.2095624742018308e-06
147 3.658772359267873e-06 4.2946330611483116e-07 3.2212720205454817e-06
148 3.6544165422760525e-06 3.9153804851686515e-07 3.2372657958827943e-06
149 3.654440627438816e-06 3.9066877548269093e-07 3.251596944705552e-06
150 3.540880284345271e-06 3.6001207343295973e-07 3.2000809631581243e-06
151 3.5546881747207667e-06 4.293973370543971e-07 3.1233633814073518e-06
152 3.682003315032853e-06 4.3141311409119463e-07 3.260479585264842e-06
153 3.5573167757972035e-06 3.801780434968294e-07 3.1963266587037537e-06
154 3.634440627931866e-06 3.9606747898270066e-07 3.2477618245546152e-06
155 3.469426053680063e-06 3.0830001847492305e-07 3.1549063981037414e-06
156 3.4567304571415825e-06 2.820767462653899e-07 3.18408233376206e-06
157 3.527244367956584e-06 3.6501253205224074e-07 3.1656314903951247e-06
158 3.457950785941312e-06 3.4486731789542584e-07 3.1144738053712344e-06
159 3.4508344257165085e-06 3.402732973473652e-07 3.1164379948669106e-06
160 3.422253457016088e-06 3.3250466427850223e-07 3.0974150657553375e-06
161 3.394462437496226e-06 3.3153915924989747e-07 3.06972098561103e-06
162 3.471896786078629e-06 3.603241538854092e-07 3.0953503684399167e-06
163 3.4712941217941716e-06 4.1324139512540126e-07 3.054911147408998e-06
164 3.473553366857741e-06 3.954596429539849e-07 3.0835672367881876e-06
165 3.4305093010036047e-06 4.0829192572620116e-07 3.0278963264189686e-06
166 3.476659454929573e-06 3.9945553357603566e-07 3.0554044186429846e-06
167 3.3960745540215123e-06 3.426651993996692e-07 3.053571458454429e-06
168 3.3433068012794373e-06 3.3026412402521794e-07 3.0303642037169406e-06
169 3.3344685785810936e-06 3.732089834283705e-07 2.9536350114763887e-06
170 3.1933133233940894e-06 3.0649463332795095e-07 2.9201340597532505e-06
171 3.273276848346556e-06 3.047405913088624e-07 2.9729845399755915e-06
172 3.2478922059954397e-06 3.51234434087898e-07 2.9093526540945014e-06
173 3.2278296218547905e-06 3.377540597417947e-07 2.90533615937852e-06
174 3.2148763288296595e-06 3.516142867530142e-07 2.875958662318822e-06
175 3.2050148499585285e-06 3.4309667499769015e-07 2.87591162488179e-06
176 3.1753990250550206e-06 3.5629686071776987e-07 2.8137979914737994e-06
177 3.195093367349709e-06 3.1624141719546475e-07 2.8514187721189106e-06
178 3.116459623155711e-06 2.9721528096381014e-07 2.800848225325041e-06
179 3.1324917457546522e-06 3.1247346612355957e-07 2.820771222545015e-06
180 3.1018268369199477e-06 2.9380347020572534e-07 2.8087573087426474e-06
181 3.0697462064423512e-06 2.87872206429478e-07 2.7573392449388216e-06
182 3.0719710112998102e-06 3.475614037903436e-07 2.7073421328412548e-06
183 3.032882705363704e-06 2.954686368176008e-07 2.730724722791658e-06
184 3.079496588413399e-06 3.316747017721263e-07 2.752152997200426e-06
185 3.010635194296734e-06 3.498333563966104e-07 2.6555013186708333e-06
186 2.972440921599718e-06 3.052096607174004e-07 2.6571915978868516e-06
187 3.0148019818792725e-06 3.402592999437471e-07 2.6583210118837435e-06
188 2.9230822784701875e-06 2.689096971936733e-07 2.652029733176625e-06
189 2.9633977042227205e-06 3.24303822321908e-07 2.635787317802874e-06
190 2.905036665516471e-06 3.075787555771078e-07 2.599789895123506e-06
191 2.876338146310486e-06 2.992412527894697e-07 2.594524126575794e-06
192 2.876965206324585e-06 3.19034871314766e-07 2.555170104986561e-06
193 2.962033186223107e-06 3.6934254637790774e-07 2.5928109717323308e-06
194 2.844556193436576e-06 2.91912528454246e-07 2.5541963101399197e-06
195 2.78645165180093e-06 2.7076870341031106e-07 2.526823424036763e-06
196 2.8323784509239873e-06 2.449884201805884e-07 2.569617609488317e-06
197 2.874076663974079e-06 3.253541104276026e-07 2.567428108170864e-06
198 2.8365886570236148e-06 3.0626714292991836e-07 2.5238276844866966e-06
199 2.833602663529021e-06 3.1584673573758123e-07 2.5229179514090856e-06
200 2.8350534871211208e-06 3.381352503186742e-07 2.4990477151395556e-06
201 2.830313902684046e-06 3.055217475509509e-07 2.518462702328975e-06
202 2.813810493607049e-06 3.0637095647177044e-07 2.501803557292988e-06
203 2.7706124095882527e-06 2.836241081793737e-07 2.4761645731839546e-06
204 2.754125995386704e-06 2.9179956229965644e-07 2.4827378294917715e-06
205 2.803618747801864e-06 3.0458525827274663e-07 2.4881529452625883e-06
206 2.740036629421527e-06 2.8635944395490865e-07 2.4493077277361866e-06
207 2.765408050218249e-06 3.280751383634647e-07 2.4558411137078267e-06
208 2.7316359834307468e-06 2.6992274113939956e-07 2.462798052826433e-06
209 2.7391273380315228e-06 3.1698248348951096e-07 2.442676215540711e-06
210 2.7187991311986496e-06 2.668614448720989e-07 2.469002473809347e-06
211 2.8214584734499287e-06 3.441142095241618e-07 2.4823947527593123e-06
212 2.756614523775203e-06 2.8344134563004106e-07 2.4768660269747047e-06
213 2.750274318202345e-06 2.9757491856813807e-07 2.4535051732459643e-06
214 2.7943858475612753e-06 3.328144656212775e-07 2.47575820838897e-06
215 2.7159472656675267e-06 2.869044900275467e-07 2.4396139363249397e-06
216 2.735983435595842e-06 2.8688810390891103e-07 2.4579404423791516e-06
217 2.732643281169158e-06 2.5916876011672173e-07 2.491557135404548e-06
218 2.8462869050301404e-06 3.4835298245340947e-07 2.497178709880039e-06
219 2.838337246660636e-06 3.3868034428536094e-07 2.514937364211192e-06
220 2.829839292226166e-06 3.2239319632098993e-07 2.5025500579757125e-06
221 2.8586535383319375e-06 3.467666664946146e-07 2.5167127152978177e-06
222 2.8718716249573534e-06 3.359159390376182e-07 2.5243861052921525e-06
223 2.819853925459174e-06 3.0302953602938277e-07 2.5031456548966484e-06
224 2.8341333427003808e-06 2.976200115794641e-07 2.522695282477606e-06
225 2.845050174582387e-06 3.078119110206967e-07 2.551620351683301e-06
226 2.8759137981826298e-06 3.200671352692051e-07 2.558316057897329e-06
227 2.8525348740511107e-06 2.7199046178718617e-07 2.587148609680975e-06
228 2.930701786067165e-06 3.2349999495064205e-07 2.5997765838760747e-06
229 2.936585866988042e-06 2.918548763098835e-07 2.6351304071157486e-06
230 2.9562384756469118e-06 3.3953975350312125e-07 2.6267622465545966e-06
231 2.9315344887519954e-06 2.886647224278691e-07 2.63554609279531e-06
232 2.9808327260136582e-06 3.1299918544792793e-07 2.6537424866778172e-06
233 2.975633247313201e-06 2.9852515906111896e-07 2.6910208152637453e-06
234 2.9998514551433612e-06 3.216267729504319e-07 2.6861163495078254e-06
235 2.9822364090358014e-06 2.8700408195663694e-07 2.6968107389553794e-06
236 2.9944317261923436e-06 2.6399404878925237e-07 2.730766624849623e-06
237 2.997922070573692e-06 2.7730970811132415e-07 2.7226365018838096e-06
238 3.0976114079666685e-06 2.98471962092508e-07 2.7751397616967753e-06
239 3.0456080235781505e-06 2.688840455843134e-07 2.7787999662917745e-06
240 3.0757799574519144e-06 2.5437401434069144e-07 2.8333613933041232e-06
241 3.1076084530489875e-06 2.6232007068424833e-07 2.8394652780554037e-06
242 3.092134427118633e-06 2.619817751295869e-07 2.8460479362162024e-06
243 3.1654869813128543e-06 2.985306728371498e-07 2.843324256253041e-06
244 3.1467259515122327e-06 2.581188983058437e-07 2.88661440502136e-06
245 3.1883907219738913e-06 2.4013714762033485e-07 2.9432207602623553e-06
246 3.2062815740850103e-06 2.883160943457916e-07 2.9105442839292736e-06
247 3.202136179145476e-06 2.573901819851295e-07 2.957883564290388e-06
248 3.218906292157724e-06 2.5346637347277623e-07 2.9593522433567615e-06
249 3.282052231071923e-06 2.7672611211023795e-07 2.9957531027129994e-06
250 3.2371847722066133e-06 2.7801942280415483e-07 2.9577943579896827e-06
251 3.2859581353386245e-06 2.8456077482371784e-07 3.0037043312716137e-06
252 3.318977692401306e-06 2.823637232419329e-07 3.028307860496026e-06
253 3.2957920003960193e-06 2.609909944576014e-07 3.0383201232342953e-06
254 3.3320218663459007e-06 2.3525460763420282e-07 3.1009781331842638e-06
255 3.3297207096954464e-06 2.2391068375545785e-07 3.1111205623440872e-06
256 3.357752274691277e-06 2.3334512348401763e-07 3.1368703735195446e-06
257 3.4010144200608016e-06 2.48559056488754e-07 3.139294504991036e-06
258 3.417456713420086e-06 2.447046044092072e-07 3.1557088033757506e-06
259 3.4068099487266067e-06 2.503994743492171e-07 3.1623504734191303e-06
260 3.3985153513706363e-06 2.0963109516488492e-07 3.2044694189453898e-06
261 3.5058359963643996e-06 2.4558128764475054e-07 3.2407279518882873e-06
262 3.434331315752536e-06 1.931170392702477e-07 3.229623438285581e-06
263 3.4617053159937794e-06 2.078874330137195e-07 3.2530924776279533e-06
264 3.5173526657643207e-06 2.071528809276931e-07 3.319140285270186e-06
265 3.5406192235037356e-06 2.164682737993848e-07 3.3278335278381453e-06
266 3.518263056028048e-06 1.9512300434253126e-07 3.3214645084860227e-06
267 3.575082196882848e-06 2.298198070615132e-07 3.355610995771516e-06
268 3.582001752141423e-06 2.164179439678463e-07 3.3683855033290213e-06
269 3.620206336592405e-06 1.9755506719317545e-07 3.4118511888589107e-06
270 3.6352349232738636e-06 2.2575159112623162e-07 3.428091743728412e-06
271 3.6048026735603255e-06 1.8342337817756747e-07 3.4380794123604735e-06
272 3.690755169082819e-06 2.1618339211718816e-07 3.475412889471507e-06
273 3.6860745360782444e-06 1.9502584975025472e-07 3.492514863332188e-06
274 3.7335248704673967e-06 1.960068967471154e-07 3.540042376476687e-06
275 3.7777810510095842e-06 2.1265748704085228e-07 3.5731268564489344e-06
276 3.7739179008394136e-06 2.0840106980401958e-07 3.561929935043463e-06
277 3.8549320976773324e-06 1.6274163150255984e-07 3.6934285277092032e-06
278 3.8473227819827335e-06 1.8088012730466354e-07 3.678191593776377e-06
279 3.868576668173358e-06 1.6849393403475892e-07 3.696755936587267e-06
280 3.890521060460157e-06 1.8622434208624964e-07 3.6901215686720194e-06
281 3.889079404199333e-06 2.0229817139253538e-07 3.6915209013150645e-06
282 3.887955449982975e-06 1.7154099229340317e-07 3.724661299396009e-06
283 3.934436394652892e-06 1.8811776416612757e-07 3.7509045607077096e-06
284 3.987985140038537e-06 1.9392141721688743e-07 3.7949583526768308e-06
285 4.037321086119969e-06 1.9487774724795652e-07 3.85628555623842e-06
286 4.033890572566741e-06 1.8303784472423195e-07 3.858445278330433e-06
287 4.02118373436365e-06 2.0027362954660575e-07 3.848000767507364e-06
288 4.092561945364431e-06 1.9240755628488255e-07 3.899776409584152e-06
289 4.157919324674794e-06 1.8652568059516973e-07 3.972232488177186e-06
290 4.196408884211173e-06 2.0108741411967832e-07 4.004314454641353e-06
291 4.223976989040622e-06 1.8750478182666144e-07 4.02790877680849e-06
292 4.191752765829868e-06 1.7329255853245425e-07 4.024403078533652e-06
293 4.208078139008048e-06 1.6434157691070542e-07 4.044534702508521e-06
294 4.1986927378276515e-06 1.4734061833463142e-07 4.046635456717867e-06
295 4.300159489972925e-06 1.6416328439470265e-07 4.136366974262e-06
296 4.309820613344835e-06 1.5755889894501715e-07 4.158885358172761e-06
297 4.308198715335675e-06 1.6366156434020925e-07 4.162648166417623e-06
298 4.351227733108092e-06 1.762757889508215e-07 4.174172126833709e-06
299 4.403616608153826e-06 1.7224924237583792e-07 4.227579830241255e-06
300 4.452399349719062e-06 1.8173024424698113e-07 4.257201840914261e-06
301 4.463685227833566e-06 1.6817466832404132e-07 4.304549150762137e-06
302 4.480995075976447e-06 1.5330550030466144e-07 4.32543238634292e-06
303 4.5530448821120746e-06 1.4337552348607456e-07 4.3921302856448524e-06
304 4.585176987376314e-06 1.6845320198355578e-07 4.413606523235972e-06
305 4.580996536745976e-06 1.5252943547877827e-07 4.424790458062683e-06
306 4.579612942226911e-06 1.683732365168572e-07 4.402415243007513e-06
307 4.619536435895616e-06 1.6141937155573826e-07 4.463883768147786e-06
308 4.678920932816674e-06 1.4577452394490944e-07 4.533007132259636e-06
309 4.63215965704211e-06 1.5657530381535997e-07 4.471164122362117e-06
310 4.73362718000452e-06 1.5307404288568267e-07 4.594674903417754e-06
311 4.7664429371633435e-06 1.6232571734525388e-07 4.60990472439007e-06
312 4.772741396660227e-06 1.5798558051746215e-07 4.613302317906008e-06
313 4.789879376715272e-06 1.3817877638235778e-07 4.655516851845508e-06
314 4.834646668288442e-06 1.3235293585828284e-07 4.708892382173095e-06
315 4.835596209608747e-06 1.6794369315719797e-07 4.692958569332918e-06
316 4.9118106511949174e-06 1.7261752238283322e-07 4.751672652341436e-06
317 4.9085733888410016e-06 1.406433601923405e-07 4.758319033735957e-06
318 5.01953999217571e-06 1.4012609100234224e-07 4.8795213542141755e-06
319 5.01540641128158e-06 1.4096538216375431e-07 4.870883976808524e-06
320 5.0704272025356865e-06 1.637395644534862e-07 4.90007280388084e-06
321 5.101084696916718e-06 1.3953747246445443e-07 4.964287880949647e-06
322 5.091100982988155e-06 1.4250057994914877e-07 4.95699528599094e-06
323 5.198553728981413e-06 1.2694076799642227e-07 5.069336829480726e-06
324 5.2133327461450465e-06 1.4673570753208206e-07 5.067588140178811e-06
325 5.246363137919218e-06 1.39381195874704e-07 5.114161614026085e-06
326 5.238338708155367e-06 1.4831222404981968e-07 5.091301911414401e-06
327 5.326238423694605e-06 1.27036099412942e-07 5.213377243082491e-06
328 5.39154184942709e-06 1.6305302427484068e-07 5.247872453959047e-06
329 5.468139292571336e-06 1.4733120139831258e-07 5.317909943001655e-06
330 5.450625388839766e-06 1.4103385063202939e-07 5.303723719395288e-06
331 5.444350834234993e-06 1.3768731981388492e-07 5.310237666413425e-06
332 5.5507526649045055e-06 1.5387978313281406e-07 5.4056976251106055e-06
333 5.50008901727795e-06 1.4820244575490792e-07 5.351739801256159e-06
334 5.571005502571422e-06 1.3862037121106296e-07 5.438629161234021e-06
335 5.685945001088936e-06 1.597645660911857e-07 5.52633391898306e-06
336 5.740581906571598e-06 1.6431368960821869e-07 5.576444668933988e-06
337 5.731605724781173e-06 1.4512482481703418e-07 5.5909276132197155e-06
338 5.845671073270468e-06 1.5590219199987098e-07 5.686035023021591e-06
339 5.845599434762114e-06 1.426257276152353e-07 5.705091955145524e-06
340 5.790014760731104e-06 1.4487735636558832e-07 5.638701625863294e-06
341 5.850699066857943e-06 1.513878707436528e-07 5.7038522593823145e-06
342 5.954046677205889e-06 1.5443124321013222e-07 5.811469841198387e-06
343 5.953189557961088e-06 1.6574904436388417e-07 5.786542430131981e-06
344 6.060466877360137e-06 1.5076610968752816e-07 5.9148234028276804e-06
345 6.1118215322760026e-06 1.7177349513278415e-07 5.9502332745224995e-06
346 6.1144065873709536e-06 1.7948718711283224e-07 5.9357793080445055e-06
347 6.198201377327386e-06 1.5798719032028698e-07 6.049783618761587e-06
348 6.296187264914366e-06 1.656569156763166e-07 6.12295452709662e-06
349 6.315769668814219e-06 1.6848467141424508e-07 6.152252374880697e-06
350 6.35854216077662e-06 1.486665053832338e-07 6.2177575397597625e-06
351 6.478412759655599e-06 1.6836189008986793e-07 6.283056272592645e-06
352 6.459500692300565e-06 1.7197764270644406e-07 6.2883319478088e-06
353 6.48088639840051e-06 1.809645862229776e-07 6.305181745591329e-06
354 6.585800945835658e-06 1.6460878793950328e-07 6.4210664064435e-06
355 6.589347718900109e-06 1.6850549900614294e-07 6.4397664999434374e-06
356 6.670568145162815e-06 1.7762006813086337e-07 6.494630196837428e-06
357 6.7568221852796206e-06 1.5808707819464637e-07 6.589039489015974e-06
358 6.756752605469952e-06 1.629503709318801e-07 6.587643528584586e-06
359 6.8032590271359686e-06 1.7195979524645055e-07 6.634445536329929e-06
360 6.913634634588428e-06 1.7185105146498487e-07 6.745491888372099e-06
361 6.904411560541966e-06 1.7630072142801552e-07 6.728971934087947e-06
362 7.0387132384786575e-06 1.8024355564255677e-07 6.862976550372975e-06
363 7.094178800563172e-06 1.781378190997537e-07 6.941971760291523e-06
364 7.089910605339484e-06 1.824538106183277e-07 6.912158531655539e-06
365 7.189438780492096e-06 1.9223719021681995e-07 7.003448983590901e-06
366 7.185601002909241e-06 1.7431117490640948e-07 7.006207108277821e-06
367 7.349600818612623e-06 1.766457592763944e-07 7.184827316848329e-06
368 7.405473760930714e-06 2.008027027008327e-07 7.215819669391122e-06
369 7.492022219949429e-06 1.9245528918883e-07 7.301564760025707e-06
370 7.536177486510462e-06 2.0405853219804346e-07 7.315171089412297e-06
371 7.4907909201578145e-06 1.9221248270792587e-07 7.297832387978917e-06
372 7.6204244133400484e-06 1.8996175434884191e-07 7.432992990979794e-06
373 7.69502299428429e-06 1.9944568822363767e-07 7.502450939463334e-06
374 7.723162472919152e-06 2.2133567160486765e-07 7.516184057287592e-06
375 7.773266637190536e-06 1.809974681416956e-07 7.58257800080996e-06
376 7.928026163146878e-06 2.1225959070086007e-07 7.740259593915846e-06
377 8.039819832961815e-06 2.1285573564896393e-07 7.832374426638612e-06
378 8.092736353369447e-06 1.963435326895171e-07 7.920996846000583e-06
379 8.073045461942601e-06 2.009977453021207e-07 7.87769603423393e-06
380 8.323551421759289e-06 2.3376777932669854e-07 8.098069178356553e-06
381 8.409544154494712e-06 2.150285832078348e-07 8.17871840615612e-06
382 8.300528279290657e-06 2.4321150025912655e-07 8.046553875186994e-06
383 8.348199179226218e-06 2.1695425450359478e-07 8.139930166734799e-06
384 8.476275008178471e-06 2.0507235796482513e-07 8.285870022133922e-06
385 8.561260782410989e-06 1.9357114831108658e-07 8.360519112958345e-06
386 8.581200140089526e-06 2.171041542913504e-07 8.367615551556792e-06
387 8.64884827851966e-06 2.1782266982340173e-07 8.425927746039527e-06
388 8.94366307822068e-06 2.325060955744725e-07 8.71030254573424e-06
389 8.91482543327951e-06 2.402717258658503e-07 8.678242165512666e-06
390 8.913004561586324e-06 2.0542803941902028e-07 8.711005661335052e-06
391 9.008587451972323e-06 2.2160081766548964e-07 8.794498208923124e-06
392 9.139201569950608e-06 2.2687227700661964e-07 8.922360015288657e-06
393 9.29456216754618e-06 2.2540135611021989e-07 9.076882318598995e-06
394 9.232003195659236e-06 2.278191572300883e-07 8.996213599451359e-06
395 9.434740134115943e-06 2.2657591880760438e-07 9.198503584468068e-06
396 9.465378271871217e-06 2.3076227101797607e-07 9.228398949553738e-06
397 9.674526652822505e-06 2.5425131756171636e-07 9.425651958191118e-06
398 9.794245434451837e-06 2.440618036023674e-07 9.545193165868996e-06
399 9.927121588846994e-06 2.3301167461541288e-07 9.700773481771678e-06
400 9.883522891600207e-06 2.4333160194863776e-07 9.652178660315547e-06
401 1.0002869894967239e-05 2.551979049769906e-07 9.72395209742899e-06
402 1.013437757893018e-05 2.3187323526139467e-07 9.886691783962605e-06
403 1.01353161344871e-05 2.6311878312227844e-07 9.875805653870963e-06
404 1.0203107336326468e-05 2.676230848518014e-07 9.956237528648234e-06
405 1.0416476153444672e-05 2.707457193716635e-07 1.015011182817714e-05
406 1.0579556511221967e-05 2.6592404431623265e-07 1.0312599240194433e-05
407 1.0685734061436614e-05 2.655939678706791e-07 1.0415345292803257e-05
408 1.0885152331696937e-05 2.823124732366118e-07 1.0614252104252874e-05
409 1.0834000170869239e-05 2.792538970870968e-07 1.0564514867141118e-05
410 1.0802654502046635e-05 2.77940747221781e-07 1.0536384545250298e-05
411 1.100759488846555e-05 2.920495205915749e-07 1.0727913779726905e-05
412 1.1078750503626486e-05 2.961881848335893e-07 1.076832825254709e-05
413 1.123195860184583e-05 2.8635822867972537e-07 1.0951664998125047e-05
414 1.1229226836054537e-05 3.1380333583590086e-07 1.0911255670158433e-05
415 1.1474793688816764e-05 2.6589933228721996e-07 1.123618733042261e-05
416 1.15869106775166e-05 3.081428788895994e-07 1.1298065845108973e-05
417 1.1748815550192371e-05 2.890534180734618e-07 1.1466171034170557e-05
418 1.1833643287502062e-05 2.770550854272362e-07 1.1579045983712752e-05
419 1.1934235969229108e-05 2.7344322173693484e-07 1.1671829375908831e-05
420 1.206310389541106e-05 2.8946593270701197e-07 1.1790748304432134e-05
421 1.2196375441216263e-05 2.958407034370059e-07 1.1890167683210856e-05
422 1.2376301216287203e-05 2.679129392255344e-07 1.2114931150418865e-05
423 1.2666095975127963e-05 3.14190897176326e-07 1.2348552542569207e-05
424 1.2566849238539681e-05 3.1168106034455186e-07 1.2274799464166673e-05
425 1.2641511736133286e-05 3.163090447839248e-07 1.23512541950141e-05
426 1.2983403391633222e-05 3.171443787646438e-07 1.2709585869166748e-05
427 1.2885419834736498e-05 3.0353390549591105e-07 1.2580634382631285e-05
428 1.3183013351907595e-05 3.036604767585474e-07 1.2909753825764939e-05
429 1.3287982893795015e-05 2.9097368027738897e-07 1.3007906810749337e-05
430 1.342418739368841e-05 2.9253200824946864e-07 1.3137993933322871e-05
431 1.3571124480962496e-05 2.9422283568648067e-07 1.3284657929271958e-05
432 1.370210998711366e-05 3.340922347731261e-07 1.3370423193317202e-05
433 1.3774926575814853e-05 3.262844085718279e-07 1.343819769133545e-05
434 1.3980713610173789e-05 3.339549034778481e-07 1.366711596021173e-05
435 1.4197688379245689e-05 3.619582090811885e-07 1.3838587726985501e-05
436 1.4225754769766208e-05 3.2225112615791206e-07 1.391260951788986e-05
437 1.4375057488169085e-05 3.492213746094817e-07 1.4020956334716548e-05
438 1.4404251612480169e-05 3.1208079214080863e-07 1.4103608892355175e-05
439 1.4781390887467994e-05 3.3544724489530934e-07 1.4464589782211563e-05
440 1.4860072495646839e-05 3.274028560127386e-07 1.4544252317013804e-05
441 1.5009257958551002e-05 3.2720940785211916e-07 1.4704014464760653e-05
442 1.5220127815746116e-05 3.613473364824257e-07 1.4859866435383278e-05
443 1.552377094072682e-05 3.4976189312425795e-07 1.5161795120345597e-05
444 1.5384293073963488e-05 3.422149100791031e-07 1.5033326415235795e-05
445 1.5868071452398775e-05 3.444852773593162e-07 1.5526266469546336e-05
446 1.5955548833156648e-05 3.2271298545464206e-07 1.5635151085924643e-05
447 1.61407578863641e-05 3.6157148618853415e-07 1.5795300459519095e-05
448 1.6278473468672975e-05 3.389410580860837e-07 1.593458707462093e-05
449 1.659641876936225e-05 3.6182773302028653e-07 1.623602284853009e-05
450 1.672260600097096e-05 3.517463664595355e-07 1.632298790787054e-05
451 1.6804924993505992e-05 3.3811250445578894e-07 1.6477397156223038e-05
452 1.6803473733927457e-05 3.6703187449825754e-07 1.6442762856419313e-05
453 1.7142418619457478e-05 3.6216845177005037e-07 1.6851160817967912e-05
454 1.74466562419361e-05 3.688340341708417e-07 1.709081608376802e-05
455 1.738279574380318e-05 3.3186030274089955e-07 1.7068278688916382e-05
456 1.7745080192926417e-05 3.8013246710967764e-07 1.7398855149348145e-05
457 1.8148152913567913e-05 3.3770369943355957e-07 1.7772005899838776e-05
458 1.8016982847062266e-05 3.743813210480245e-07 1.7676163381701632e-05
459 1.8346527516219885e-05 3.4170305060769436e-07 1.799764832762496e-05
460 1.8658506006417244e-05 4.0141222402626137e-07 1.8236534004030722e-05
461 1.88199171894039e-05 3.6607277102645087e-07 1.8499813079150917e-05
462 1.8915710637770398e-05 4.004072492203827e-07 1.851417948410579e-05
463 1.9175659324598714e-05 3.7676102025151827e-07 1.879041514445849e-05
464 1.9264543285056832e-05 3.2808372693845684e-07 1.8936003460843055e-05
465 1.952782147837703e-05 3.705922602635048e-07 1.91628401383052e-05
466 1.9796197876068173e-05 3.551490402668709e-07 1.9426738935502895e-05
467 1.9843644779874654e-05 3.563053608092632e-07 1.9513667894985507e-05
468 2.0235184119502324e-05 3.9739771271886094e-07 1.986883279194849e-05
469 2.0577241368207976e-05 3.668649488133046e-07 2.0242954808765523e-05
470 2.053743739089755e-05 3.85881762486441e-07 2.020767423433631e-05
471 2.089183914702467e-05 3.870186644668316e-07 2.0507606316948612e-05
472 2.1129749943962745e-05 3.624894954932466e-07 2.0755601237377857e-05
473 2.11367548052863e-05 3.612357626256127e-07 2.0773214010748456e-05
474 2.1737522264276306e-05 3.584620447549873e-07 2.1332925596765684e-05
475 2.16325326598448e-05 3.855225301357625e-07 2.1273771515907497e-05
476 2.206501020679962e-05 3.776266949369349e-07 2.1687920750944575e-05
477 2.240090260451954e-05 3.627921490640395e-07 2.2073643078845292e-05
478 2.229553691346178e-05 3.531006609963983e-07 2.19564894863671e-05
479 2.2490895263083986e-05 3.5300633429181116e-07 2.2133943709105584e-05
480 2.2797755039267418e-05 3.5383856746245626e-07 2.2459967630087028e-05
481 2.3045368843277485e-05 3.4886363131167075e-07 2.2706401301490176e-05
482 2.3276900459539915e-05 3.766873090397664e-07 2.293043028135015e-05
483 2.359923419907908e-05 3.550197394726909e-07 2.3261693008663838e-05
484 2.4089594085740396e-05 3.421756971923527e-07 2.3710616182770855e-05
485 2.4182723195435174e-05 3.5263006045689487e-07 2.384566957786737e-05
486 2.4153735563580623e-05 3.519086604505616e-07 2.3828099455740867e-05
487 2.442952156077091e-05 3.6294128593808374e-07 2.407085209008315e-05
488 2.510081245100743e-05 3.4433753008499723e-07 2.4775901714279375e-05
489 2.499843435048906e-05 3.3819471497151157e-07 2.464226435420761e-05
490 2.5263308575344955e-05 3.512070758152894e-07 2.4928625393639354e-05
491 2.5909648115777306e-05 3.471971276773294e-07 2.5567775365160648e-05
492 2.6182454822136717e-05 3.294966124080506e-07 2.587708701941658e-05
493 2.6372026403164727e-05 3.755352960891892e-07 2.6020929045920386e-05
494 2.6584324041714873e-05 3.2333840073540385e-07 2.6263717658914892e-05
495 2.671108237070618e-05 3.6250991213748513e-07 2.6398789240292607e-05
496 2.687711202685651e-05 3.301146970055746e-07 2.6563169894673375e-05
497 2.750804053262021e-05 3.5544199614531327e-07 2.7181057432154775e-05
498 2.774264916893054e-05 3.4362011872828036e-07 2.7381098164289327e-05
499 2.7779443736422738e-05 3.4488229088751577e-07 2.7431573563696472e-05
500 2.821200345662893e-05 3.5451487828808636e-07 2.7859705616035198e-05
501 2.8480931394448294e-05 3.653286359863707e-07 2.813049060690694e-05
502 2.9054673059275265e-05 3.924113229166741e-07 2.867337438328682e-05
503 2.9377867019498805e-05 3.8477048869540134e-07 2.9005556024625764e-05
504 2.9355818143806086e-05 3.5618588974701755e-07 2.8983840010117485e-05
505 2.952459701374219e-05 3.2597752344742485e-07 2.9254583908417106e-05
506 3.048131335030789e-05 3.478699257189522e-07 3.014784466350281e-05
507 3.051096641162362e-05 3.7277428362467266e-07 3.013725135571323e-05
508 3.095509096497127e-05 3.348348711757204e-07 3.063882238406126e-05
509 3.125012239415592e-05 3.545439700177993e-07 3.092884300532136e-05
510 3.1659131217210955e-05 3.5413423951960424e-07 3.133512898350032e-05
511 3.1817902349614676e-05 3.5964103326000555e-07 3.1422902577800326e-05
512 3.230546212142337e-05 3.2284813751201784e-07 3.196274103516176e-05
513 3.276222178619611e-05 3.182748235466137e-07 3.241509835498949e-05
514 3.293349548604545e-05 3.2505651800504635e-07 3.259743769182232e-05
515 3.3265212883100593e-05 3.291938677683869e-07 3.293254945706325e-05
516 3.354311085826767e-05 3.080813188989668e-07 3.3236801367551146e-05
517 3.3897908954548935e-05 3.388350490167276e-07 3.359361304144048e-05
518 3.417042048905476e-05 3.292260505929243e-07 3.386495993252734e-05
519 3.448131716642553e-05 3.1875244649164963e-07 3.416456667330423e-05
520 3.501739508839314e-05 3.020262574567179e-07 3.468953225993007e-05
521 3.580153314246541e-05 2.9575190791278157e-07 3.549352585682443e-05
522 3.616650064452913e-05 3.085925481373197e-07 3.585275670679924e-05
523 3.598658164500601e-05 3.041190776919049e-07 3.568682232332534e-05
524 3.627697380467314e-05 2.917549559872788e-07 3.603832876585766e-05
525 3.734964427636047e-05 3.0137460117968694e-07 3.706441300721898e-05
526 3.763139516365346e-05 2.9431282665790444e-07 3.7370317566612116e-05
527 3.7881227757262925e-05 2.988208745602665e-07 3.7623565145034817e-05
528 3.79382936899686e-05 3.1123515520442973e-07 3.7663546728229673e-05
529 3.872314063551311e-05 3.080876180528561e-07 3.8383459139179376e-05
530 3.906607724394681e-05 3.0213927137335755e-07 3.8791470465619765e-05
531 3.949594398281271e-05 3.309602100096957e-07 3.9173809958833895e-05
532 4.0219213735592067e-05 3.0161348428381676e-07 3.9884682287417576e-05
533 4.057698861284582e-05 3.1964897395196896e-07 4.032817041592458e-05
534 4.100397192369466e-05 3.055386533995145e-07 4.072733227986426e-05
535 4.165700278887707e-05 3.1304967013148067e-07 4.136984996938682e-05
536 4.1823590933342504e-05 2.88229649929879e-07 4.15393243686322e-05
537 4.268053336315187e-05 3.217782685631312e-07 4.23223966066593e-05
538 4.301310658274601e-05 3.0939173106081784e-07 4.271326081823097e-05
539 4.333068889218068e-05 3.072088778987371e-07 4.3038851771384426e-05
540 4.3999388580726336e-05 3.135253113533719e-07 4.368606747511026e-05
541 4.4887192610481064e-05 3.1231990980419253e-07 4.455709138310586e-05
542 4.509094625014454e-05 3.3123787000663046e-07 4.481346188295718e-05
543 4.545270550012902e-05 3.160751637752331e-07 4.511554999474641e-05
544 4.611964491875914e-05 3.0152181655761056e-07 4.582058013978553e-05
545 4.6818570171276734e-05 3.0135311208741263e-07 4.6530517795916126e-05
546 4.732726718104974e-05 3.1802720765384414e-07 4.6975933722180754e-05
547 4.733923553168276e-05 2.9785145331621033e-07 4.709913347861773e-05
548 4.806576218582336e-05 2.9227927367159684e-07 4.778042494764088e-05
549 4.869623836900904e-05 3.1776984027357276e-07 4.83906847626767e-05
550 4.922682750265112e-05 3.000919291389917e-07 4.892728144412561e-05
551 4.982450513383369e-05 3.112244558965591e-07 4.95621676249885e-05
552 5.115404274588863e-05 3.0231892894983887e-07 5.089010838037836e-05
553 5.1173789971269944e-05 3.101910418036974e-07 5.0891764388018855e-05
554 5.166674506845965e-05 2.917971391219604e-07 5.139917732048883e-05
555 5.2186775357599385e-05 2.8476467373392623e-07 5.184762899003709e-05
556 5.337606718627694e-05 2.728597994289554e-07 5.313479164683439e-05
557 5.3314733889386034e-05 2.8599363659037624e-07 5.304149068700999e-05
558 5.457995294974988e-05 3.1991523248452295e-07 5.4311420958754056e-05
559 5.5129977229091966e-05 3.168546457426404e-07 5.479875616684696e-05
560 5.5628834944006807e-05 2.857707639267687e-07 5.532113800836483e-05
561 5.6230440064354005e-05 2.95015536066214e-07 5.596780673022385e-05
562 5.71828279452102e-05 3.072457594847393e-07 5.690229586056089e-05
563 5.7944674613344455e-05 2.886813458714259e-07 5.7653140100906284e-05
564 5.846666132117699e-05 3.2659329467574827e-07 5.812059033770155e-05
565 5.8992193024645306e-05 3.2110676423459627e-07 5.868227205015526e-05
566 5.993821052646651e-05 3.4396083472881486e-07 5.963644708635368e-05
567 6.063179197378006e-05 3.1889002227971653e-07 6.033187781571191e-05
568 6.16950284209767e-05 3.140611144445535e-07 6.13588251257292e-05
569 6.227608851969022e-05 3.2381154236521405e-07 6.193186198689331e-05
570 6.265644578676756e-05 3.2134375365895955e-07 6.23688524608084e-05
571 6.357386503165805e-05 2.9118130896354924e-07 6.326293865612785e-05
572 6.455120898535205e-05 3.068867783648245e-07 6.421358003256506e-05
573 6.548347018039189e-05 2.866440772306127e-07 6.523490785802468e-05
574 6.60215656734084e-05 3.3044578488238477e-07 6.564306819350842e-05
575 6.667053913910319e-05 3.149784331108181e-07 6.638201205858388e-05
576 6.809506018493156e-05 3.2918704491582094e-07 6.783879403839761e-05
577 6.874144143962303e-05 3.1628859354503475e-07 6.842593070922972e-05
578 6.980604579858296e-05 3.545280596074462e-07 6.943111194220512e-05
579 6.975210174510083e-05 3.351875186971327e-07 6.940760028720367e-05
580 7.048224817592635e-05 3.4372212535294777e-07 7.018516788812915e-05
581 7.216240565074077e-05 3.2080653028334537e-07 7.182793905436931e-05
582 7.221894799449178e-05 3.530977265416825e-07 7.19001690520209e-05
583 7.363180772785059e-05 3.294899224402503e-07 7.332534897919586e-05
584 7.532644376513379e-05 3.4107651291126476e-07 7.492360392510051e-05
585 7.587361183027358e-05 3.534803490410834e-07 7.551910876466066e-05
586 7.637817365667858e-05 3.853341655925228e-07 7.60228809707023e-05
587 7.79275423700501e-05 3.674182779119198e-07 7.746799871282256e-05
588 7.901627806479445e-05 4.125925367032036e-07 7.864649259727756e-05
589 7.974079903732496e-05 3.8423722479572906e-07 7.93286167497023e-05
590 8.057754880146494e-05 3.7782114699525064e-07 8.019696530090619e-05
591 8.162120856036342e-05 3.6660961971852097e-07 8.130857899200071e-05
592 8.254056238818586e-05 3.789722130382865e-07 8.218968958170305e-05
593 8.388503654922006e-05 3.9817834805869533e-07 8.354224773901375e-05
594 8.525975883057228e-05 4.1840965717661566e-07 8.48837609594201e-05
595 8.65710673689118e-05 4.1275543011365805e-07 8.624083610062375e-05
596 8.696464944155083e-05 4.311456876921171e-07 8.653977642021478e-05
597 8.83443473227076e-05 4.152451466493357e-07 8.79400989335796e-05
598 8.900128921952642e-05 4.2126030449385996e-07 8.861024732227843e-05
599 9.02086438072684e-05 4.3312230607989385e-07 8.974304532400099e-05
600 9.182327405323154e-05 4.284225450900708e-07 9.14557777753393e-05
601 9.210686880156788e-05 4.657414179583198e-07 9.164022175491617e-05
602 9.424742717976836e-05 4.660239292491162e-07 9.373946690911863e-05
603 9.46130845094521e-05 4.74563843862056e-07 9.417346183762273e-05
604 9.645870745565405e-05 4.772502174396833e-07 9.594655596430533e-05
605 9.723489656038663e-05 4.3808945699023113e-07 9.684707816710602e-05
606 9.899899160683555e-05 4.849961239348851e-07 9.8579948651017e-05
607 9.96969236719146e-05 4.7681891457170016e-07 9.92359808969897e-05
608 0.00010148630649940294 5.059763205092053e-07 0.0001010664324211049
609 0.00010224687465441531 4.7343305907946953e-07 0.00010179425725263053
610 0.00010367107335323027 5.110134961214799e-07 0.00010320515114547011
611 0.00010486622530208696 5.271240920888802e-07 0.00010427656724253496
612 0.00010746338141785409 4.689822463984168e-07 0.00010695826520827537
613 0.00010793377512451535 5.401236376197159e-07 0.00010738419563654161
614 0.00010987553183995009 5.328237216451726e-07 0.00010933193711099262
615 0.00011148046822921538 5.374070768886697e-07 0.00011093944527153467
616 0.00011239346647740245 5.82924567463472e-07 0.00011182698192031478
617 0.00011380634524855976 5.565841659244379e-07 0.00011329141633636376
618 0.00011592009648326462 6.137049854205339e-07 0.00011530716558436555
619 0.00011833854499352799 5.866620054005673e-07 0.00011780522029990098
620 0.00011795690001241097 6.178223909345968e-07 0.00011740545767116154
621 0.00011973113912794386 6.215578724021266e-07 0.00011911692757793768
622 0.00012229695204190534 6.045036471276611e-07 0.00012162566935381818
623 0.00012288859110832646 7.112576431730535e-07 0.0001222467880897674
624 0.0001238864148210922 6.467467232346585e-07 0.00012325681420779233
625 0.00012640941363761875 6.65005278638682e-07 0.00012577468820202756
626 0.0001284941307628352 6.535455910950155e-07 0.0001278397845128731
627 0.00013011381543900607 7.044532450809209e-07 0.00012936958617469751
628 0.00013147135450836993 7.260205750734959e-07 0.0001307636770785914
629 0.00013261822435758398 7.197902417053666e-07 0.00013190676389305346
630 0.00013556674249809848 7.021247449080336e-07 0.00013489499365038757
631 0.00013720733643144952 7.828947707642711e-07 0.00013642653079313184
632 0.00014001032358306492 7.67775323343301e-07 0.00013910348134391653
633 0.00014156547671039297 7.758042089881436e-07 0.00014072564523781133
634 0.0001413750658343544 8.129319050063868e-07 0.00014065531660479268
635 0.00014535109230716617 8.72676551142129e-07 0.0001445498305241268
636 0.00014534109645160333 8.145161301506365e-07 0.00014458215984418976
637 0.00014849045528209586 9.101768312918923e-07 0.00014751476469984006
638 0.00015014418063399645 8.172787979387763e-07 0.00014934345212903278
639 0.00015210421326590593 9.530060924099267e-07 0.00015110676413262328
640 0.00015518241274705742 9.513248260547525e-07 0.00015436723069939327
641 0.00015594511563526718 9.739156169071878e-07 0.00015503407453073897
642 0.00015949051081550102 8.871381108321347e-07 0.00015850513167455448
643 0.00016163015065639774 9.435083097756781e-07 0.0001606301443856323
644 0.0001626077383495632 9.345119236799608e-07 0.00016165571590186678
645 0.00016417133519172896 9.017665786174282e-07 0.00016306114818157605
646 0.00016740108307029225 9.937859717519822e-07 0.0001663550136844826
647 0.0001710151420879718 9.749233217822194e-07 0.00016999161856498215
648 0.0001708006024458515 1.0202522671816432e-06 0.00016982262347216927
649 0.00017372736514623287 1.0518365516157245e-06 0.00017268081918175052
650 0.000177768522675769 1.082098761701528e-06 0.00017664347750394926
651 0.0001800333912462889 1.1039052420551227e-06 0.00017872200002836116
652 0.00018200615915536642 1.1456623774684597e-06 0.000180835764135512
653 0.00018465743133647708 1.1919922747975202e-06 0.00018348111566996898
654 0.00018337938957241825 1.2268019545756736e-06 0.00018230834663385162
655 0.00018948041913825455 1.2654020989556026e-06 0.0001884316011820386
656 0.00019213745598705198 1.106676289244215e-06 0.00019097914630972953
657 0.00019385125022876822 1.1462425282684574e-06 0.00019264068220656538
658 0.0001967087654150762 1.2310400403135393e-06 0.00019566914025689444
659 0.00020034736275706627 1.2379996337509585e-06 0.00019910110313640572
660 0.000205026622932687 1.314536260931849e-06 0.00020357204660803477
661 0.0002052136465455902 1.2616483162416662e-06 0.00020394187990292463
662 0.00020762294997951882 1.2860249174690823e-06 0.0002063591627617163
663 0.0002123748592830877 1.3515336540466234e-06 0.00021091025758170106
664 0.00021480738662476388 1.3148255596195834e-06 0.00021360829613979512
665 0.0002186833960094001 1.4258031802457061e-06 0.000217210443318818
666 0.00021888026841205527 1.3878946051337252e-06 0.00021761474973855575
667 0.00022199191644700687 1.4818100588723133e-06 0.00022039368330870363
668 0.00022718904029054822 1.4465860473703744e-06 0.0002256284115959063
669 0.00023195760542414268 1.52314035508979e-06 0.0002303025572350088
670 0.00023134189625944324 1.5317179519168777e-06 0.00022964422555492948
671 0.00023541155236702998 1.6248439879923e-06 0.00023396226705253018
672 0.00023970214409659179 1.4674501563900015e-06 0.00023831445007569036
673 0.00024272319310594082 1.5844140854117438e-06 0.00024133472157028324
674 0.0002462953698323912 1.7035502428731743e-06 0.0002445859251942948
675 0.0002503615530541096 1.6524445881460626e-06 0.000248873595785735
676 0.00025293395502683826 1.6406152632187488e-06 0.0002511807694939327
677 0.000258117010881701 1.6166235524741712e-06 0.00025652769068840934
678 0.0002595407538792977 1.6592384313641269e-06 0.000258022978228666
679 0.00026276137972898646 1.8894546885921572e-06 0.00026074075848889677
680 0.00026808058317976215 1.7821039355893236e-06 0.00026643659925938685
681 0.00027380116584269125 1.794580218417644e-06 0.0002720448900891443
682 0.00027693065678607284 1.887361919355095e-06 0.0002750568753769729
683 0.00027926657608539165 1.7388540195906316e-06 0.0002775933363578596
684 0.000281184334841244 1.9022946117588335e-06 0.00027949303123169775
685 0.0002878959952509804 1.9322578688841666e-06 0.0002859693018685949
686 0.0002914804239238839 1.8993807960463844e-06 0.00028981527413760987
687 0.00029475249715303376 1.8885106622989947e-06 0.00029262623741915415
688 0.00030005008955901575 1.9810341984466713e-06 0.00029812640417319856
689 0.0003058764227764569 2.144063772836069e-06 0.00030369365752208155
690 0.00030910994574814696 1.9477613784877314e-06 0.00030718788119883926
691 0.000313047678200243 2.2754017226700488e-06 0.00031086454287429776
692 0.0003172321941583941 2.1921131375197892e-06 0.0003148506576774262
693 0.0003232737036332873 2.2481345451289285e-06 0.000321347066749693
694 0.0003261379689096682 2.084972369023545e-06 0.00032402540868472156
695 0.00033153915959980673 2.3475662189004255e-06 0.0003292106852799746
696 0.0003350751986667954 1.99736679538191e-06 0.0003330609948300803
697 0.0003391843310971 2.125473291241974e-06 0.00033736108211763116
698 0.00034509479499386945 2.4119122703518503e-06 0.00034271513561538904
699 0.00035219100100050915 2.3826903252188306e-06 0.00034973967521672445
700 0.00035645618279637824 2.125563342864046e-06 0.0003544805977596309
701 0.0003630838805331651 2.264617055974448e-06 0.00036098543867112186
702 0.0003644600428351107 2.4893803205219227e-06 0.0003619518688043457
703 0.0003716677509898619 2.248405897826862e-06 0.0003694253250924752
704 0.0003751857872234032 2.595828593405856e-06 0.0003725509481939032
705 0.0003809751189410419 2.599837526922014e-06 0.0003782961627967728
706 0.0003911966949353812 2.6396400911487195e-06 0.0003885248984686783
707 0.00039701046318220743 2.445709183641542e-06 0.0003946015024357432
708 0.0004000921366258111 2.7568954269947745e-06 0.0003970599516986573
709 0.00040529367420444947 2.8267236618435437e-06 0.00040275677019778943
710 0.00041338328429234175 2.9846679520336524e-06 0.00041046644860377187
711 0.00041401325496259565 2.73267680651602e-06 0.0004111300560168087
712 0.0004247881511718842 3.013642559934536e-06 0.00042188898525813694
713 0.00043045764925613906 3.0081516477424162e-06 0.0004271423686257705
714 0.0004353330695572978 2.7076023258143074e-06 0.00043266522013548926
715 0.0004411272393123814 2.835700260307407e-06 0.0004385867494654951
716 0.000446940021948793 3.1296190042674756e-06 0.0004438706968792356
717 0.0004546329515536075 2.9177197326110123e-06 0.00045186894244752737
718 0.00046170772377966554 2.91510518346608e-06 0.00045826875994957827
719 0.000469281342085642 2.950834437041433e-06 0.00046650537442640105
720 0.0004740301799052659 3.168760937168378e-06 0.0004707932629366643
721 0.00048233676611941366 3.3112974474292218e-06 0.00047889954353377346
722 0.00048740342827387917 3.0860363543344634e-06 0.00048446326986558737
723 0.0004960775858173777 3.467084536202523e-06 0.0004926288532634249
724 0.0004999243322411908 3.262154386146429e-06 0.0004966362234797725
725 0.0005125276640036676 3.35556129677426e-06 0.000509221750319138
726 0.0005202145391827716 3.336326141794184e-06 0.0005170611440275195
727 0.0005287633862005076 3.366079153840606e-06 0.0005253241680871647
728 0.0005359374493403021 3.430842464439698e-06 0.0005325395058503012
729 0.0005439761018846094 3.348661394530429e-06 0.0005409686809664249
730 0.0005487391413094003 3.6775792418838273e-06 0.0005447680207439187
731 0.0005589711621426884 3.635596730056866e-06 0.000555789008970052
732 0.0005679081906919777 3.938016044575905e-06 0.0005645886786523236
733 0.0005735343779080701 3.816677074164451e-06 0.0005698341518120928
734 0.0005863607988707871 3.694241425256763e-06 0.0005825987871112669
735 0.000597202785710335 3.363410588514859e-06 0.0005939599270755098
736 0.000601434570172036 3.95476746895059e-06 0.0005971079883446941
737 0.0006122912066858177 4.185263215569606e-06 0.0006082691636497433
738 0.0006201567733027254 3.6169449500393615e-06 0.0006160278150792588
739 0.0006328492632734895 3.837314048131528e-06 0.0006287302761364848
740 0.000640664075963976 3.912573644951134e-06 0.0006369146416618821
741 0.0006487046378563419 4.024790404069341e-06 0.0006442250085781882
742 0.0006620576525497541 4.0445599698971554e-06 0.0006579415269779059
743 0.0006698815279960997 4.1769196891728535e-06 0.0006660502558948143
744 0.0006806504338425939 4.447505861935011e-06 0.0006763159288653982
745 0.0006842428983896291 4.429749248198698e-06 0.000680036550006059
746 0.0006977431228833643 4.449417323714407e-06 0.0006934824626492698
747 0.0007116570462879572 4.698739433055818e-06 0.0007069206982126169
748 0.0007173059558531506 4.293852723419309e-06 0.0007132659754901753
749 0.00073085891880683 4.235518298750066e-06 0.0007273411342939662
750 0.0007393151038787535 4.775717356875582e-06 0.0007347353534600011
751 0.0007529423624006324 4.359434153921656e-06 0.0007491521507367306
752 0.0007635831787233406 4.465474782289522e-06 0.0007591500537768245
753 0.0007745228854590361 4.289087763807349e-06 0.0007704905606215759
754 0.0007923711259340828 4.8530555356728545e-06 0.000787726167594009
755 0.0007994687635635417 4.686524175370112e-06 0.0007951768344220833
756 0.000808253835778153 4.7426824323012e-06 0.0008034232188819739
757 0.0008225641450256573 5.051268033194578e-06 0.0008170643865798965
758 0.0008383021787949452 4.949338054383397e-06 0.0008338967307178995
759 0.0008513368306708256 4.930564469209909e-06 0.0008456949536652754
760 0.0008630026518798566 4.981745753002714e-06 0.0008582466994986075
761 0.0008755735676381715 5.243223588251563e-06 0.0008692262713612099
762 0.0008907256240995978 5.315108096260366e-06 0.0008858816453040965
763 0.0009078057676965258 4.906630714415945e-06 0.0009029238788927953
764 0.0009188616649011977 5.242150331970287e-06 0.0009135308938874604
765 0.0009234087064219893 4.801302529290167e-06 0.0009194917482952795
766 0.0009417093996539798 5.3821299783874665e-06 0.0009364609385416117
767 0.000963727105739492 5.176260631757208e-06 0.0009583792553329657
768 0.0009781466757749473 5.331801121642213e-06 0.0009729473852301957
769 0.0009939865769873686 5.464372760483351e-06 0.000988917289673008
770 0.0010101069200117573 5.226714259546724e-06 0.001004958183458685
771 0.0010143961998898797 5.740662687428782e-06 0.0010095766429406524
772 0.001034936418797696 5.286243902608316e-06 0.0010291565835317065
773 0.0010424448960267892 5.596193615037854e-06 0.0010362978071104115
774 0.0010704701764602676 6.032644290306626e-06 0.0010644290318843111
775 0.00108200995309124 5.843091359837848e-06 0.0010758089394049613
776 0.0011021086850676854 5.910259526408597e-06 0.0010960814876496536
777 0.0011186566751875465 5.8546011641167764e-06 0.0011116537247332194
778 0.0011304437318976413 5.509504034281326e-06 0.0011242923201340098
779 0.001154619902342814 6.304198330593481e-06 0.0011487336134557704
780 0.0011656091222449895 5.849655283763954e-06 0.0011586036841981723
781 0.0011899345786868405 5.327704154866743e-06 0.001184468565079657
782 0.001210659400726561 5.932699579631724e-06 0.0012052222170449843
783 0.0012167721475034663 5.506320932845994e-06 0.0012104429804955872
784 0.0012485682786749124 6.521505876964039e-06 0.0012414964695459986
785 0.001259827917469278 6.108088071993704e-06 0.0012538383646474305
786 0.0012772470615263236 5.864821471570977e-06 0.0012721290262556442
787 0.0012999714532466022 6.021573158731343e-06 0.0012930854629789657
788 0.001323811611346625 6.349394901392583e-06 0.0013164961688791929
789 0.001345215755127579 6.407544393528456e-06 0.0013389986428861908
790 0.0013666373516483103 6.608551969682006e-06 0.0013607800330486706
791 0.0013879431243379217 5.882673210321268e-06 0.001381681304646195
792 0.0014089041846735003 6.5901556162335795e-06 0.0014026535316826278
793 0.0014328342220968847 6.794572234233353e-06 0.0014262727989746687
794 0.001463927267493116 6.537058386156018e-06 0.0014576174869817828
795 0.0014705058199849835 6.3889694875414956e-06 0.0014651735021213913
796 0.001495402305947761 6.672164077892008e-06 0.0014890898105618256
797 0.0015265452779828442 7.288523118552427e-06 0.001518987975522173
798 0.001547106218507642 7.184505347882127e-06 0.0015401020087098204
799 0.0015713598266841899 7.043354894206381e-06 0.0015638119072458603
800 0.001587903801778179 7.56499737691857e-06 0.001580777292598923
801 0.0016199749557480254 6.9109009469223605e-06 0.0016140344851306168
802 0.0016449108672243972 6.885730329826603e-06 0.0016379404988594198
803 0.0016606592463370214 6.759560582287618e-06 0.0016536139070638459
804 0.0017002981888532517 7.559802627031053e-06 0.0016919632293419212
805 0.0017340900519893319 7.034336656329335e-06 0.0017272542971790298
806 0.001745082396585539 6.995759257863317e-06 0.0017380109743614551
807 0.0017774553882335766 7.703095181205417e-06 0.0017712744273156952
808 0.0018059615611342884 7.580766623456973e-06 0.0017980194116579392
809 0.001825574084759743 7.429164079112805e-06 0.0018183423463708171
810 0.001856562853284782 7.126935382876227e-06 0.0018497279718431617
811 0.001888596234123335 7.445167710354116e-06 0.0018819469289911889
812 0.0019244457603820838 7.847851739201519e-06 0.0019173157081147176
813 0.0019426210443061595 7.429801663575352e-06 0.001934236758790691
814 0.001983785447244198 8.566784531060524e-06 0.0019748017376424293
815 0.0020155137180191576 7.904376002675216e-06 0.00200713546817479
816 0.002056230765150666 8.03986873655913e-06 0.002047412783036945
817 0.002062481116518706 7.88866952739884e-06 0.0020544062354716217
818 0.002113555374478693 7.916335164536026e-06 0.002105571998629714
819 0.002139287987994769 8.228832686091972e-06 0.002131147135862826
820 0.0021777004037033553 8.19524491746873e-06 0.0021696215323049957
821 0.002213375108631607 7.986860579558135e-06 0.002204433535957692
822 0.00223028178188554 8.494353976724375e-06 0.0022224178657300276
823 0.002272063458614296 8.538359891603486e-06 0.0022639339237956625
824 0.0023146602670183077 8.047028610406725e-06 0.002306328721101752
825 0.0023342828206460446 8.205504682169692e-06 0.002325670785428097
826 0.002412087444746999 8.384799918037018e-06 0.002404668461886998
827 0.0024346440615873564 8.505919702360052e-06 0.0024247837081097182
828 0.00246340904045613 8.293563206426996e-06 0.002455529847223915
829 0.0025337483894029116 8.563704509756801e-06 0.0025243205805359427
830 0.0025534216779960505 8.879501188285603e-06 0.002544832320113587
831 0.002589125003926786 8.483566938209039e-06 0.002580474893381998
832 0.0026486208261379666 8.805422635440233e-06 0.0026406149434194614
833 0.002674365536240609 8.507958328455186e-06 0.0026661221715560375
834 0.0027201855830914167 8.452879209266086e-06 0.0027114221355849944
835 0.0027679258827217985 9.001238544447215e-06 0.002758868823969642
836 0.002827530649933607 9.593366219335218e-06 0.002818276499678293
837 0.0028557236821025313 8.694927023568903e-06 0.00284752267656841
838 0.0029092740651504366 9.095301763633543e-06 0.002899581643262346
839 0.0029538588963752715 9.025796423410913e-06 0.002945375936291352
840 0.0029953216361884067 8.841027906086471e-06 0.0029873946197339803
841 0.0030441924202772547 8.945876753606465e-06 0.0030360148961695614
842 0.003101519528639957 8.958362498666417e-06 0.0030943764622818263
843 0.003159137829938159 9.326601513842725e-06 0.003148898481641347
844 0.003190018747710569 9.244060119310541e-06 0.00318217702801354
845 0.0032631219355005185 9.642599046966033e-06 0.0032543313763706994
846 0.0032919888677128816 9.402492395262585e-06 0.003284368602946996
847 0.003350933426209377 1.0170440394518312e-05 0.00334178918700251
848 0.0034038707370831005 9.493656652332577e-06 0.0033957231904713403
849 0.0034565649639782623 1.0427774950341035e-05 0.0034457177886891626
850 0.0035361717939995756 9.353260150110538e-06 0.0035263566968888383
851 0.0035945627528370387 9.645272156941663e-06 0.0035854700008615577
852 0.003618570336847951 1.0756950429668263e-05 0.003607339964487265
853 0.003723246893129711 1.0466301373253076e-05 0.003712768827601929
854 0.003741977415508676 9.655948137443213e-06 0.0037331517134769417
855 0.0038017674194224804 1.0113398757358267e-05 0.0037920506066360165
856 0.003908749593063956 8.90945813124545e-06 0.0038970744804749775
857 0.003967541901325726 1.0013149573327144e-05 0.0039576363234062675
858 0.0040090174784073885 9.449739378740213e-06 0.003998174697174684
859 0.00407919398709429 9.603510026038805e-06 0.004068278759254063
860 0.004130893422230076 9.16776626584941e-06 0.004121629656105288
861 0.004162667801996024 9.946726678025802e-06 0.004154446552997277
862 0.004260180831822068 9.807335727470814e-06 0.004250750141921726
863 0.004329768018831479 1.0817591913295296e-05 0.004317549738114014
864 0.0044304057489842966 9.698173404889554e-06 0.0044215347539919405
865 0.004474655020509969 1.0682664086808089e-05 0.0044640500166614975
866 0.0045630401250179465 1.05558671760658e-05 0.004551565782286352
867 0.004647507790606918 1.052445648923458e-05 0.004638154825445141
868 0.0047760442310206055 1.058913365171904e-05 0.0047650309501428905
869 0.004785148968252024 9.578889136559394e-06 0.0047773620721891594
870 0.004914315373101892 1.0696115414359246e-05 0.00490286642500225
871 0.004952859796986241 1.0880880039118458e-05 0.004943829805963933
872 0.005047368682339643 1.0832020352498841e-05 0.005035624264196037
873 0.005105293660259002 1.0682811937076838e-05 0.005094702565308508
874 0.005213764537270452 1.0528496594993642e-05 0.005203000989019829
875 0.005317792606009506 1.1769900774106027e-05 0.005307474176930121
876 0.005386146077172522 1.1326823979251e-05 0.005375136912284354
877 0.005483588231478114 1.0950680277592052e-05 0.005473714168238163
878 0.005616055301562459 1.1484446721304295e-05 0.005603613056361521
879 0.0056543614758399465 1.2540849749619797e-05 0.005643631156498954
880 0.005755447895854805 1.018702074917718e-05 0.005744424855455938
881 0.005874008934715867 1.1458681218919154e-05 0.005863164156110421
882 0.005926673532707812 1.0817771517577118e-05 0.005915878291216605
883 0.0060582877364467646 1.0976541707026478e-05 0.006049920422767848
884 0.006146749777055822 1.099826363972394e-05 0.006136033077956963
885 0.006230097503314967 1.1550041987812164e-05 0.00621800354590123
886 0.006366610267752516 1.1645703275344606e-05 0.006354418061120558
887 0.0065199109394895914 1.2352608724626723e-05 0.006508211932692295
888 0.006571017597844223 1.0903004427918551e-05 0.006559981484294743
889 0.00669746541686249 1.1474437840338428e-05 0.006684031311686573
890 0.00680366984409474 1.1057541177131802e-05 0.006792159033444149
891 0.006926453025972587 1.1664074247382499e-05 0.0069149156751101
892 0.007013585530681029 1.1923977089741852e-05 0.007003145609313256
893 0.007140281905689547 1.1337473929602592e-05 0.007129354193087411
894 0.007251443498044771 1.1854299843925458e-05 0.007240786646596013
895 0.00742698954803495 1.1650640301345851e-05 0.007417794372411388
896 0.007513776795790952 1.2330789446521755e-05 0.0074989319623250976
897 0.007649717550353694 1.3034555569132963e-05 0.007637258380664603
898 0.0078080957661543545 1.230311567782177e-05 0.007798065460109178
899 0.007894860676270965 1.2107153648848923e-05 0.007879710529051669
900 0.008105164547026361 1.2579696587659275e-05 0.008091926210693734
901 0.008249705482772693 1.31048904446536e-05 0.008232754224758188
902 0.008338355786955324 1.2437402583165775e-05 0.008322965620239653
903 0.008539981900079811 1.2123186422338213e-05 0.008526822104678882
904 0.008577067573895435 1.1602692774261333e-05 0.0085689025398905
905 0.008740039722680755 1.1960273971115796e-05 0.008728276077391734
906 0.00888537324410388 1.23510103639061e-05 0.008873552304726631
907 0.009112183064695429 1.1824943054731837e-05 0.009098213333729444
908 0.009211331881797772 1.212502104374325e-05 0.009202386403628764
909 0.009452676067505798 1.2479886710772248e-05 0.009441737222101326
910 0.00963812581537354 1.2454201165733646e-05 0.00962329356409364
911 0.009754324708566096 1.21937493297791e-05 0.009741632831100253
912 0.009922316361473126 1.2522205304881123e-05 0.00990571771667535
913 0.010015732679353033 1.23436800663804e-05 0.010002734746357165
914 0.010227352285379384 1.278207725842674e-05 0.0102142792494355
915 0.010451541656428696 1.2100545005565813e-05 0.010442254974690026
916 0.010580788844892955 1.3129157839416273e-05 0.010568230225113804
917 0.010820986722242645 1.2669279958530796e-05 0.010806628185888538
918 0.010934235647406712 1.359676142948537e-05 0.010921160288655243
919 0.01118449729459613 1.2520941458742618e-05 0.011168883296906143
920 0.011398688932579287 1.2770438557066542e-05 0.011385093533564435
921 0.011600375599848054 1.358320674650764e-05 0.01158827030891808
922 0.011719800070547516 1.3545778115676384e-05 0.011709452987039288
923 0.011981257787950143 1.3398533619716124e-05 0.011969394689745812
924 0.012209099943698811 1.3164953523984918e-05 0.012200490462707636
925 0.012413730253429131 1.2783229017825425e-05 0.01239952011338928
926 0.012658395868367032 1.3163951718851211e-05 0.01264399978069291
927 0.012875472407933401 1.3659845234779817e-05 0.012861890704180852
928 0.013221388786555545 1.2594848903553375e-05 0.013208436200078486
929 0.013309775554671603 1.3517758906637668e-05 0.013296117845237211
930 0.013602275619780663 1.3324455114885262e-05 0.013591535356820396
931 0.013807625649212205 1.233625672320506e-05 0.013796972796024909
932 0.014030277903661572 1.3678992890617411e-05 0.014018535463847253
933 0.014250487950156869 1.2790753898359816e-05 0.014238759477299268
934 0.014516795505463633 1.3383146053196374e-05 0.014501611175299531
935 0.014854233341420593 1.2701947351135916e-05 0.014837466274229305
936 0.015085131390971425 1.3307262918045091e-05 0.015072062588832398
937 0.0153568147761114 1.3174788154977502e-05 0.015346958998599032
938 0.015699633903509994 1.3170161712491475e-05 0.01568477128456854
939 0.015868639676862237 1.3927968623720529e-05 0.01585617706247158
940 0.016210808500908946 1.3928109891654395e-05 0.016195318270105345
941 0.016761438060650818 1.3990401500003236e-05 0.016746857296484494
942 0.01676211996931112 1.2993380852910326e-05 0.016746099263399254
943 0.01712800066235423 1.3855442064695509e-05 0.017112503959645812
944 0.01752834661966294 1.355375112871706e-05 0.0175194600795585
945 0.017824632950372666 1.3140239521603055e-05 0.01781058412252643
946 0.01801135066838416 1.3627440542835364e-05 0.01799740743089958
947 0.01834988774509665 1.344709390283923e-05 0.018333014457397913
948 0.01898009868029807 1.3713945768790389e-05 0.018968244048611946
949 0.019231074469339922 1.3658370691247167e-05 0.01921398831114425
950 0.019563464946895665 1.3904844708436886e-05 0.019551033772328644
951 0.019864558023745156 1.254924307044205e-05 0.01985414729974871
952 0.020262989898365537 1.3633056975876497e-05 0.0202509252231567
953 0.020629191740083454 1.3803896838317643e-05 0.020611569693062284
954 0.021079226551759596 1.4348738485905333e-05 0.021066848043325502
955 0.02157413837141962 1.3015879496837627e-05 0.021561597194469907
956 0.021906203215050067 1.3084157072493101e-05 0.021891629011369113
957 0.022353488703562286 1.4089263567354922e-05 0.022341262727844334
958 0.022862539152738736 1.3895591643576731e-05 0.02284893542798482
959 0.023218408297997817 1.281249852540529e-05 0.023205166684302933
960 0.02371101737811128 1.3910753886419822e-05 0.023694079296189687
961 0.02405472822785047 1.353135799057664e-05 0.024038512318170148
962 0.024543111013692533 1.275527203952732e-05 0.024525395458909277
963 0.02497840539979499 1.2573980852415219e-05 0.024968994966765558
964 0.025243928994717283 1.3140885232628446e-05 0.02523317924899049
965 0.026094884074857515 1.3675441487067841e-05 0.02608060602736673
966 0.026487426461929153 1.3269341128682345e-05 0.026475625263965488
967 0.026940504127255967 1.3255944430741062e-05 0.026933376717853855
968 0.027624323430731592 1.3519572971151157e-05 0.027607096544792587
969 0.028294377028472338 1.4033660047399804e-05 0.028276421274878897
970 0.0283666196188777 1.3281262382025737e-05 0.028357702061552695
971 0.0291865734321163 1.2925610158661495e-05 0.02917368823255393
972 0.029792044003838593 1.4078828388250909e-05 0.029783557245362812
973 0.03020300346767871 1.3815558050030418e-05 0.030182917632159727
974 0.03062858099093437 1.4665665700924296e-05 0.03061402983081065
975 0.03152150783017376 1.2784744717838986e-05 0.03151060349591722
976 0.03221459059027088 1.4396134423031516e-05 0.032193543710311065
977 0.03262484181565524 1.2786448071127965e-05 0.03261242857442641
978 0.03369577580729359 1.3634164540097163e-05 0.03367953397720693
979 0.03412713726338792 1.3868208535521645e-05 0.03412325839658496
980 0.0347798205195182 1.3476368610272195e-05 0.034763300514829204
981 0.03559965214058716 1.3001283699265445e-05 0.03558090700545153
982 0.036438294793366965 1.3577310895240696e-05 0.036425454565861264
983 0.03714225886322755 1.3540042305965022e-05 0.0371340343793139
984 0.03783543557129318 1.3112260687070723e-05 0.03781385584520563
985 0.0384342035602064 1.263943940962688e-05 0.038423885699305355
986 0.03943465911617326 1.3047715277902443e-05 0.03942219631518977
987 0.040542472054280465 1.2599641781117208e-05 0.04053318839707476
988 0.04095712090381057 1.2923005362027731e-05 0.04094537557359143
989 0.041840998498954285 1.3673101629901485e-05 0.04183377884015083
990 0.04281499497744059 1.3766639958157347e-05 0.04280594198586079
991 0.04352769674640784 1.320117231673582e-05 0.04351126091496039
992 0.04421490130008192 1.4048673696006847e-05 0.04419822177621346
993 0.04540598136128034 1.4282770818130744e-05 0.04539034280964128
994 0.046340502697454225 1.320470823709363e-05 0.046324974265877804
995 0.04763867453351826 1.2872461905597677e-05 0.04762364001221588
996 0.0482776943128594 1.4823824042411364e-05 0.04825543393379551
997 0.04945220202163605 1.3731635121699929e-05 0.04944843783269968
998 0.05050468580385407 1.330418107882954e-05 0.05048870269476403
999 0.05142407958795223 1.3475857034280018e-05 0.05141418457879793
1000 0.05206657579557441 1.3756955821532342e-05 0.052052037246871186
1001 0.05362689085319692 1.3818729447362523e-05 0.05361335094510418
1002 0.054666031731778426 1.3562603085969366e-05 0.05465339014035095
1003 0.05587611453552455 1.3989939076971398e-05 0.0558544321828373
1004 0.05744661668745043 1.3720840146935234e-05 0.057433179239413476
1005 0.05803396146239144 1.351968840718134e-05 0.05801450165622943
1006 0.05948265737583165 1.3356322835187139e-05 0.05947269644237138
1007 0.06080358390548901 1.5036895356629437e-05 0.0607805987572692
1008 0.062068885576570046 1.3577713134792074e-05 0.06205681481445693
1009 0.06368230758699805 1.3675134679271203e-05 0.06366239325487548
1010 0.06496341709968484 1.349394038743088e-05 0.06494577559294641
1011 0.0658929509448056 1.287980230170484e-05 0.06588663630652164
1012 0.06742072263265189 1.410482394006977e-05 0.06740415301878064
1013 0.06906891232647312 1.3544527195980972e-05 0.06905022612628364
1014 0.07056137904365084 1.4016826491382243e-05 0.07055137208435945
1015 0.07237050074368208 1.3643555387375963e-05 0.07235409481934979
1016 0.07348314409001322 1.3909957232794447e-05 0.0734667446545049
1017 0.07552561431797276 1.362947664998557e-05 0.07550712859870497
1018 0.07723783578561279 1.3179155218310307e-05 0.07723203288473558
1019 0.07780803002754634 1.4351899970436037e-05 0.07779460987572773
1020 0.08042577782973824 1.564046860660123e-05 0.08039776459144149
1021 0.08185807762627256 1.4340302564819026e-05 0.08185186237404637
1022 0.08344292468098252 1.537205225976351e-05 0.08342872794938674
1023 0.08790967668113375 5.5125176429488286e-05 0.08786044637371004
1024 0.0900791694033424 5.344661931173457e-05 0.09002041763473417
