ell R_ell F_ell N_ell
2 0.0004547663362106556 0.00042150131490893033 1.799904750550243e-05
3 0.00011944698906886826 9.309277714055511e-05 1.9452860230308562e-05
4 7.753031285042666e-05 6.108338980480651e-05 1.6286749715811506e-05
5 2.981754825101522e-05 1.341056447254202e-05 1.638464972180366e-05
6 3.732005594813968e-05 2.322907679669127e-05 1.4826702999629264e-05
7 3.819131233351569e-05 2.419127276743258e-05 1.4095899004702038e-05
8 2.482595327441519e-05 1.0621949240645467e-05 1.4427404730073008e-05
9 2.610951660498774e-05 1.2647357269370808e-05 1.3739056982395219e-05
10 2.455910385784155e-05 9.647390523731259e-06 1.4023974148712237e-05
11 2.0738174462739554e-05 5.925114056444007e-06 1.448203587623303e-05
12 2.2132487336338623e-05 9.298407459276043e-06 1.3420913536214742e-05
13 2.066714201651847e-05 7.043893084845832e-06 1.3948357922596873e-05
14 1.6978629852818704e-05 4.12985649321116e-06 1.3113532212187156e-05
15 1.7776399569533738e-05 4.469190057904125e-06 1.3450885931709543e-05
16 1.858371342664197e-05 5.757961565860791e-06 1.3102866896237684e-05
17 1.668121909471056e-05 3.6760356566358378e-06 1.2724633983522344e-05
18 1.7402637355711774e-05 4.6297161435767995e-06 1.2882788452090788e-05
19 1.5226057841274637e-05 2.8677331535848965e-06 1.2553240734236754e-05
20 1.4708233092371626e-05 2.7916971822430324e-06 1.2023301826658381e-05
21 1.3483619785225054e-05 2.0681104362810306e-06 1.1170879025749576e-05
22 1.3657862730526987e-05 1.6127834937651327e-06 1.1963860616359206e-05
23 1.4797585633080044e-05 3.138319405838836e-06 1.1829519840718457e-05
24 1.2313863428492497e-05 1.0792030709729521e-06 1.1178694364447424e-05
25 1.2363669221133933e-05 1.5931415171701443e-06 1.0745803294806458e-05
26 1.2080171243381537e-05 1.6908207404901553e-06 1.0487221970626268e-05
27 1.2411381674358138e-05 1.8447005588450481e-06 1.0704020134020869e-05
28 1.1957905883572585e-05 1.402120732129481e-06 1.0570912194665146e-05
29 1.1016371565303403e-05 1.1653985641238048e-06 1.0070793073263455e-05
30 1.0787437275780454e-05 9.508318232556344e-07 9.91750002882761e-06
31 1.043733695923364e-05 7.452360611820663e-07 9.789686186912669e-06
32 1.0526108075963218e-05 9.314244220402695e-07 9.559582607474137e-06
33 1.0196508011749172e-05 1.0376895424909083e-06 9.224315707297033e-06
34 9.843143928644545e-06 1.185183140298542e-06 8.745480556618607e-06
35 9.865338862705936e-06 1.078839803811019e-06 8.732329342810772e-06
36 9.183673242573391e-06 5.701438532598523e-07 8.584587444243062e-06
37 9.141328364222843e-06 6.770028728331728e-07 8.537423490569155e-06
38 8.972883914396116e-06 6.311153609414758e-07 8.24877809718464e-06
39 8.718683732940225e-06 7.958430514542754e-07 7.985992378378953e-06
40 8.469311386108169e-06 7.993280972785759e-07 7.74075043859397e-06
41 7.990278813843259e-06 5.903684227881553e-07 7.4540639193485045e-06
42 7.827734703438536e-06 3.836069424083329e-07 7.420752659359546e-06
43 7.550659249204236e-06 5.260634521051828e-07 6.997777367637126e-06
44 7.620238566599554e-06 7.602738768214869e-07 6.887670948461151e-06
45 7.361293554117651e-06 6.718956691694543e-07 6.727546157313489e-06
46 7.4744150633039545e-06 6.321813846213506e-07 6.8408042046070925e-06
47 7.0034809691653525e-06 5.676815969051164e-07 6.410963264048525e-06
48 6.693547728735597e-06 5.274062170908596e-07 6.154220540087748e-06
49 6.457290551054358e-06 4.692104308385936e-07 5.988444007683501e-06
50 6.437184096584845e-06 3.669598956920822e-07 6.042048323367464e-06
51 6.457075800832192e-06 7.942323196768937e-07 5.730907702054891e-06
52 6.1321541817440075e-06 4.845402537897214e-07 5.641056082367022e-06
53 5.942655578399401e-06 4.354657595036966e-07 5.504019752370486e-06
54 6.213888959756899e-06 7.946019339710807e-07 5.44551370173349e-06
55 5.703649367099155e-06 5.833087144029887e-07 5.128729456414802e-06
56 5.5432098348311795e-06 3.5419871246976947e-07 5.181268849733714e-06
57 5.3604830564075975e-06 3.664181131926638e-07 5.01627721234029e-06
58 5.177785790015323e-06 3.5148989760790234e-07 4.848204502775939e-06
59 5.179572169341695e-06 3.924422119362001e-07 4.7777392216334975e-06
60 5.153592227318125e-06 4.777039990825101e-07 4.686697057333819e-06
61 5.096549526181788e-06 4.185001316670198e-07 4.687084884049327e-06
62 4.757168870990365e-06 2.3670195061290518e-07 4.504165670039093e-06
63 4.869853129448338e-06 3.7471377695861406e-07 4.488324249937145e-06
64 4.78208799962666e-06 2.81233511533594e-07 4.5184715852336775e-06
65 4.634756453815153e-06 3.0107417118279106e-07 4.3240138638358746e-06
66 4.520102359175379e-06 3.440037596535754e-07 4.190167116107092e-06
67 4.758969539299331e-06 4.6099992742781025e-07 4.2976733101487995e-06
68 4.414836994844323e-06 3.001230329434829e-07 4.114582385122462e-06
69 4.397276998624102e-06 3.2895900209224663e-07 4.074676209286988e-06
70 4.313783370891321e-06 3.3634294745755365e-07 3.990903246252685e-06
71 4.432161109018557e-06 4.064204048504102e-07 4.024427562405832e-06
72 4.321048359763034e-06 2.810958471645143e-07 3.982905105512764e-06
73 4.1672474573921595e-06 3.064507656160916e-07 3.856886000876893e-06
74 4.060428503680755e-06 2.7124329537031833e-07 3.815036371413562e-06
75 4.141017518228003e-06 3.9516193399939816e-07 3.7721903885357224e-06
76 4.000165168188003e-06 2.572748177261135e-07 3.7359012855902477e-06
77 3.9668339259625166e-06 2.716583104155093e-07 3.691257072074341e-06
78 3.955523496803061e-06 2.5596301216410887e-07 3.7081708579207553e-06
79 4.025232873381167e-06 3.4310329601049017e-07 3.7063810115816233e-06
80 3.9427506557444336e-06 3.517248588831428e-07 3.6023226815444777e-06
81 3.932308188473954e-06 3.064737366545265e-07 3.6111396634137655e-06
82 3.806489506682749e-06 2.8619229566325497e-07 3.5067043503977503e-06
83 3.6607882964798353e-06 1.848073681947602e-07 3.493406376834711e-06
84 3.7396126499781826e-06 2.097649976262363e-07 3.5318999096377536e-06
85 3.802694973167912e-06 2.5536515267940474e-07 3.536489758624117e-06
86 3.7573376940241016e-06 3.0911499972373726e-07 3.451477407299427e-06
87 3.637774251859221e-06 2.5810408514288997e-07 3.3918363832777957e-06
88 3.6518095506933626e-06 2.423707359105529e-07 3.4084991864229886e-06
89 3.581418095552542e-06 2.316889787930695e-07 3.3622612429104005e-06
90 3.6194365091353497e-06 1.8751994773679303e-07 3.4340485449589217e-06
91 3.5913582267970537e-06 1.8056054248589564e-07 3.39972356459624e-06
92 3.577227913410829e-06 2.423352256957268e-07 3.351647395375808e-06
93 3.5483904852593055e-06 2.6117236388789053e-07 3.281382407108445e-06
94 3.502158287286984e-06 2.3662221880919255e-07 3.286837738276206e-06
95 3.5284570631920605e-06 1.945833728299492e-07 3.3452133414647536e-06
96 3.522902534149182e-06 2.2062715987787265e-07 3.2880191563476275e-06
97 3.4393794840422735e-06 2.2061759810580587e-07 3.2332452075090194e-06
98 3.501036900051804e-06 2.1341885208413092e-07 3.287053909288541e-06
99 3.4732784029780703e-06 1.9352909607163222e-07 3.275286286182727e-06
100 3.4396551713548005e-06 2.2250518722767744e-07 3.231726834236881e-06
101 3.342242060503834e-06 2.0188409739656046e-07 3.1673555160945403e-06
102 3.3550814578570125e-06 1.7483085766352254e-07 3.1888321860597734e-06
103 3.330459922761524e-06 1.768895315143818e-07 3.162405527786428e-06
104 3.4293663040848713e-06 2.576418164541442e-07 3.1571649398674875e-06
105 3.342952306319905e-06 2.3312019949213945e-07 3.115419191273829e-06
106 3.2997256823092633e-06 1.9893072413206242e-07 3.103890489719965e-06
107 3.298427590323555e-06 1.8823468645670758e-07 3.1081220639011952e-06
108 3.231466651832842e-06 1.9724968978891686e-07 3.0388150852116032e-06
109 3.274759879443805e-06 2.238833879609526e-07 3.052242231521788e-06
110 3.1992832324749595e-06 1.7272673323050063e-07 3.043534600227426e-06
111 3.2454769162301077e-06 1.9690898735924606e-07 3.0482507327388805e-06
112 3.239506867455973e-06 2.1049625761274627e-07 3.018585817592231e-06
113 3.1927752035031284e-06 1.8630439232706186e-07 3.0009725738656766e-06
114 3.1378412963845713e-06 1.8692605680635372e-07 2.9450268374035833e-06
115 3.176710915792369e-06 2.2622145613629232e-07 2.9313225081922567e-06
116 3.1039458338977463e-06 1.9108112416125672e-07 2.943497617753218e-06
117 3.110429804257256e-06 1.915745810627367e-07 2.9300705539899015e-06
118 3.0537351417274314e-06 1.6188227335296673e-07 2.8751581595234384e-06
119 3.032923108611099e-06 1.841351521839495e-07 2.8487834528982084e-06
120 3.0490314479612738e-06 1.8325161507433382e-07 2.862502018570648e-06
121 3.0569295340496803e-06 2.1980477728851286e-07 2.851430507432068e-06
122 2.997504247791827e-06 2.0965324841355455e-07 2.7903529831925423e-06
123 2.968649902901119e-06 1.9261871714868784e-07 2.777573453174352e-06
124 3.0647592287277967e-06 2.3121454369648058e-07 2.829779640712175e-06
125 2.962293966101133e-06 1.5873345154510415e-07 2.8019129014392953e-06
126 2.9423923775797718e-06 1.9677566879042312e-07 2.7433833749532825e-06
127 2.909144170487123e-06 1.9309458339483567e-07 2.710656779900602e-06
128 2.8996574015980285e-06 1.7577036140034478e-07 2.7213736149481646e-06
129 2.8738451270655276e-06 2.0289094762978147e-07 2.6794186117817513e-06
130 2.8681534810919294e-06 1.918703101292197e-07 2.6751464118682206e-06
131 2.86924456108108e-06 2.3077147169906437e-07 2.6364132849250017e-06
132 2.8457568511370446e-06 2.3068594561492172e-07 2.6282758748839867e-06
133 2.8052010137276526e-06 1.6612921898808414e-07 2.6462985071896652e-06
134 2.7518706176661058e-06 1.6139989847624756e-07 2.591209208644451e-06
135 2.7751242066544234e-06 2.1815630247500744e-07 2.561949178506674e-06
136 2.788095754152877e-06 1.9816218804885084e-07 2.588065453506621e-06
137 2.7125179527468613e-06 1.8202413934947385e-07 2.525384349154001e-06
138 2.702686231050933e-06 1.9531202796342016e-07 2.51156259760342e-06
139 2.65157237019005e-06 1.8501142820551325e-07 2.478790291043893e-06
140 2.6474969533502777e-06 1.9469187726595502e-07 2.4456745425887823e-06
141 2.6223379554627942e-06 1.882731502763185e-07 2.4216151798596156e-06
142 2.5946706771840384e-06 1.5225270005419788e-07 2.4259857556690847e-06
143 2.5831835309886004e-06 1.5554526697792137e-07 2.425443928499805e-06
144 2.5847906616573333e-06 2.3096121877863805e-07 2.367728992642309e-06
145 2.5999740684754168e-06 2.049294923723082e-07 2.4025037847237046e-06
146 2.5722356827169403e-06 2.1820975636672343e-07 2.3584342167188004e-06
147 2.535448071453432e-06 2.0794895003107587e-07 2.3274829794949852e-06
148 2.5031540131920067e-06 2.141241942647468e-07 2.2894995574110704e-06
149 2.5022236022374117e-06 2.0315025311078747e-07 2.3006702923839474e-06
150 2.4399512664123263e-06 1.7620947986397935e-07 2.2641387745197927e-06
151 2.4149092181092238e-06 1.9257221882462846e-07 2.230833053546046e-06
152 2.4888448599153576e-06 2.1210699135637726e-07 2.275981595804721e-06
153 2.457877424171029e-06 2.1078530228686772e-07 2.2348332401678096e-06
154 2.401399096778333e-06 2.0421134191988196e-07 2.194354407794945e-06
155 2.335178238845534e-06 1.7883759675983762e-07 2.1518096587893966e-06
156 2.3248599024027836e-06 1.770331360941689e-07 2.1493103984701293e-06
157 2.31848846473124e-06 1.8799658616634323e-07 2.131901042092388e-06
158 2.277515703599537e-06 1.7746291855215346e-07 2.111156020013709e-06
159 2.2847118708059955e-06 2.1632855180650021e-07 2.0681700331933463e-06
160 2.3053442246236023e-06 2.242987049001558e-07 2.0746029551130605e-06
161 2.2543690290294265e-06 1.931453638506046e-07 2.063304511837063e-06
162 2.2676657561085458e-06 2.0713810563554364e-07 2.057519679727757e-06
163 2.2268584888368436e-06 2.2284018012123937e-07 2.0050199320361765e-06
164 2.230718239600523e-06 2.3173163551291792e-07 1.9994614753321925e-06
165 2.2364430162650625e-06 2.399980279799715e-07 2.0015763176154647e-06
166 2.218563865650244e-06 2.3650441262247056e-07 1.9757400779492406e-06
167 2.1873352189393666e-06 1.9766505296027693e-07 1.9830419595006034e-06
168 2.1456162733555026e-06 2.0290710771695928e-07 1.9501564975418762e-06
169 2.2213807747036993e-06 2.6052171551887526e-07 1.9544140789195935e-06
170 2.0688318071415056e-06 1.89468767819611e-07 1.888305104706335e-06
171 2.0767709001683957e-06 1.875123623720628e-07 1.9016672213911373e-06
172 2.0377576092196776e-06 1.903521976865586e-07 1.846012172661612e-06
173 2.0974140408898714e-06 2.3079079294037127e-07 1.8642721934468223e-06
174 2.0296894944205714e-06 2.1081637476793924e-07 1.825686235676919e-06
175 2.0092015582390777e-06 1.9597186864316085e-07 1.8150433713894396e-06
176 2.0588925808750004e-06 2.4601222719869487e-07 1.8142021520527612e-06
177 2.0693117001835558e-06 2.573335692322823e-07 1.8074643022496769e-06
178 1.969614061551061e-06 1.8337352185418685e-07 1.7861141033853989e-06
179 1.9843744860880508e-06 2.0509477966356343e-07 1.778550423137779e-06
180 2.0022399233709773e-06 2.1903478211416938e-07 1.7786812270039834e-06
181 1.9653173086100595e-06 2.0940357579177374e-07 1.7532183808810311e-06
182 1.957909606003458e-06 2.2651521060533684e-07 1.7296034557051664e-06
183 1.966214932928612e-06 2.1708708735580502e-07 1.7389223563238728e-06
184 1.9561929566097056e-06 2.475701093172297e-07 1.711362525415219e-06
185 1.9092842450351243e-06 2.4316517385974616e-07 1.6673463442591142e-06
186 1.9206322873160604e-06 2.219779495074473e-07 1.6886111095433928e-06
187 1.9677074508928675e-06 2.9744221908818936e-07 1.6628886097129126e-06
188 1.9070416536882235e-06 2.445196942848542e-07 1.6612131965507214e-06
189 1.8677832155727617e-06 2.040816610204505e-07 1.658140142100786e-06
190 1.8497780711280236e-06 2.13998754463906e-07 1.6282222923520554e-06
191 1.7796307573843356e-06 1.7122709133278685e-07 1.6150480052379417e-06
192 1.8246205672615905e-06 2.0580824654048977e-07 1.6211323274391456e-06
193 1.8927984253636713e-06 2.70976069700231e-07 1.6256036504487882e-06
194 1.7926382778845748e-06 2.140531662491474e-07 1.579295807335183e-06
195 1.8153481326276297e-06 2.2884907069092525e-07 1.5879396715095118e-06
196 1.7694028168434004e-06 1.8133969829806433e-07 1.5870763676983951e-06
197 1.8168858843303703e-06 2.2582554272024517e-07 1.5912007626257745e-06
198 1.7960621073268073e-06 2.3365729918063008e-07 1.5580784649100922e-06
199 1.755824113348144e-06 1.9462965161334785e-07 1.5525358794618206e-06
200 1.770763778520678e-06 2.2196679304259592e-07 1.5455492942813252e-06
201 1.7449115001330492e-06 1.9278259934341973e-07 1.5497147788852458e-06
202 1.7242261381794559e-06 1.8806601156989512e-07 1.5348261073203039e-06
203 1.708666150108329e-06 1.9175102275030002e-07 1.508798469688626e-06
204 1.7011426076469148e-06 1.8593306816880941e-07 1.5218277922342734e-06
205 1.709059651330024e-06 2.046508766261797e-07 1.5142842422830874e-06
206 1.7271567479582292e-06 2.211378805925834e-07 1.5031635584594375e-06
207 1.7026854646014927e-06 1.978040496577827e-07 1.5048450950008491e-06
208 1.7110134932637431e-06 1.8832608719817422e-07 1.5160354563387334e-06
209 1.6785224872127453e-06 1.9496043337161318e-07 1.4889435836688217e-06
210 1.6704135271785283e-06 1.8277568744622556e-07 1.4919897903862884e-06
211 1.7195956949780944e-06 2.328415652313221e-07 1.4865734587799466e-06
212 1.6807769100370026e-06 2.016904222282379e-07 1.4890563788072188e-06
213 1.6455161760804927e-06 1.8412456904414597e-07 1.4577108004812287e-06
214 1.668242973826266e-06 2.0725777785165685e-07 1.4609380781792713e-06
215 1.6701675416018184e-06 2.18819138554684e-07 1.4524068569808258e-06
216 1.6730115264416716e-06 2.1688728592516835e-07 1.4571398946447783e-06
217 1.6540550461295477e-06 1.8946811494405454e-07 1.4724862638774248e-06
218 1.6838864348693404e-06 2.279280034633803e-07 1.4498204492026698e-06
219 1.6857369712895813e-06 2.2051530073468066e-07 1.4688788483811478e-06
220 1.6600461807732424e-06 2.0154590148883649e-07 1.4607385946155972e-06
221 1.6465467337310725e-06 1.9600750570596172e-07 1.452065740018622e-06
222 1.6946712752000973e-06 2.3123300022669335e-07 1.4562165047065268e-06
223 1.6385974695092674e-06 2.0017001644837552e-07 1.4340008061774565e-06
224 1.6692143283482529e-06 2.0526266412880118e-07 1.458874297332926e-06
225 1.6634615141787832e-06 2.08754577533701e-07 1.461254173602353e-06
226 1.6080650830301076e-06 1.7492413582655264e-07 1.4343751670562953e-06
227 1.6219550750382955e-06 1.7642624588835353e-07 1.4541530151084415e-06
228 1.6362997888921203e-06 1.7406951081313873e-07 1.4598970038063633e-06
229 1.6516973933819178e-06 1.9077122812245236e-07 1.4559773506217371e-06
230 1.6810454546083535e-06 2.2486278470544914e-07 1.4553585660322268e-06
231 1.6535003331707512e-06 1.869245710360162e-07 1.463168302807109e-06
232 1.6505659628349194e-06 1.9094612134900707e-07 1.4557649922046073e-06
233 1.6643562224622624e-06 2.097584036860945e-07 1.4635550201758262e-06
234 1.6351635173234708e-06 1.746553346681637e-07 1.4601240665717312e-06
235 1.6475881582438747e-06 1.76409192717551e-07 1.4645227292556588e-06
236 1.6311169253590988e-06 1.646210815559921e-07 1.4604334859607745e-06
237 1.6339304457660546e-06 1.7950898712992247e-07 1.4555977172441102e-06
238 1.6802748053944247e-06 2.0082979190928986e-07 1.4776296899209695e-06
239 1.6536243199123146e-06 1.6658595379012562e-07 1.4825206770829742e-06
240 1.6405231899539695e-06 1.4860538216168486e-07 1.495940905074616e-06
241 1.6418688759328969e-06 1.6676235192234796e-07 1.4702328171854348e-06
242 1.6216668423951011e-06 1.3833131902733038e-07 1.4821496582024429e-06
243 1.6673278583086984e-06 1.9327038349943508e-07 1.4706657507982451e-06
244 1.6494445548131132e-06 1.6066497682257382e-07 1.4873907115635113e-06
245 1.6625647569287772e-06 1.5225322839083994e-07 1.5142796300557482e-06
246 1.6836704960168382e-06 1.8618015707402745e-07 1.4974890317958825e-06
247 1.7032604581701338e-06 1.7412022887496757e-07 1.5254649734090423e-06
248 1.6881276066679822e-06 1.6628575174781305e-07 1.5212592630609284e-06
249 1.6876428895332788e-06 1.6132804968372152e-07 1.5285164989487745e-06
250 1.6792314032253485e-06 1.505323789629335e-07 1.5283679561269733e-06
251 1.7160662272835633e-06 1.7367363696615161e-07 1.5421096251532559e-06
252 1.706313972062685e-06 1.5964996371277105e-07 1.543461417789387e-06
253 1.7207797386841757e-06 1.7905360565641827e-07 1.5434393957216835e-06
254 1.7483848892514326e-06 1.7003189396207768e-07 1.5732120915823012e-06
255 1.70953148174264e-06 1.3664588476075914e-07 1.574945904799685e-06
256 1.7138625076745644e-06 1.366598736959856e-07 1.579737546976646e-06
257 1.7280336558940797e-06 1.5991070316893513e-07 1.568222772652073e-06
258 1.7337429911347835e-06 1.516142729752899e-07 1.5794754618292051e-06
259 1.769788021560987e-06 1.821053645535761e-07 1.5851644863698286e-06
260 1.7385084521429355e-06 1.4616199169082499e-07 1.5995073454665766e-06
261 1.7402570186687846e-06 1.2332650076017985e-07 1.6154482624820206e-06
262 1.78226112077912e-06 1.6526112568017412e-07 1.6095617690485792e-06
263 1.7488733438796633e-06 1.2597001677749007e-07 1.6255626606926724e-06
264 1.7876967435489436e-06 1.446001792836469e-07 1.6447395967108537e-06
265 1.7909624532164628e-06 1.4630817334483736e-07 1.639450806478024e-06
266 1.8020371974428902e-06 1.5391985971652898e-07 1.6495245135333116e-06
267 1.8176124091936268e-06 1.5923624409661342e-07 1.6602893982327e-06
268 1.8329479712996395e-06 1.4774043325825636e-07 1.6846540608568464e-06
269 1.8238939949085837e-06 1.265840752738657e-07 1.7002130115131464e-06
270 1.8409030406454828e-06 1.5571962200199198e-07 1.689918806109023e-06
271 1.8040940459033101e-06 1.231077750854721e-07 1.6785892179182693e-06
272 1.8448592226204122e-06 1.5660676410121995e-07 1.6928219448809097e-06
273 1.8547167003293141e-06 1.2292784258983122e-07 1.7358999844325095e-06
274 1.911015709902232e-06 1.671762718387817e-07 1.7413437845920133e-06
275 1.9076666882433507e-06 1.625378675034367e-07 1.742054672341573e-06
276 1.8847182917525004e-06 1.3321129403188893e-07 1.7549371558940536e-06
277 1.9074476791119756e-06 1.2483466057574913e-07 1.7826143770689216e-06
278 1.918923892589076e-06 1.303215168101712e-07 1.7866209252323547e-06
279 1.910190206030343e-06 1.0982583684279418e-07 1.7950960196322553e-06
280 1.954744419315151e-06 1.5043909970658033e-07 1.798273900580107e-06
281 1.9380533148300554e-06 1.3469417952473783e-07 1.8011650023428822e-06
282 1.948094862675938e-06 1.209353720231896e-07 1.8302140888604367e-06
283 1.959295477905078e-06 1.3723458753752563e-07 1.8286946385846884e-06
284 1.9954602050250177e-06 1.6153723232552214e-07 1.8307310141650598e-06
285 2.006456442119048e-06 1.4281308489180955e-07 1.8659441426090396e-06
286 2.0088595167805337e-06 1.3065965941364228e-07 1.880302272171812e-06
287 1.9930577004928384e-06 1.2432053933722358e-07 1.8680742619753102e-06
288 2.0273136819122333e-06 1.2878374695897142e-07 1.8923987741927371e-06
289 2.076629904699836e-06 1.5002886090309985e-07 1.9236336996612194e-06
290 2.0771331987174135e-06 1.4774456911326578e-07 1.9299230831051197e-06
291 2.0795428159422676e-06 1.265838206690192e-07 1.946339055260899e-06
292 2.087588448594352e-06 1.423520307295735e-07 1.9539838335896484e-06
293 2.1079661435771387e-06 1.3385129424382993e-07 1.9727629294056518e-06
294 2.121883405649396e-06 1.194053261789326e-07 2.0002272349804646e-06
295 2.111473582057345e-06 1.2075790191736849e-07 1.9883934270679565e-06
296 2.1336878853260213e-06 1.1699505704997803e-07 2.020154865462013e-06
297 2.1239419092061996e-06 1.2880133548019993e-07 1.9996322608158448e-06
298 2.144953260636523e-06 1.237274702853351e-07 2.0224819413343884e-06
299 2.201962847557157e-06 1.3194741149224578e-07 2.0708817541225894e-06
300 2.206312441843312e-06 1.133287931859506e-07 2.088495271751052e-06
301 2.2017028414252174e-06 1.2486085060659876e-07 2.0778797306795203e-06
302 2.229718917710404e-06 1.2263824942531406e-07 2.1051260534600676e-06
303 2.2555944205393035e-06 1.1709612403918183e-07 2.1325744039965213e-06
304 2.2657464414064725e-06 1.256094474602784e-07 2.1342957834219186e-06
305 2.274990599049662e-06 1.2918880330200802e-07 2.14043157743874e-06
306 2.2922672883145164e-06 1.2000133677131306e-07 2.1753190773742317e-06
307 2.2879356119719507e-06 1.212218562412206e-07 2.166383932365361e-06
308 2.3012189316283733e-06 1.0742163510072559e-07 2.192800273941831e-06
309 2.331717581086307e-06 1.2097005654434794e-07 2.211150486181615e-06
310 2.3486288445869026e-06 1.144997478235227e-07 2.237283375697564e-06
311 2.3765338671303454e-06 1.26620818141222e-07 2.2452794043442593e-06
312 2.37824140431784e-06 1.2090822041789524e-07 2.2629798264577583e-06
313 2.38758932182824e-06 1.1682382757373144e-07 2.2710836043715565e-06
314 2.3795345787823795e-06 9.938087445400712e-08 2.2779670466553754e-06
315 2.4300075942433532e-06 1.1393661897440224e-07 2.31759645473746e-06
316 2.4488476214420576e-06 1.2462301665029257e-07 2.327641578048607e-06
317 2.4411322293280268e-06 1.1443982239062129e-07 2.328661152443853e-06
318 2.4952456185624946e-06 9.944068015697702e-08 2.3981992224089447e-06
319 2.4995118580619943e-06 1.0987596762159522e-07 2.3873617132390964e-06
320 2.50099228426288e-06 1.0759519045284087e-07 2.392973506111042e-06
321 2.532433776452023e-06 1.0045876598173298e-07 2.432762652226548e-06
322 2.554109645052097e-06 1.082424680753299e-07 2.4477687387528556e-06
323 2.59239112054084e-06 1.1462651278174328e-07 2.484442180399896e-06
324 2.5913700877722297e-06 1.1807047823339777e-07 2.4753070445058053e-06
325 2.6178342204667014e-06 1.0866273158581241e-07 2.5056121938121816e-06
326 2.5869178993119148e-06 1.0062382826712924e-07 2.491445454507465e-06
327 2.6244546526929965e-06 9.657759076358543e-08 2.5227818374946074e-06
328 2.6539813001437413e-06 1.1420973237615073e-07 2.5397244725575034e-06
329 2.6949917403438273e-06 1.0382178360050736e-07 2.5927664360701815e-06
330 2.6923022506510947e-06 9.977888714046993e-08 2.591120235018124e-06
331 2.704584879190301e-06 9.458451660934233e-08 2.609869975877106e-06
332 2.728888194015102e-06 1.1298415497057873e-07 2.619805872701392e-06
333 2.738026337515238e-06 9.656689218563348e-08 2.643650041547804e-06
334 2.7593078855984386e-06 9.161616270930785e-08 2.6696907345055483e-06
335 2.8127632935697217e-06 9.613720802071248e-08 2.710491789298087e-06
336 2.8276156058795107e-06 1.0254772127895227e-07 2.726723700605742e-06
337 2.825984792186981e-06 8.638223816288952e-08 2.7396869378055603e-06
338 2.876270905237932e-06 9.615166532951523e-08 2.781128467250958e-06
339 2.8965663100882616e-06 1.026531948167503e-07 2.796397639177403e-06
340 2.8868598790179983e-06 9.085927021293034e-08 2.790964516540598e-06
341 2.9278147624339593e-06 9.501731503997933e-08 2.831456209863363e-06
342 2.967534614106944e-06 9.679221398225054e-08 2.875383574961972e-06
343 2.9586590725134357e-06 8.951210911543655e-08 2.8726690794365568e-06
344 2.9832560168988227e-06 9.525709858319513e-08 2.890519535135138e-06
345 3.0089735943418435e-06 9.916395756814215e-08 2.9168291255331237e-06
346 3.0424976169858662e-06 1.131535970702449e-07 2.927754101616469e-06
347 3.08004401842757e-06 8.377348719941022e-08 2.994206404913746e-06
348 3.1218343672960873e-06 1.0328907834405722e-07 3.0211975633818917e-06
349 3.1126583298045595e-06 9.794781528541626e-08 3.009754984692549e-06
350 3.1159709881627524e-06 9.184349672717674e-08 3.0241120922526676e-06
351 3.1728676034379885e-06 8.808411647920745e-08 3.079456537610078e-06
352 3.1684794002483687e-06 9.310105754057519e-08 3.0751092507523807e-06
353 3.172986865413634e-06 9.047912785226665e-08 3.08164225125407e-06
354 3.2282443072125703e-06 9.195799513154378e-08 3.132938408789113e-06
355 3.2495298231167477e-06 8.293197317527238e-08 3.174560144655224e-06
356 3.278336063162813e-06 7.989072005010238e-08 3.1986825871511175e-06
357 3.322962813809688e-06 7.729844368162854e-08 3.245617897281756e-06
358 3.3381210752016516e-06 8.596274725271319e-08 3.249798872469989e-06
359 3.330140187535351e-06 8.38610672141188e-08 3.2423380438266808e-06
360 3.412273784303392e-06 9.433694431526871e-08 3.3136137434868698e-06
361 3.3947060518107536e-06 9.189224627935761e-08 3.302587653734513e-06
362 3.434372886806616e-06 9.353850685465292e-08 3.3411029429388276e-06
363 3.4834341136122286e-06 9.233587727225044e-08 3.3928427288177065e-06
364 3.4945480034025057e-06 8.75684025166276e-08 3.407974416658626e-06
365 3.5177348264482877e-06 8.396574013700945e-08 3.4342391833412933e-06
366 3.5527820759647476e-06 9.533390205991047e-08 3.453420734685271e-06
367 3.5515145282733765e-06 8.526136777507827e-08 3.4704875897172957e-06
368 3.6063634177299722e-06 8.674282753878191e-08 3.521789661692056e-06
369 3.656142204099779e-06 9.091887492632984e-08 3.571588946103243e-06
370 3.674141285528731e-06 9.32680167107202e-08 3.57583119626302e-06
371 3.6691151806316314e-06 8.468647239671532e-08 3.5844958620640253e-06
372 3.7042307616317423e-06 9.051532603248427e-08 3.6147624976035985e-06
373 3.757402303782147e-06 8.604337884580694e-08 3.667472664222976e-06
374 3.769562689364645e-06 7.7495338248589e-08 3.694005094651115e-06
375 3.810428352531216e-06 7.256296754196699e-08 3.738233663302027e-06
376 3.87915511310419e-06 8.795620769526936e-08 3.795087241216303e-06
377 3.85406442939869e-06 7.000209288024586e-08 3.7873044248342297e-06
378 3.908448278222798e-06 9.133944894211955e-08 3.813863074541769e-06
379 3.881229501071398e-06 7.20004922532242e-08 3.8145464250276148e-06
380 3.964890587530096e-06 7.591610233274224e-08 3.8880582040208e-06
381 4.0331966208308426e-06 7.500728393692816e-08 3.953964005491584e-06
382 4.0054889598496514e-06 7.397327877669994e-08 3.933327031432704e-06
383 4.054722357866823e-06 7.105697627792777e-08 3.980944677914118e-06
384 4.095696622220575e-06 7.350198454276107e-08 4.0210685414334755e-06
385 4.111224849597241e-06 7.351322201305146e-08 4.039797282273141e-06
386 4.1812261504133555e-06 7.745501791351361e-08 4.099496999064723e-06
387 4.168879369643574e-06 7.580820293373019e-08 4.093824727578104e-06
388 4.258086911591802e-06 7.357377805356101e-08 4.190194639574907e-06
389 4.249547908398611e-06 6.675878140960865e-08 4.190514496624608e-06
390 4.276909042567435e-06 6.951119492313224e-08 4.205261771232618e-06
391 4.320989109957292e-06 8.050846662772905e-08 4.241605546416757e-06
392 4.3726802441325196e-06 7.679788303180856e-08 4.296583886795701e-06
393 4.376580572639531e-06 6.602398590233791e-08 4.308124457414336e-06
394 4.44446723274961e-06 7.9996785090324e-08 4.367700453169806e-06
395 4.511390263921229e-06 7.261711194228538e-08 4.442298482386542e-06
396 4.5148355341788695e-06 8.375263433830602e-08 4.426031318985195e-06
397 4.5736564579075855e-06 7.246772564581461e-08 4.498046888176201e-06
398 4.616967495847019e-06 7.104934213217076e-08 4.543251940436934e-06
399 4.663085956463356e-06 7.56732299909699e-08 4.5929278912571645e-06
400 4.6811224303263036e-06 7.918061002625745e-08 4.605419166680596e-06
401 4.7165847505547895e-06 7.460002458602417e-08 4.636539796319029e-06
402 4.734042877763384e-06 7.135551458673429e-08 4.663921126001852e-06
403 4.796793671234595e-06 7.390675012096863e-08 4.724178704191331e-06
404 4.82315443966986e-06 7.630054924124729e-08 4.745827701587267e-06
405 4.8551354582642895e-06 6.895666941398936e-08 4.790149929616668e-06
406 5.000221337093456e-06 7.029507772468013e-08 4.919967246027722e-06
407 4.991922306822352e-06 7.449545725159988e-08 4.923869784026332e-06
408 5.082738553562928e-06 7.272550125705213e-08 5.009839066413568e-06
409 5.0058428608748305e-06 6.712128972294914e-08 4.940145451339812e-06
410 5.089191647315242e-06 7.204484361999674e-08 5.0151236388157775e-06
411 5.150892827641016e-06 7.686480697498685e-08 5.07160888303061e-06
412 5.151485750438906e-06 6.821293493401085e-08 5.0817003785022375e-06
413 5.2162189914705735e-06 6.36931773208539e-08 5.159333556652117e-06
414 5.237814550036282e-06 7.539726316447662e-08 5.154228068635228e-06
415 5.352041921005341e-06 8.004968008861638e-08 5.27000185983723e-06
416 5.33132972077782e-06 7.096414741745327e-08 5.257565952259281e-06
417 5.433305838732224e-06 6.970351172770701e-08 5.36549525302062e-06
418 5.491178168262846e-06 7.908911468878696e-08 5.415736649916973e-06
419 5.509153956422514e-06 7.283185984320598e-08 5.435096667771314e-06
420 5.574173466688255e-06 6.998341184383379e-08 5.501209926236187e-06
421 5.643863166669975e-06 6.059564823551141e-08 5.583382597859728e-06
422 5.667204413867171e-06 6.021925287486905e-08 5.605720857265707e-06
423 5.7589864726917814e-06 6.96226273536387e-08 5.6944583339122085e-06
424 5.757926223466742e-06 7.972097435241693e-08 5.683607361112493e-06
425 5.817072130743346e-06 7.085329414153101e-08 5.75110867800983e-06
426 5.899999809278905e-06 6.959758815777304e-08 5.8299012324628485e-06
427 5.911882761882577e-06 7.137199135627024e-08 5.8407785502355314e-06
428 5.988534061376978e-06 6.859850805831301e-08 5.919603050891668e-06
429 6.0668655183200065e-06 6.584336305040848e-08 6.006549888291456e-06
430 6.127361265776551e-06 6.489347524576934e-08 6.0605253701585605e-06
431 6.195053330775979e-06 6.067715163048561e-08 6.132221786631426e-06
432 6.236782288536688e-06 6.770164898147509e-08 6.169838385737864e-06
433 6.246243060080652e-06 6.914992783663746e-08 6.182942240474005e-06
434 6.321050049572366e-06 6.647294366826612e-08 6.253967948211419e-06
435 6.405100545130321e-06 6.958939872916302e-08 6.3383810975572576e-06
436 6.455167144327172e-06 6.657280998646302e-08 6.384244001144724e-06
437 6.506575081440276e-06 5.544656540399606e-08 6.454426204384578e-06
438 6.526282159812956e-06 6.557286826324509e-08 6.4609763201118695e-06
439 6.6198856744762445e-06 6.322667993684958e-08 6.558366703099174e-06
440 6.6923518758076515e-06 5.671477196589626e-08 6.632796277843721e-06
441 6.708150600184515e-06 6.579487327502411e-08 6.641764224300181e-06
442 6.816426186302278e-06 6.620506895582321e-08 6.753326051085355e-06
443 6.905509857249832e-06 6.321390597512354e-08 6.838292857063311e-06
444 6.949816964213675e-06 6.307607251051576e-08 6.887264949313908e-06
445 7.031494729842841e-06 5.666910093535787e-08 6.976502128468098e-06
446 7.11421409025245e-06 6.093781057171234e-08 7.048644892549351e-06
447 7.164239613943224e-06 5.995122387923406e-08 7.103622029912602e-06
448 7.221525799149011e-06 5.855979185020948e-08 7.161219914788978e-06
449 7.321820467248404e-06 6.275312783508767e-08 7.263113102222654e-06
450 7.450930722298865e-06 5.791212461021029e-08 7.383113197152589e-06
451 7.544094825208075e-06 6.690719202726829e-08 7.475554766937514e-06
452 7.5433285541727315e-06 6.460475031766013e-08 7.475857941616164e-06
453 7.607234144835474e-06 6.10655733060179e-08 7.5500091219655295e-06
454 7.688888959982884e-06 6.367830510903641e-08 7.6264928944202025e-06
455 7.732874370181955e-06 5.548916530955753e-08 7.68530075612312e-06
456 7.80497957147507e-06 6.498234284202357e-08 7.737347002115058e-06
457 8.01729489564136e-06 6.221190000439348e-08 7.95431464737307e-06
458 7.974234662745824e-06 5.59481936192534e-08 7.917545492593672e-06
459 8.152549389071856e-06 6.033428731675682e-08 8.094524071989448e-06
460 8.129340659771238e-06 6.394468492347952e-08 8.071052033952674e-06
461 8.304322514430878e-06 5.258320447293563e-08 8.253145830961927e-06
462 8.342825331290634e-06 6.053488801535762e-08 8.28228712911629e-06
463 8.379464262262739e-06 5.9151148037098904e-08 8.31631779730731e-06
464 8.496951905873983e-06 6.049673525115289e-08 8.439253508517311e-06
465 8.553691501610031e-06 6.267549770521298e-08 8.489750439088462e-06
466 8.691406022503254e-06 6.134473971287273e-08 8.629262517333789e-06
467 8.75013679701566e-06 6.129652908796928e-08 8.688616889049951e-06
468 8.852360456792745e-06 5.9415902837419735e-08 8.793061966522749e-06
469 9.045321570571177e-06 5.304159020891876e-08 8.986371716163446e-06
470 9.079357107572778e-06 6.133998248500022e-08 9.02373299103804e-06
471 9.174281457015914e-06 6.332090638010109e-08 9.108739870938948e-06
472 9.225969711975602e-06 6.074204061941741e-08 9.161845735161183e-06
473 9.349554316927433e-06 5.935970030228171e-08 9.294089650783057e-06
474 9.509727159940143e-06 6.148846125044064e-08 9.444288373523894e-06
475 9.519722271643786e-06 5.9024305847535537e-08 9.456753738283707e-06
476 9.627018237880137e-06 6.059465629132252e-08 9.568451138741262e-06
477 9.77605605720852e-06 6.141742765596868e-08 9.711507891465198e-06
478 9.8067225366475e-06 6.126306334750256e-08 9.737821761461633e-06
479 9.8604741021676e-06 6.165735862249019e-08 9.80504939660431e-06
480 1.0155604111109004e-05 6.563385797129999e-08 1.0103459435959259e-05
481 1.0230872300492928e-05 6.284533056723975e-08 1.0172783037351673e-05
482 1.0245978229146856e-05 5.8317132002428954e-08 1.0186478247276207e-05
483 1.0405100021386004e-05 6.251347737890328e-08 1.0340676715940358e-05
484 1.0568178212640742e-05 5.3975669524660383e-08 1.0519545732070974e-05
485 1.0587625701029633e-05 6.376369790279458e-08 1.0521852720256507e-05
486 1.0712487533784636e-05 5.639848058108126e-08 1.0655002222303056e-05
487 1.0899463811830361e-05 5.712235064401581e-08 1.0840075840514818e-05
488 1.0919282987257705e-05 5.228599007510944e-08 1.0870749212512536e-05
489 1.1031141761843593e-05 5.97916532633416e-08 1.0975459734276716e-05
490 1.1121444058368324e-05 5.284026826855848e-08 1.1069526787497982e-05
491 1.143356991413725e-05 5.999884337490683e-08 1.136891670796421e-05
492 1.1449978148947334e-05 5.8506756104916516e-08 1.1389387877008541e-05
493 1.1532823480073738e-05 6.044434672691796e-08 1.14706320395592e-05
494 1.170780958582874e-05 5.180076030330158e-08 1.164855868895895e-05
495 1.1857059983907944e-05 7.002789592034026e-08 1.1783008895158958e-05
496 1.1901773257982424e-05 6.100769124294471e-08 1.184151406215711e-05
497 1.2145138047258135e-05 5.953388660580834e-08 1.2085763217919105e-05
498 1.2297910945875523e-05 5.687357536758973e-08 1.2233752762096398e-05
499 1.2244837627914512e-05 5.918600235963856e-08 1.2187950560661912e-05
500 1.2472479253385197e-05 5.8333734990337944e-08 1.2419889197580048e-05
501 1.2565184119239678e-05 6.119679801681023e-08 1.2502719551208649e-05
502 1.2826825613215593e-05 6.197350356966977e-08 1.2761578032120292e-05
503 1.299260100031107e-05 6.494117959223981e-08 1.2931100841293425e-05
504 1.296527077369738e-05 5.954129882753074e-08 1.2900407617911438e-05
505 1.3156003266430069e-05 7.083962989876435e-08 1.3084669021951752e-05
506 1.3435988491362185e-05 6.044337866667429e-08 1.3371409106650994e-05
507 1.3558966631941726e-05 5.903184908869823e-08 1.3502502488018384e-05
508 1.3714554245199872e-05 6.103029398518451e-08 1.3654480644495306e-05
509 1.3813303480200007e-05 5.6574112284489174e-08 1.3749769913323457e-05
510 1.4041242524286007e-05 6.697946368479097e-08 1.3972071974148187e-05
511 1.4119842028804495e-05 5.992812246669404e-08 1.4054124632270554e-05
512 1.4298641491332904e-05 5.794164297117985e-08 1.4243270661915041e-05
513 1.4540559679549582e-05 6.602361261984691e-08 1.4481327663766541e-05
514 1.4639569312685915e-05 5.61061234737527e-08 1.4587302115963915e-05
515 1.4797395611211776e-05 6.067193254915522e-08 1.4738910157073174e-05
516 1.4922550785303902e-05 5.737232840647162e-08 1.4862657293373126e-05
517 1.5188278515487633e-05 6.220452790522005e-08 1.5124542440162735e-05
518 1.5318444860049817e-05 6.424679242867111e-08 1.5259409682075794e-05
519 1.5444028786937135e-05 5.8687138402735763e-08 1.5381150312241502e-05
520 1.570465193340653e-05 6.393611624913822e-08 1.5644535850759135e-05
521 1.601118376333882e-05 5.647235473214055e-08 1.595165098772477e-05
522 1.6087947455018877e-05 5.8609582684519074e-08 1.602902224393493e-05
523 1.6035572495592573e-05 6.161266599258602e-08 1.597158822018984e-05
524 1.6365185002768374e-05 5.6509974719265776e-08 1.631933342162937e-05
525 1.670204540032002e-05 6.33838172382799e-08 1.663572720894053e-05
526 1.6854757522812827e-05 6.506330939612512e-08 1.677647669401685e-05
527 1.697740522517977e-05 5.809443942428127e-08 1.691779873242038e-05
528 1.706616121928545e-05 6.577782463382699e-08 1.7003847796667216e-05
529 1.727543126960541e-05 6.274136541588254e-08 1.7215959693628193e-05
530 1.7557600926588927e-05 6.22959871374883e-08 1.7500968397885887e-05
531 1.774883851246376e-05 6.107370844210363e-08 1.7679348439723324e-05
532 1.8064051812752248e-05 5.9399609730831204e-08 1.801486572330894e-05
533 1.8226047418226268e-05 5.845662161035825e-08 1.8175906578428903e-05
534 1.844105532241184e-05 6.14462543544745e-08 1.838793030624479e-05
535 1.8737963350495194e-05 6.196731143122514e-08 1.8668469739174558e-05
536 1.8855429249682977e-05 6.459466316408014e-08 1.8788828362498448e-05
537 1.909415304688487e-05 6.851456135882833e-08 1.9023961336777243e-05
538 1.9419483370534183e-05 5.93209866514848e-08 1.9358486439826353e-05
539 1.9550525564433537e-05 6.238041708104917e-08 1.9492736820841322e-05
540 1.9663414038576703e-05 6.002008344720003e-08 1.9604832126373602e-05
541 2.006508496221485e-05 6.418213821354547e-08 1.999584548456251e-05
542 2.036689641922803e-05 6.696309000617886e-08 2.030432451699109e-05
543 2.050989002543666e-05 6.432241550828337e-08 2.044679211154393e-05
544 2.0745783102573587e-05 5.978743976934855e-08 2.0677991837940207e-05
545 2.1005328760507065e-05 6.687463424349148e-08 2.093784797753261e-05
546 2.12833074506733e-05 5.9198114860542575e-08 2.1221712144607962e-05
547 2.137608953286513e-05 7.479226888648173e-08 2.1311443651131294e-05
548 2.175139823961822e-05 6.646864970922091e-08 2.1693536585606487e-05
549 2.2087032241168655e-05 6.073631060048438e-08 2.2028355606113657e-05
550 2.223185434582893e-05 6.463184532062901e-08 2.217272454816718e-05
551 2.262253514135775e-05 6.066622259928809e-08 2.2575255888640592e-05
552 2.2951215691174595e-05 6.145227145400687e-08 2.289506959192087e-05
553 2.304718948455751e-05 6.48870193902921e-08 2.2978805531753808e-05
554 2.3295598786410524e-05 6.113503074604672e-08 2.3229883452717632e-05
555 2.3766605771472168e-05 7.247632524338299e-08 2.3696203396794963e-05
556 2.3976673750664023e-05 6.735746683847497e-08 2.3915039962874227e-05
557 2.419861262570479e-05 6.646332445358175e-08 2.41387408894445e-05
558 2.4505921401737508e-05 6.181183043274523e-08 2.4441587990923524e-05
559 2.4845141654312727e-05 6.836378137769348e-08 2.4772878307730012e-05
560 2.526707185044838e-05 6.853697662365135e-08 2.5208094459899815e-05
561 2.5322074022501493e-05 6.504599384690106e-08 2.5251602651134728e-05
562 2.570207809474529e-05 7.086953865349508e-08 2.563906765923017e-05
563 2.604050667003954e-05 6.515246603068488e-08 2.597558847666195e-05
564 2.631418947365544e-05 6.732349927717636e-08 2.6243287759142655e-05
565 2.6763681067561466e-05 6.236420486029537e-08 2.670122805298988e-05
566 2.71021628804473e-05 6.802928217220354e-08 2.702699484161941e-05
567 2.7411791377399652e-05 6.035193077307749e-08 2.7348250626228257e-05
568 2.7531747672002023e-05 6.981209638099638e-08 2.74594998779831e-05
569 2.794474975379974e-05 6.495659077096379e-08 2.7890675582436272e-05
570 2.8403739382435972e-05 6.547096953065763e-08 2.8335803537642046e-05
571 2.873998511586068e-05 7.594647401277215e-08 2.8668664962010504e-05
572 2.9050585292682198e-05 6.82029682144894e-08 2.8979015665441944e-05
573 2.9607693848895283e-05 6.703692203217232e-08 2.95339451541768e-05
574 2.9781124258498546e-05 6.858468809094549e-08 2.9715080035529005e-05
575 3.004308388395927e-05 7.033696260061207e-08 2.996118309596077e-05
576 3.0545263809157767e-05 6.89883587964368e-08 3.0482217954734932e-05
577 3.088297690130827e-05 8.127126459790541e-08 3.080006249736621e-05
578 3.1336049253323255e-05 7.516974115523944e-08 3.126657870995608e-05
579 3.180578084865364e-05 8.174993368322184e-08 3.173079698085545e-05
580 3.196605447362791e-05 8.015676243448753e-08 3.187909957518091e-05
581 3.2650571223537845e-05 7.546099876422007e-08 3.257648288981494e-05
582 3.2778607587235126e-05 7.764019092886243e-08 3.269850519968486e-05
583 3.344324999207186e-05 8.395746154102622e-08 3.33675419430064e-05
584 3.399699800979551e-05 6.919252700655884e-08 3.3915996137953154e-05
585 3.419339008447119e-05 8.426259122665144e-08 3.409270503496572e-05
586 3.4549641981634476e-05 8.669612400438231e-08 3.448596338022859e-05
587 3.514706466408433e-05 9.014707204754992e-08 3.505380306435098e-05
588 3.550042652733349e-05 7.772490864367651e-08 3.543150266079702e-05
589 3.6080707927452824e-05 8.704865990662477e-08 3.59778777591939e-05
590 3.638495649711982e-05 8.668260681765005e-08 3.6312770359779366e-05
591 3.6824141951075106e-05 7.686208909954979e-08 3.675097591276727e-05
592 3.7317125784030824e-05 9.623606814571784e-08 3.7200323504626654e-05
593 3.782281979418726e-05 8.150395996432326e-08 3.775200394360211e-05
594 3.8518234711930704e-05 9.925628489956253e-08 3.840126746051402e-05
595 3.905861160116254e-05 9.068008909513018e-08 3.8965571181843445e-05
596 3.92996519469732e-05 9.343307181889056e-08 3.9226087027461016e-05
597 3.975944545614502e-05 9.852261188286707e-08 3.967944773971174e-05
598 4.0131166480968896e-05 1.0175894136635958e-07 4.004176845981113e-05
599 4.057647824259845e-05 9.434351852654709e-08 4.0447279452860884e-05
600 4.1154688269231294e-05 9.938731110778135e-08 4.1066533307380776e-05
601 4.1884278642363666e-05 9.919446552483931e-08 4.177473122048678e-05
602 4.237041107324818e-05 9.368962769804498e-08 4.225484394024398e-05
603 4.2738196847170755e-05 9.411940827371575e-08 4.264515402605156e-05
604 4.3448405246157786e-05 1.0088005474265364e-07 4.334653116204851e-05
605 4.3982684346741615e-05 1.039992151286885e-07 4.3880083796811944e-05
606 4.469991307832557e-05 1.187231029471566e-07 4.458045298571954e-05
607 4.497875850441885e-05 1.1068321853239845e-07 4.486201580243738e-05
608 4.552170422768291e-05 1.0944857972802675e-07 4.542428588573498e-05
609 4.630865502020114e-05 1.2403970648944646e-07 4.619277285844675e-05
610 4.693738893739307e-05 1.0579278212467509e-07 4.6832037940021074e-05
611 4.72585427359826e-05 1.1903570367450396e-07 4.71234996442297e-05
612 4.8238727235212915e-05 1.2434976510725006e-07 4.812681703917487e-05
613 4.8953209328543855e-05 1.256563042895207e-07 4.881490316452002e-05
614 4.926425145223999e-05 1.281387774034115e-07 4.9120784986997514e-05
615 5.03333181022007e-05 1.1908382678600156e-07 5.019499363519551e-05
616 5.073415928610417e-05 1.2623488745407727e-07 5.062175686677084e-05
617 5.121007267019509e-05 1.3031397820420147e-07 5.1088937508775726e-05
618 5.188182302431788e-05 1.3491531185342757e-07 5.174752603735546e-05
619 5.276702762079271e-05 1.3544312172749737e-07 5.2632282215722424e-05
620 5.3104365286882636e-05 1.368768121148219e-07 5.296407172325246e-05
621 5.3816475077875444e-05 1.4826000379049283e-07 5.368046837873574e-05
622 5.487421685276361e-05 1.2865248008041156e-07 5.4742179264947354e-05
623 5.5154511620737096e-05 1.4915410112883068e-07 5.5033193424041784e-05
624 5.597753048448801e-05 1.4586234726550613e-07 5.583269881855491e-05
625 5.7007786005495755e-05 1.4612491131452339e-07 5.684452939087489e-05
626 5.733780756304374e-05 1.3873570432555316e-07 5.7186939016994645e-05
627 5.816389653364271e-05 1.5344289380853873e-07 5.799708802526436e-05
628 5.914103414966336e-05 1.56834108471874e-07 5.897008718354317e-05
629 5.9501841601255935e-05 1.512621614557587e-07 5.9369290064065764e-05
630 6.0646808969926456e-05 1.6135497303770227e-07 6.0489176150016e-05
631 6.156447692915427e-05 1.567731808773572e-07 6.138174350511087e-05
632 6.260939186742231e-05 1.5369233745138643e-07 6.245390376016667e-05
633 6.318606677720844e-05 1.7360191780150825e-07 6.301542756970901e-05
634 6.335474063059815e-05 1.6046175862025776e-07 6.319615034194706e-05
635 6.486965587037206e-05 1.9506481046834715e-07 6.470580554093345e-05
636 6.523912033660841e-05 1.905000613922187e-07 6.504732220323316e-05
637 6.614709128757327e-05 1.9381318491227825e-07 6.592520259311935e-05
638 6.721470085909938e-05 1.6737476136586456e-07 6.702858254828813e-05
639 6.83583275814621e-05 1.8853257610374317e-07 6.818292062850361e-05
640 6.910466765950573e-05 1.9362606054721788e-07 6.891582269713726e-05
641 6.963969253213232e-05 1.913138655173362e-07 6.945712651951291e-05
642 7.109558252713926e-05 2.1096916659771378e-07 7.086037646649397e-05
643 7.208799878175498e-05 2.0445516939601577e-07 7.187192431723758e-05
644 7.30590520870429e-05 1.9737350573020639e-07 7.293573219093933e-05
645 7.385004752138428e-05 2.1608964849379728e-07 7.360579290502365e-05
646 7.426306682474535e-05 2.0497195980768927e-07 7.403418540324929e-05
647 7.560047847073593e-05 2.0214884880394123e-07 7.540430208514604e-05
648 7.675881745989495e-05 2.1830013949553076e-07 7.655286508200776e-05
649 7.75338532489265e-05 2.3842620909099877e-07 7.733272903105032e-05
650 7.912452467343543e-05 2.371984774608203e-07 7.891043210414848e-05
651 8.004184864889445e-05 2.285569663032377e-07 7.974035078048294e-05
652 8.134539847803666e-05 2.5405909971772564e-07 8.103671064356693e-05
653 8.221430590252569e-05 2.556872326550431e-07 8.199727481144264e-05
654 8.24741730308381e-05 2.6359508245383687e-07 8.221847357602031e-05
655 8.422599573547071e-05 2.555286888697352e-07 8.395616525083023e-05
656 8.52183025992095e-05 2.4284866819904043e-07 8.498047089136783e-05
657 8.636165341015908e-05 2.3923512968797596e-07 8.609242265261912e-05
658 8.800017010689455e-05 2.7025487411711795e-07 8.77504832024581e-05
659 8.89389669795624e-05 2.6552975833180895e-07 8.866018463095078e-05
660 9.032879098952009e-05 2.724253468756559e-07 9.006074110412402e-05
661 9.131182354548954e-05 2.9318167603467745e-07 9.103703309480579e-05
662 9.250033387457669e-05 3.378287554806524e-07 9.217741738750923e-05
663 9.422232541441246e-05 3.260065215861376e-07 9.386686843750398e-05
664 9.471539910746029e-05 3.101290649957816e-07 9.438939281055286e-05
665 9.611275497682016e-05 3.4398956005634245e-07 9.573335139548682e-05
666 9.696102172866068e-05 3.408269930766593e-07 9.665084559435e-05
667 9.855321827439142e-05 3.41215648286979e-07 9.815944745530735e-05
668 0.00010048148321355396 3.1796507750691403e-07 0.00010019051799850797
669 0.00010216289778641062 3.351043292792907e-07 0.00010176776076994662
670 0.00010235759854208918 3.5620679206699363e-07 0.0001019596088077342
671 0.00010491399648341476 3.760027000459309e-07 0.00010458111982029608
672 0.0001059697214283923 3.688265218383322e-07 0.00010560709157786884
673 0.00010751794609695534 3.8679220987802827e-07 0.00010711804641597074
674 0.00010809510766751463 3.831234872247756e-07 0.0001077748058141525
675 0.00011008577228029778 4.2164466970467726e-07 0.00010964737824400921
676 0.00011137652453300385 4.3198932281668404e-07 0.00011089274552808262
677 0.0001134436623152258 4.0486313622301004e-07 0.00011306991864210688
678 0.00011423926917059967 4.345639109719349e-07 0.00011382593269435007
679 0.0001164866364617235 4.640057610706598e-07 0.00011600015717766153
680 0.00011843818852589786 4.3112178774083294e-07 0.00011807537001085035
681 0.00012060525726958323 4.58592195479054e-07 0.00012018017260247646
682 0.00012131891879854963 4.6238498734761065e-07 0.00012084490983658433
683 0.00012276052052616416 4.6742086481618083e-07 0.00012227509981779973
684 0.0001237178345682468 5.268701523043101e-07 0.0001232146151155059
685 0.0001259455939804686 5.227973877376132e-07 0.00012537736676879142
686 0.00012801838380638 5.429200942139802e-07 0.00012749345135132254
687 0.00012967257403955442 5.985958928526584e-07 0.0001291009624781377
688 0.00013136499112745845 4.83908972174544e-07 0.00013091806472830295
689 0.00013307342416928446 5.594617513333717e-07 0.00013250727161045244
690 0.00013465546562501916 5.241022427996263e-07 0.00013416654001909307
691 0.0001367123337125729 5.690017412055468e-07 0.00013614886113579955
692 0.00013839692362692187 6.221688746707548e-07 0.00013769950495768092
693 0.0001412651793651996 6.237537019583711e-07 0.0001406865700809007
694 0.000142905951871977 6.275506706969487e-07 0.00014233001259982263
695 0.00014519019191083896 6.458014854619062e-07 0.00014457036633711232
696 0.0001468267051172669 6.452349039423635e-07 0.0001462609424914347
697 0.0001487744256127516 6.23950462774405e-07 0.00014813287779661216
698 0.00015117534840492479 6.615781684009443e-07 0.00015050613470625568
699 0.0001521995200131826 7.12590481417326e-07 0.0001514790967408212
700 0.00015444517705948975 7.09168528993007e-07 0.00015376392268072077
701 0.00015795727855811632 6.781823316888917e-07 0.00015731119927530845
702 0.0001586974178975558 7.389235183329197e-07 0.00015796777667885877
703 0.00016164518989761356 7.36498061194824e-07 0.00016087777002127962
704 0.00016283728586432767 8.425731745762137e-07 0.00016197991173985107
705 0.0001657307960021767 8.433350535677844e-07 0.00016488751482028716
706 0.00016838281224531621 6.832892552336101e-07 0.00016771291452432523
707 0.00017071478300926808 7.603743975295103e-07 0.00016998204457376962
708 0.0001724896375171105 8.88282892529331e-07 0.0001715181681990241
709 0.0001754530673465066 8.526583040705721e-07 0.0001746065412496822
710 0.00017752963019979868 8.945229455727406e-07 0.0001766477998419241
711 0.00018019114713266435 8.596216942556056e-07 0.00017925236725998165
712 0.00018262409112396603 9.517815383604406e-07 0.00018163295520046043
713 0.00018578679292293007 8.637498584267313e-07 0.00018483112686175577
714 0.0001875150835061045 9.288731289789616e-07 0.0001866140834711442
715 0.0001896814381875546 8.503921593987385e-07 0.00018886016170961882
716 0.0001926461854020172 9.873902072851604e-07 0.00019162898143038168
717 0.0001962402365344193 9.99387858498099e-07 0.0001951821875461763
718 0.00019866360874089462 1.0086708343678622e-06 0.0001974997414068634
719 0.0002003842254492998 1.0669115634655552e-06 0.00019925934917159544
720 0.00020341352502007602 1.207993936473399e-06 0.00020222755268725062
721 0.00020651017287236201 1.1503472973888827e-06 0.00020529220999859906
722 0.00020879618821622773 1.1893565164214495e-06 0.00020770512430040003
723 0.00021285251523187125 1.2752978848619018e-06 0.00021151664651930676
724 0.00021555847956916736 1.3039158994102192e-06 0.00021406015953104546
725 0.0002191086624748239 1.3504379145995406e-06 0.00021774840073011527
726 0.00022280973273201891 1.337802615464353e-06 0.00022150113547215295
727 0.00022553669866837302 1.4458209419581082e-06 0.000223925940297157
728 0.0002300636516137503 1.4581138846161064e-06 0.0002286688032968981
729 0.00023062314311240786 1.408225930358507e-06 0.00022922417385610967
730 0.00023494972539804881 1.4314078067459484e-06 0.00023350931216157872
731 0.00023848334258965432 1.5221249351615755e-06 0.0002370048812126813
732 0.00024192989184414367 1.714920874706618e-06 0.0002403267525211225
733 0.00024393622480829185 1.5507155188603312e-06 0.00024241220724340355
734 0.00024818728834901006 1.6339320288627762e-06 0.0002465777825184569
735 0.00025294847973761006 1.4628485055875714e-06 0.00025145108857873097
736 0.0002554371100749054 1.7439120864289563e-06 0.00025365282975609987
737 0.0002587487546769236 1.8758293591675704e-06 0.00025682547922350454
738 0.0002630274802536461 1.8777080936443586e-06 0.0002609674269478121
739 0.00026588132969535005 1.843131500050305e-06 0.0002639281899786433
740 0.00027023875766252274 2.0245951785312757e-06 0.0002682448581645772
741 0.0002734873382008146 1.923411508680972e-06 0.0002713206573218235
742 0.0002769258383656714 1.8925783422115652e-06 0.0002751801220302673
743 0.00027986963725672333 2.100276366767779e-06 0.00027790771324786537
744 0.00028672514113885396 2.2075257706044234e-06 0.00028441874574965413
745 0.00028994741575710537 2.32196302714944e-06 0.0002876617035481462
746 0.0002928215092522361 2.2616076328865456e-06 0.00029039274947201916
747 0.0002982329470462714 2.3889429758830215e-06 0.0002957249996919911
748 0.0003025308293826078 2.3019930744692247e-06 0.0003003830587177453
749 0.00030700302977591673 2.40796298676983e-06 0.0003047237402886256
750 0.00030881810073184895 2.471669958145957e-06 0.0003063645784570128
751 0.0003148760530079283 2.4932031236610653e-06 0.00031244690009227656
752 0.000318556715656842 2.6072130909343752e-06 0.00031598607869830263
753 0.00032467309696910423 2.7244880264611903e-06 0.00032212021974611124
754 0.0003311857200547908 2.8108124465397792e-06 0.0003281227427602914
755 0.000333365109171482 2.6242354732421706e-06 0.00033099042850546844
756 0.00033758545983752006 2.9030814652874713e-06 0.00033466102847152216
757 0.00034429119360873954 2.860591895126035e-06 0.0003411782599866513
758 0.00034728990796922625 3.0789692344426277e-06 0.00034442930587640314
759 0.0003520885716591091 3.296069306865302e-06 0.0003488067014046869
760 0.00035838572644730625 3.029872196305535e-06 0.00035532256580931545
761 0.00036314423435695255 3.293782185841759e-06 0.0003599020710230084
762 0.00036894493458307175 3.211559616804384e-06 0.00036571015553152765
763 0.0003755389658787479 3.2543568891751053e-06 0.00037248048728886194
764 0.0003769482783800407 3.6142192365876193e-06 0.00037349949046856524
765 0.00038257928479443486 3.161509287994636e-06 0.00037961921832428447
766 0.00038689557125060476 3.966901147791281e-06 0.0003831702439427802
767 0.00039709683690124925 3.773103247663958e-06 0.0003930018927888161
768 0.00040114292420278337 4.100274967313582e-06 0.0003969569525555537
769 0.00040581775867180365 4.157210998192455e-06 0.00040178123512215155
770 0.0004144260243700503 4.088958177838272e-06 0.00041028557347958986
771 0.0004179629028783461 4.509508753848247e-06 0.0004135600032543931
772 0.00042309093036743304 4.4363890889783305e-06 0.0004187643883569955
773 0.0004280650058216631 4.679096405991344e-06 0.00042324489516395894
774 0.0004371663660937999 4.734306137160585e-06 0.00043253673975136826
775 0.0004445471528671391 4.4359108137342805e-06 0.00043982307935804086
776 0.0004491503718414681 4.869319727134798e-06 0.00044425087734419657
777 0.0004541176581277139 4.7526091726611235e-06 0.0004488930415283078
778 0.0004628867896716325 4.871372859959491e-06 0.0004577230451383648
779 0.0004676150477597219 5.204532509498417e-06 0.00046237632405046823
780 0.0004755771160426604 5.591201797809078e-06 0.0004701093073113585
781 0.000484674769824204 5.077614657421805e-06 0.0004798425698631305
782 0.0004900044603668842 4.8686015830039715e-06 0.0004849091967878129
783 0.0004971782903944698 5.480503457244483e-06 0.0004914812322890123
784 0.0005053151624938208 6.011817713394256e-06 0.000498923783869255
785 0.0005127213094478738 6.454350958728126e-06 0.000505996529559067
786 0.0005165956246081698 6.132597537100202e-06 0.0005104453741909183
787 0.0005235033883719199 6.301978819465013e-06 0.0005174808015909839
788 0.0005343187959035189 7.0288343739396725e-06 0.0005271819170001585
789 0.0005376394097646853 6.154256865845643e-06 0.0005318634775715026
790 0.0005487605977525785 6.825991387710502e-06 0.0005420148599613473
791 0.0005554553703401641 6.524068663671361e-06 0.0005488749438695807
792 0.0005656369354953136 7.250246647322922e-06 0.0005588879636792559
793 0.0005747747329732614 7.3420125669452805e-06 0.0005672228319616552
794 0.0005831728305085204 7.282264566797041e-06 0.0005754098552165745
795 0.0005846732592509631 7.503215623069458e-06 0.0005782103496593156
796 0.0005948816228266606 7.799041510138555e-06 0.0005873346949920016
797 0.000607595914750125 8.486547634753471e-06 0.0005986591634878813
798 0.0006159037952047316 8.631701019323115e-06 0.0006070553211080047
799 0.0006224307495188843 9.206988165240115e-06 0.0006128068544212234
800 0.0006324150616057653 8.916443560006937e-06 0.0006238601650870196
801 0.0006445903975378611 9.243421204582243e-06 0.0006351336133534692
802 0.0006512729639009045 8.54069585624952e-06 0.0006424294503543071
803 0.0006579021030034206 9.54621425065252e-06 0.000648366742381051
804 0.0006682310790356081 1.0249283359004402e-05 0.0006578355230291224
805 0.0006809191380267278 9.945472843420809e-06 0.0006709962195883105
806 0.0006896875900356679 1.1749727295085062e-05 0.000678155722579381
807 0.0007030731395865857 1.0659149996449881e-05 0.0006929800607394747
808 0.0007067424616442002 1.0541112713612672e-05 0.0006962149688162664
809 0.0007203416533564887 1.1011390107252117e-05 0.0007086259947678364
810 0.0007304379929759628 1.2002948331167984e-05 0.0007190355647417694
811 0.0007390903351931819 1.1207910664666692e-05 0.0007281205537933193
812 0.0007515610848507315 1.2401096684727041e-05 0.0007392913947540431
813 0.0007617975346567392 1.2769892702867754e-05 0.0007490557871106436
814 0.0007742644035445077 1.3877620448072825e-05 0.0007604499752085183
815 0.0007836493834707677 1.3144618429946472e-05 0.0007701343964070434
816 0.0007972169273527538 1.4421065269716587e-05 0.0007825210644865697
817 0.000803491364274999 1.323001842228995e-05 0.0007906252478767951
818 0.0008167644566648824 1.418516053909688e-05 0.0008026860132989099
819 0.0008293397138863026 1.329364328011431e-05 0.0008156830842539181
820 0.0008440469844188223 1.4162771855841748e-05 0.0008295436258504059
821 0.0008585155493619186 1.5576419229401402e-05 0.0008428232370984117
822 0.0008592554128003818 1.6240657536177447e-05 0.0008437381320002188
823 0.0008760350104151985 1.6320371250421033e-05 0.0008594103886452023
824 0.0008883735886199731 1.5851192720211918e-05 0.0008722131752137796
825 0.0008985245269786104 1.6761673789497094e-05 0.0008817375243860826
826 0.0009195998196168888 1.825668859813072e-05 0.0009013046299919581
827 0.0009312233756390114 1.7973855632302205e-05 0.000912869731879246
828 0.0009423158055822428 1.8488674128075255e-05 0.0009237558553268386
829 0.0009640095271048776 2.058744523236435e-05 0.0009428165817425376
830 0.0009742643989312141 1.8949048130302343e-05 0.0009559147656093255
831 0.000979309860596381 1.9436036549318796e-05 0.0009596057743593478
832 0.0010022843017795458 2.13275941331076e-05 0.0009820070614633635
833 0.001015429523741896 2.0147127388275423e-05 0.000995001437064945
834 0.0010268250280952036 2.100489702451759e-05 0.001005240910703947
835 0.0010394444467217126 1.9570382037207666e-05 0.0010196900463873555
836 0.0010642106747653088 2.380507912820465e-05 0.0010412127773952145
837 0.0010770112099510465 2.1485531921246817e-05 0.0010553252380155237
838 0.0010913284659408488 2.2732686647001436e-05 0.0010684918874112495
839 0.0011068471244533257 2.3438470572162022e-05 0.0010838854096368784
840 0.0011201183430607957 2.2026813527331935e-05 0.0010977689170801803
841 0.001136337877020599 2.368736570289442e-05 0.0011123859607908592
842 0.0011531009424073776 2.2442720082953022e-05 0.0011304608608403962
843 0.001177360240126977 2.518570435205e-05 0.0011513179778083022
844 0.0011799760015427205 2.621836161307581e-05 0.0011556069347734106
845 0.0012084235747333682 2.690027865366026e-05 0.0011823590985163438
846 0.0012164080358712326 2.528840720279528e-05 0.0011913711489092247
847 0.0012408389273967492 3.0199911087744206e-05 0.0012118005931280181
848 0.0012560059682539277 2.782713445112093e-05 0.0012282385204188666
849 0.001278489844465669 3.046927980911069e-05 0.0012479501588441683
850 0.0012922063421344867 2.8600176898634034e-05 0.0012646041159130586
851 0.0013148895024371154 3.2270206082082796e-05 0.0012828393712302193
852 0.0013234698004636067 3.308376978040066e-05 0.0012900693854935176
853 0.0013515166368697237 3.2693488328462655e-05 0.001318285230486326
854 0.0013598558142335895 3.2034594273128705e-05 0.0013299254954615394
855 0.0013908153429902882 3.690730889360288e-05 0.0013529221121384794
856 0.0014188509617540286 3.2919845896830115e-05 0.001383792619267737
857 0.0014360892452327158 3.653495564271162e-05 0.0014007382898105283
858 0.0014465531411907975 3.703877335456336e-05 0.0014091388681961468
859 0.0014657225585732985 3.533611378891508e-05 0.0014301262370203596
860 0.0014901182670015378 3.9204771163075115e-05 0.0014510923767040468
861 0.0015035653098479282 3.9127693160570114e-05 0.001464532521591933
862 0.0015313580793710551 4.205249150701148e-05 0.0014893372700810125
863 0.0015572739818768423 4.1578029562329195e-05 0.001516947666901833
864 0.001576636914398598 3.75975336796272e-05 0.0015390102064711953
865 0.0016065071331504547 4.650968375227972e-05 0.0015588243429073409
866 0.0016274713932950171 4.4420674118386605e-05 0.0015826539181978377
867 0.0016401961803807475 4.167105156074614e-05 0.0015993615102670724
868 0.00168126482789813 4.215002421374294e-05 0.001639195130551143
869 0.001689802398191369 4.357653869707253e-05 0.001647126943747432
870 0.00171869688347002 4.6321654924403574e-05 0.0016717814044431446
871 0.001735763479279742 5.024008937705206e-05 0.0016888460020458764
872 0.0017725096478357412 4.958762792197356e-05 0.0017223991749402733
873 0.0017919294994278205 4.961317820910828e-05 0.0017420380156098958
874 0.0018228612435841778 5.0775154308901486e-05 0.0017728723638549
875 0.001851472863841048 5.3055371909406625e-05 0.0017989667259595105
876 0.001860425682946961 5.289659166709599e-05 0.00180804551475733
877 0.0018871376442592034 5.156405446399559e-05 0.0018345660644072132
878 0.0019328397682269063 5.8361582672602976e-05 0.0018735094503737905
879 0.001957950003462401 6.165498486280026e-05 0.0018984376403443878
880 0.0019859207752611 5.52007890622807e-05 0.0019288884013123591
881 0.0020220976924495647 6.58149033287254e-05 0.0019560885614292377
882 0.0020263898768751692 5.941520032228951e-05 0.00196815877237059
883 0.0020559247010323643 6.160677171256857e-05 0.001997634691989051
884 0.0020956882807563553 6.203447784656289e-05 0.002033766412019458
885 0.0021296583245580454 6.360973673220127e-05 0.0020649191577443984
886 0.0021620499786956858 7.030311458969717e-05 0.0020903454099354406
887 0.002190668337587537 7.170769907264885e-05 0.002121210646489022
888 0.0022049380113734742 6.577623411312613e-05 0.0021408385108481194
889 0.002246342527057368 7.279308160978827e-05 0.0021754559381332856
890 0.0022835999887842635 7.337351032867278e-05 0.0022087696478643474
891 0.002320382540927814 7.63874596168506e-05 0.002243426456654442
892 0.0023484976885614997 7.853539696287963e-05 0.002270775361182438
893 0.002378566565112331 8.094294757266862e-05 0.002298378820334757
894 0.0023963286622589817 7.734128729530898e-05 0.0023222734459992043
895 0.002461912358635597 8.243927562419032e-05 0.002379312079203253
896 0.0024857253552445103 7.755670168060495e-05 0.0024043656630332515
897 0.0025250431619677238 8.927981726607495e-05 0.0024369881483408285
898 0.0025555842275688232 8.442579979616202e-05 0.002471533524014575
899 0.0025830980442276053 8.58037209837316e-05 0.0024991454168381945
900 0.0026416449139825943 9.223280137674279e-05 0.002546094996282131
901 0.002676940714033954 9.355748545579972e-05 0.002580808264182373
902 0.002713205212968141 8.91806599145003e-05 0.0026230121766457493
903 0.0027437155335663464 9.627528860587761e-05 0.0026511092787149036
904 0.0027670839761395403 9.074430457008206e-05 0.0026773610174763394
905 0.002814171517381226 0.00010183413214820301 0.0027121416651146595
906 0.0028606354754138826 0.00010344931832862289 0.0027554222973728165
907 0.002902875936907844 0.00010283442189932346 0.0027962709986950563
908 0.0029319767698142763 0.00010244392264783534 0.0028310018285998325
909 0.002983950250484806 0.00010123642357968296 0.0028867152469387505
910 0.0030287038931715643 0.00010316607545210845 0.0029268151090299545
911 0.0030773699174690052 0.00011391741755843676 0.0029638490906973396
912 0.003106152787586797 0.00011051696866563262 0.0029949991679996306
913 0.0031510856080240158 0.00011611312023853635 0.0030355662787097545
914 0.003198362993009786 0.00012467432772196187 0.00307395117883488
915 0.003243678244793691 0.0001246447771782531 0.0031217916432276067
916 0.0032926487325262554 0.00013544631543233312 0.0031556706327673773
917 0.0033679897457792435 0.00013223561431820963 0.003233575766886357
918 0.0033795871943219096 0.00012631401247951692 0.0032527003595801125
919 0.003435490732747462 0.00012881408715399953 0.003303833634158969
920 0.0034817173541642665 0.00013209142221820664 0.0033485202869586233
921 0.0035211393074289147 0.0001349262976109988 0.0033889900584010914
922 0.0035713241251352237 0.00014279041655220707 0.003433013562384096
923 0.0036373442122209763 0.00014926040196440937 0.003490454465601036
924 0.0036836311020207752 0.00015186451585169224 0.0035367570312651183
925 0.0037343454494521205 0.00014818603287970029 0.0035822369458288995
926 0.003775855623749222 0.00014244133145734338 0.0036364720583219245
927 0.003839637561115013 0.00014988372412202175 0.0036829486952295737
928 0.0039025871062368413 0.00015245408581134452 0.003751422996111529
929 0.0039435080940941674 0.00016069890450368378 0.0037851464281995107
930 0.004040317976826004 0.00018261119561743604 0.0038562138242080506
931 0.004048107489815404 0.00015802952816219618 0.00389536724334664
932 0.004123012921861093 0.0001720671229673136 0.003954009878085494
933 0.004181496568437697 0.00017319041340186977 0.004007112758460668
934 0.004242270688822161 0.00018107288177943948 0.004061263080270755
935 0.004295218963023521 0.00018005393605229343 0.004116541628580614
936 0.0043895065300779395 0.00018429960803107055 0.004194215709889577
937 0.004441056083421209 0.0001896814138964367 0.004247639832745951
938 0.004504015159307676 0.00020039584244505238 0.004301757969270544
939 0.004564792292298702 0.0002162448854680528 0.004353181439625016
940 0.004615137762957935 0.0002077318840980482 0.004405853396632755
941 0.004701614041782085 0.00021368919728904348 0.0044877021456730375
942 0.004691975953390435 0.0001806380716436589 0.004513432266895549
943 0.00483486536852129 0.00021917713848034864 0.0046132207004976784
944 0.004870958167210138 0.0002100857380240217 0.004667006627399129
945 0.004947040642126944 0.00020767435051703296 0.004737853153827268
946 0.005015997837240324 0.00023742934344145048 0.004777776993027347
947 0.00509732241114597 0.00023002104017041204 0.004865989733353612
948 0.005171167441907638 0.00024658574678403566 0.004932540324628137
949 0.005237877965693871 0.00022956111481187502 0.005004809697939432
950 0.005311943948868743 0.00024112470040448187 0.005079689384274155
951 0.005384920035756947 0.00023374062909053826 0.005165593719499286
952 0.005466061207755885 0.0002491343898023714 0.0052117135666683734
953 0.005570971902224324 0.00026803389149428084 0.005303267243521877
954 0.0056304106502202255 0.0002691808598986451 0.00536834940627384
955 0.005736552971687362 0.0002555115849017607 0.005478286126942538
956 0.005826951392594814 0.00027281365860840285 0.0055408560966214515
957 0.005857715072146027 0.00025231321608681586 0.005608999723407324
958 0.006017553554950003 0.00030111161209588186 0.005716250440643076
959 0.0060506896746374515 0.0002708816308982125 0.005774081266040715
960 0.006162736697794018 0.0002770906511770038 0.005879281908301673
961 0.006239821904669424 0.0002819130157194995 0.005951679545081134
962 0.006299581497081836 0.00028288834892976336 0.006015966662300382
963 0.006409077201616131 0.00028916350075086964 0.006120630329900749
964 0.0064811706447634185 0.00029822439714243323 0.006179255351589848
965 0.006627056040218179 0.00031587487705020715 0.006315592884046651
966 0.006717059761886698 0.00031352217787185396 0.006406237697016076
967 0.006755622450382648 0.0003231640943297103 0.006436331882585782
968 0.00690796132590634 0.00033103252556676663 0.006582548025831928
969 0.007030848681002382 0.00031605724537127453 0.006712835777518995
970 0.007072969138749618 0.0003437962491642254 0.006718131294904912
971 0.0071780516834861795 0.0003517791459233706 0.006821912333298007
972 0.00730769078378731 0.00037722775210492906 0.006946736366243312
973 0.007408468234851236 0.0003655125315003257 0.007038439513803118
974 0.007464444270663335 0.00034636880306557953 0.007112182385511507
975 0.00762145099902927 0.00037307227545473667 0.007248616748053211
976 0.0077131164578535085 0.00036589209825200683 0.0073320625328306775
977 0.00781517624643713 0.0003771092814795886 0.007445946380764434
978 0.007991443584052583 0.0004097909109910716 0.007585933540845541
979 0.008033084209491932 0.0004006045455034838 0.007639882761924033
980 0.008174902049217109 0.00039565818700543356 0.00777196175246897
981 0.008309358136077964 0.00039474355590344895 0.007913836982811144
982 0.008413335576867497 0.00038340621586212443 0.008023115487658388
983 0.008580056418534028 0.00042214155103419685 0.008167513715158675
984 0.008647424284851166 0.0004102573194804612 0.0082367690846517
985 0.008811361021921016 0.00040045816889558547 0.008400521680703276
986 0.008921333117553535 0.00042505909758963845 0.008501125300892287
987 0.009052868737827924 0.0004246492084765642 0.008639414236282603
988 0.009193505734197823 0.0004269846845657173 0.008769932684311874
989 0.00934152060086356 0.00044602349325547437 0.0088959286999561
990 0.00942247074586316 0.0004317598284236004 0.008995804271104963
991 0.00960064957999663 0.00048713640661839704 0.009120071852721576
992 0.009791240820718871 0.0005174037785764191 0.009273291623144166
993 0.009970740753266226 0.0005071993575158244 0.00944732819327101
994 0.010027650240889877 0.0004761242690076273 0.009557957041199211
995 0.01022992420087608 0.0005195731322402787 0.009718330276751043
996 0.010364217062659274 0.0005259609618318753 0.009829086925016614
997 0.010510351834999316 0.0005237679988727826 0.0099918671711576
998 0.010640516611946753 0.0004808645441785095 0.010143753090998383
999 0.010816602440534652 0.0005055978096138864 0.010315081851126406
1000 0.010916750789264905 0.0005031642756397593 0.010425633364938642
1001 0.011171943636936832 0.0005238636292605866 0.010650928784871732
1002 0.011298529580160173 0.0005381024168232258 0.010747556779094449
1003 0.01158798243577265 0.0005783519920337201 0.011009659336977612
1004 0.011676886494850748 0.000547511790528986 0.011123487057405575
1005 0.011777256889615489 0.0005654845113457965 0.011200847174503386
1006 0.012020545311185966 0.0006048928972015505 0.011431927204028563
1007 0.012221211880667455 0.0005969744470753457 0.011619531165520412
1008 0.01231407581227345 0.0005693880077325452 0.011756415564779465
1009 0.012598631080327202 0.0005982466997581333 0.011989213799263376
1010 0.012756200697221326 0.0005937676185156845 0.012157318994778536
1011 0.013019436191667764 0.0006354263380059867 0.01237869159320111
1012 0.013192088084558096 0.0006890244535080915 0.01251831791591027
1013 0.013490393954332689 0.0006689635201430694 0.012823124575545354
1014 0.01370955040106847 0.0006763702540222991 0.013029515102939117
1015 0.013946167341033959 0.0007154142200270305 0.013222324423262027
1016 0.014080472073903729 0.0006849880811609246 0.013393881904554388
1017 0.014371586926744135 0.0007423469368746468 0.013623733090633776
1018 0.014597811320327801 0.0007178445113606207 0.013893877905759553
1019 0.01484036407077903 0.0007173158654244099 0.014127774531752884
1020 0.015186524331676821 0.0007666152452369063 0.014403460274948408
1021 0.015590550924857387 0.0007499272918099681 0.014838986966358396
1022 0.015915388256474913 0.0007622197276038186 0.015149922234272483
1023 0.017223021391133672 0.0008402412666310467 0.016383370924238815
1024 0.017562537697816863 0.0007644891592739483 0.016779985700717103
