ell R_ell F_ell N_ell
2 0.0006987598722478361 0.0006803531320672265 1.512172240608617e-05
3 0.00016457390099070527 0.00013254380671935687 1.9689750069839082e-05
4 9.209651006441843e-05 7.596441373154701e-05 1.4965966637921843e-05
5 4.324316877641107e-05 2.5427616510813455e-05 1.5993708527080604e-05
6 4.841506592669698e-05 3.449280207568876e-05 1.5925807110795025e-05
7 4.721396536926809e-05 3.33588508622045e-05 1.4720215010288724e-05
8 3.133298980326219e-05 1.4577839340751271e-05 1.5170108050699732e-05
9 2.7835270969012457e-05 1.3681634039844119e-05 1.4999679343541406e-05
10 2.447591161516584e-05 1.0043318292753875e-05 1.4687121978273617e-05
11 2.4687180510345382e-05 1.0082300191470563e-05 1.4961316932453946e-05
12 2.6932011730232354e-05 1.2879721860078014e-05 1.4156795670163948e-05
13 2.3475757203489483e-05 9.906680719758534e-06 1.543217184514386e-05
14 2.0129369569219553e-05 6.38411190494349e-06 1.4816259429667129e-05
15 2.250343834246094e-05 6.1853367738728626e-06 1.582302004421913e-05
16 2.198396005295385e-05 6.987731871449008e-06 1.542300942063041e-05
17 2.068253493292084e-05 4.631533240853703e-06 1.5091933787437946e-05
18 2.0434296301262647e-05 5.2350727292300615e-06 1.5193473606253873e-05
19 1.8162715584864052e-05 3.734172541060103e-06 1.5085640841147553e-05
20 1.916034208873645e-05 4.158020962697428e-06 1.4712341284477591e-05
21 1.7937395733972784e-05 3.2780783487642603e-06 1.456823070146074e-05
22 1.7596856441956497e-05 1.8295426619268392e-06 1.5545020265308723e-05
23 1.8511285854408618e-05 3.4731932023356967e-06 1.526083542322061e-05
24 1.7262100362127817e-05 1.4435700002055464e-06 1.54575833889477e-05
25 1.6823821962819624e-05 2.2787159834205925e-06 1.4576380860901721e-05
26 1.636713683221361e-05 2.390516589980742e-06 1.4031665489726035e-05
27 1.7935873039957097e-05 2.60648506506702e-06 1.5568875429658212e-05
28 1.7939827401820885e-05 1.9341039826295014e-06 1.581401088022466e-05
29 1.635388547550759e-05 1.6529668346086822e-06 1.5039929742987795e-05
30 1.6640765033287855e-05 1.3219476403700575e-06 1.5326789293488317e-05
31 1.6939653786079428e-05 1.0820505589699808e-06 1.591748293403453e-05
32 1.650433272113727e-05 1.2009925433234556e-06 1.5281081181700232e-05
33 1.67184011607963e-05 1.5113094496132162e-06 1.5150198830975837e-05
34 1.6266933226099808e-05 1.6631960003425748e-06 1.4986344388858062e-05
35 1.6504780373698705e-05 1.3922910951946873e-06 1.5029701916267834e-05
36 1.654544798119201e-05 9.452240018247365e-07 1.5437414198391407e-05
37 1.5993994797194576e-05 1.0536733012940858e-06 1.4988373965422058e-05
38 1.6115863201865544e-05 9.98075093450434e-07 1.4891859353232526e-05
39 1.5288870817540097e-05 1.2780146961062482e-06 1.4238073182898154e-05
40 1.504060880432295e-05 1.1432108234903701e-06 1.3952927661534054e-05
41 1.4481513490529101e-05 8.203582991284763e-07 1.3723135463797972e-05
42 1.369392039967267e-05 5.553051758077834e-07 1.3240247566771667e-05
43 1.2661086713961601e-05 7.264521508606367e-07 1.2022612997330441e-05
44 1.2810258936564576e-05 9.670383655542638e-07 1.1836039224604188e-05
45 1.2572266108639567e-05 9.447797733026286e-07 1.1629141093628475e-05
46 1.1852288425452351e-05 8.832940224442067e-07 1.1010283387387497e-05
47 1.157892745066826e-05 7.522802521115274e-07 1.0816882134802648e-05
48 1.1003980044882545e-05 7.42734718080027e-07 1.0266454726981724e-05
49 1.0527531239945245e-05 7.125555910895227e-07 9.770544037700165e-06
50 1.0292545977668987e-05 6.170851706431385e-07 9.642110327601615e-06
51 1.0356513205572488e-05 1.2244418473151356e-06 9.199311617254925e-06
52 9.892148408318125e-06 7.27811460298171e-07 9.162607724016147e-06
53 9.338855200080786e-06 5.530466559280793e-07 8.760556431917223e-06
54 9.667881489850225e-06 1.1049131488222761e-06 8.761060935100088e-06
55 9.448439466167617e-06 8.558346311307791e-07 8.6532263189464e-06
56 9.055175251202463e-06 4.885399750208764e-07 8.53533537534445e-06
57 9.184694335548223e-06 6.26004345039895e-07 8.589193247468255e-06
58 9.11525028886172e-06 6.46910557828368e-07 8.467923557021055e-06
59 9.22299169034499e-06 6.207824716667895e-07 8.580816659176865e-06
60 9.003559442345995e-06 7.865404135715201e-07 8.279608898806692e-06
61 9.016610766426565e-06 6.862488159654971e-07 8.423622401258005e-06
62 8.907964184386279e-06 4.305810838775727e-07 8.43354281080139e-06
63 9.077126519674347e-06 5.803846414417016e-07 8.505681292318878e-06
64 8.970646828527384e-06 4.787404885689119e-07 8.585871236677688e-06
65 9.063920851275108e-06 4.677619452387123e-07 8.576551267394542e-06
66 8.857168364195019e-06 5.436383579997014e-07 8.355252955502668e-06
67 9.286361824221133e-06 7.236340203997121e-07 8.52379082556173e-06
68 9.054190230102438e-06 4.3736809530665746e-07 8.664378256996956e-06
69 9.127284023593457e-06 4.743656983379898e-07 8.68761392322512e-06
70 8.969444261705635e-06 4.7675204243295345e-07 8.532827772299858e-06
71 9.245075747023215e-06 5.939389219503863e-07 8.664069547380972e-06
72 9.05308641789248e-06 4.4298076997279256e-07 8.523226051502222e-06
73 8.9086002392053e-06 4.018930581366663e-07 8.518159803404778e-06
74 8.722880061396452e-06 3.9104581919418175e-07 8.353748367451577e-06
75 9.066137603218505e-06 5.953427772965534e-07 8.505688765637783e-06
76 8.774922171181174e-06 3.9540500238667207e-07 8.393273445121537e-06
77 8.528785840018912e-06 4.052991303569611e-07 8.138954020452886e-06
78 8.653979674492105e-06 3.9539495002077735e-07 8.246071748115321e-06
79 8.578682265538038e-06 5.294413117246502e-07 8.053766870308533e-06
80 8.215957967044253e-06 5.041472133579076e-07 7.777664018785073e-06
81 8.208335256142182e-06 5.20582064532278e-07 7.675928191066822e-06
82 7.839279796801814e-06 4.556599926745009e-07 7.356304119854872e-06
83 7.494846174243827e-06 3.067268811604975e-07 7.226362412365656e-06
84 7.520194768438783e-06 3.377026404936203e-07 7.183229398123012e-06
85 7.470619691606189e-06 4.800191270491457e-07 6.99847926890546e-06
86 7.322097607142132e-06 4.82572129498757e-07 6.863292165507155e-06
87 7.107531928417542e-06 4.4947340103952104e-07 6.64863822987145e-06
88 6.814108329584889e-06 4.4283155368648587e-07 6.353944606182839e-06
89 6.7621595749308455e-06 4.61728011139163e-07 6.3756184116515635e-06
90 6.493011021668244e-06 3.300835835041668e-07 6.171705727936327e-06
91 6.623764434717078e-06 3.889619022594323e-07 6.141434637265961e-06
92 6.2391256828344425e-06 5.123741856779589e-07 5.754146838844918e-06
93 6.144799681033697e-06 5.315687272970412e-07 5.636569917034952e-06
94 6.117423515653305e-06 5.234050746268443e-07 5.6820399178940355e-06
95 5.8646404780721115e-06 4.107359136653112e-07 5.495677836568394e-06
96 5.878658127073976e-06 5.132150255907912e-07 5.30233977890563e-06
97 5.681540828540536e-06 5.485263453068013e-07 5.1648449852233364e-06
98 5.477103655013994e-06 5.296144583159535e-07 4.981104331876144e-06
99 5.383767811592818e-06 4.720518703218624e-07 4.904249208541397e-06
100 5.252200053251638e-06 5.663836149865122e-07 4.696425635388509e-06
101 5.120349988783325e-06 5.670834868568814e-07 4.5943606150323215e-06
102 4.86532500839135e-06 4.0695274712255094e-07 4.4955675695839456e-06
103 4.791613055509046e-06 4.532263101964781e-07 4.335652363124295e-06
104 5.008760021341164e-06 6.906648060018239e-07 4.317434585480404e-06
105 4.72002682456045e-06 5.784369811088173e-07 4.1327602337296305e-06
106 4.6719473838174085e-06 6.890509770394858e-07 3.989595034027392e-06
107 4.593389762852064e-06 6.329263585623613e-07 3.9842516267035445e-06
108 4.440117318407422e-06 6.593279926207119e-07 3.8204624772644575e-06
109 4.457766578157813e-06 6.51651831881675e-07 3.839760436821206e-06
110 4.2980096222028734e-06 5.316822960619329e-07 3.8133492794511667e-06
111 4.360658296388338e-06 5.924690733063591e-07 3.7536388500676496e-06
112 4.431439393722266e-06 6.74586350005453e-07 3.703940552047098e-06
113 4.273384656197606e-06 6.139505988181329e-07 3.644070073212732e-06
114 4.130713165259966e-06 5.954945956679413e-07 3.5624998387228827e-06
115 4.199249045495072e-06 7.316672243514871e-07 3.480425486997806e-06
116 4.153794868630837e-06 7.457964092066409e-07 3.4800331918132867e-06
117 4.113881720541629e-06 5.973096547872367e-07 3.512836782170311e-06
118 3.944169135837871e-06 4.859025616430713e-07 3.4535789785413176e-06
119 4.030225190606129e-06 6.19164840564226e-07 3.4677659131971295e-06
120 4.009367759808326e-06 5.071171190763015e-07 3.4554159444572998e-06
121 4.250603611353314e-06 7.645697514836788e-07 3.4981200247082883e-06
122 4.185294891791363e-06 6.84032371379917e-07 3.509059070083567e-06
123 4.053915627858845e-06 5.869219257084886e-07 3.4796592488667983e-06
124 4.152355340168879e-06 6.452186167126453e-07 3.495932107190497e-06
125 4.0982927940024514e-06 5.062930152822124e-07 3.5603839470146894e-06
126 4.22912716880127e-06 5.795898161095545e-07 3.5864239504714928e-06
127 4.041829624083294e-06 5.905243638145559e-07 3.484811509888076e-06
128 3.994796080738862e-06 5.027774379308909e-07 3.493003410411249e-06
129 3.995981095622369e-06 5.271584915882937e-07 3.498517902181645e-06
130 4.157230304979589e-06 5.351230556360373e-07 3.6087160168225697e-06
131 4.169749064103285e-06 6.031168780022557e-07 3.5688898326768215e-06
132 4.126348436886966e-06 5.37430111764454e-07 3.63950667137063e-06
133 4.062113510767328e-06 4.691575929452784e-07 3.634033471338793e-06
134 4.0548591228644256e-06 4.360856252178789e-07 3.6214304709492706e-06
135 4.160308717984558e-06 5.987023453415093e-07 3.608998254695813e-06
136 4.211389180948416e-06 4.887645544866536e-07 3.7123020433078824e-06
137 4.074042494797965e-06 4.3545212482546434e-07 3.631280667696256e-06
138 4.1520695043123865e-06 4.2926391362312347e-07 3.740367935901174e-06
139 4.086479308823487e-06 4.005510187156169e-07 3.717478759844073e-06
140 4.12663254101265e-06 4.626922184143222e-07 3.6854008708719487e-06
141 4.23727796835019e-06 4.575396254283365e-07 3.7623536958181707e-06
142 4.12033207943813e-06 3.176682566830473e-07 3.765075344665744e-06
143 4.130323991813846e-06 3.526734229292399e-07 3.7662320502105686e-06
144 4.132405397470826e-06 4.5644551733241546e-07 3.689333099992849e-06
145 4.1880913700151725e-06 4.2161955345993387e-07 3.7704756764827283e-06
146 4.104161551367204e-06 3.6495616982279354e-07 3.721314446753289e-06
147 4.170772315423374e-06 4.2591277765237445e-07 3.7530268674447097e-06
148 4.212853498465085e-06 3.845173633883569e-07 3.82161180438099e-06
149 4.211493326671039e-06 3.790225630101539e-07 3.820026754196613e-06
150 3.989106814169931e-06 3.143083101432706e-07 3.6861101772991383e-06
151 3.961087575241647e-06 3.441081370233611e-07 3.6398008638680564e-06
152 4.262204786455268e-06 4.2109852544649227e-07 3.84216071655023e-06
153 4.1176878597371945e-06 3.658829894078827e-07 3.7610687235791986e-06
154 4.113021507051977e-06 3.2089214794658956e-07 3.8083001330655836e-06
155 3.992841428592601e-06 3.0043670135496547e-07 3.693259907533024e-06
156 4.058285398724089e-06 2.913110972400111e-07 3.7745953441293037e-06
157 4.110473392612592e-06 3.359935686154688e-07 3.770052779805312e-06
158 3.973410403292137e-06 2.9406483377940577e-07 3.68234671926228e-06
159 4.033297472547848e-06 3.2928206335217027e-07 3.7134721160513914e-06
160 4.017235586239145e-06 3.243288599447402e-07 3.70871653648858e-06
161 3.933572876749061e-06 3.254465502345684e-07 3.6368700678307998e-06
162 4.028168258565951e-06 3.0404222623960343e-07 3.704125428158408e-06
163 4.058681425983437e-06 3.8603973108494164e-07 3.6702676223021438e-06
164 4.057679220487993e-06 3.662030885052424e-07 3.6939176164766537e-06
165 4.018204431529999e-06 3.80094656607324e-07 3.643425345146791e-06
166 4.1443563737601745e-06 3.8297947322921167e-07 3.7196005714325446e-06
167 3.999234106005085e-06 3.248390087843291e-07 3.6723934141247165e-06
168 3.94849471989245e-06 3.040969357220095e-07 3.673081881723737e-06
169 3.987801367770627e-06 3.7006809226607665e-07 3.5951637927952787e-06
170 3.7727511326164353e-06 2.6309861020762626e-07 3.5454311567550493e-06
171 3.887074169815502e-06 2.5778432031937665e-07 3.647247678820465e-06
172 3.829551416011638e-06 2.993702574085665e-07 3.54358439065107e-06
173 3.859430299509076e-06 3.307221012060773e-07 3.551709441774716e-06
174 3.830543129203493e-06 3.006566034856973e-07 3.555640042620427e-06
175 3.804617020127071e-06 2.945807975943272e-07 3.5240528597737083e-06
176 3.822436845435221e-06 3.1928647152043875e-07 3.5073833173594016e-06
177 3.907558323224406e-06 3.011342453224442e-07 3.5761948793211626e-06
178 3.792621821271659e-06 2.478407727603963e-07 3.52643132835347e-06
179 3.7932954453414064e-06 2.5421444898466573e-07 3.53268672777202e-06
180 3.7800318967449882e-06 2.448733533522505e-07 3.522361858144602e-06
181 3.767239484562806e-06 2.6405988371911435e-07 3.4859937521706402e-06
182 3.7568425680195356e-06 2.872966214680281e-07 3.448161662530902e-06
183 3.799583085658594e-06 2.836722001868385e-07 3.4988645374424854e-06
184 3.784107010894791e-06 2.7825790201655496e-07 3.506132752630076e-06
185 3.687633542268669e-06 3.078457647675629e-07 3.3681453183037154e-06
186 3.7188348214803357e-06 2.6163976878219814e-07 3.444451721801019e-06
187 3.7480439433652412e-06 3.3827180447784724e-07 3.397778770484503e-06
188 3.6590593460765785e-06 2.5913718877804613e-07 3.407306415295549e-06
189 3.688603010045725e-06 2.6370497098503594e-07 3.4205704898091713e-06
190 3.6587213706400567e-06 2.8174677364579405e-07 3.3665851645707126e-06
191 3.639653595580236e-06 2.5130476797514103e-07 3.3973284377114274e-06
192 3.6424699572000303e-06 2.487613533851541e-07 3.386786795662303e-06
193 3.7126710805985268e-06 3.0346584014293697e-07 3.410380073842675e-06
194 3.614346992077961e-06 2.634641230777581e-07 3.3599152254382712e-06
195 3.5802748348973423e-06 2.418342134308667e-07 3.348915502130001e-06
196 3.6796105426973633e-06 2.0959904406204143e-07 3.440097277070879e-06
197 3.6607869877066077e-06 2.6313550032534143e-07 3.421662587031562e-06
198 3.6445643211234215e-06 2.5951636025909956e-07 3.3771375973229603e-06
199 3.637028805391536e-06 2.658973233219092e-07 3.366235387401495e-06
200 3.6448509049384166e-06 2.6262693156202044e-07 3.3792143647399944e-06
201 3.6327571032512987e-06 2.3839889604438477e-07 3.405830490831385e-06
202 3.6487815564003642e-06 2.2159224118714769e-07 3.4073871412712416e-06
203 3.5921278765706243e-06 2.1335012331419942e-07 3.3582776894521203e-06
204 3.5920534335925837e-06 2.3639598579462145e-07 3.3805882924680308e-06
205 3.6538253428874507e-06 2.5247907630998857e-07 3.4055950681345075e-06
206 3.6342192433157454e-06 2.581734908970118e-07 3.369677844618509e-06
207 3.608545217296099e-06 2.535940010796169e-07 3.380242687695683e-06
208 3.648163259623904e-06 2.188718561140072e-07 3.424572211375708e-06
209 3.6341702440095993e-06 2.5395363335165247e-07 3.4101640441824793e-06
210 3.6282428833985824e-06 2.2072607840209547e-07 3.4221422827769444e-06
211 3.730744966880585e-06 2.8589114690378643e-07 3.438881842000281e-06
212 3.67041257941018e-06 2.3946502727490166e-07 3.4504470660592257e-06
213 3.6602878510917917e-06 2.2929758084706972e-07 3.428199553606234e-06
214 3.7138236446190067e-06 2.4360130512401474e-07 3.4644799145753774e-06
215 3.6511188669422133e-06 2.456699600455957e-07 3.4075071101867353e-06
216 3.662646165617884e-06 2.409209857922991e-07 3.432661249620274e-06
217 3.725352266254324e-06 2.3365462607227073e-07 3.5126207908074446e-06
218 3.7979468059802182e-06 2.513223236775139e-07 3.5448446878284303e-06
219 3.8065682001166055e-06 2.6098977589485753e-07 3.570269902106004e-06
220 3.7954585213899665e-06 2.311753201284157e-07 3.5568325974284114e-06
221 3.848773040321124e-06 2.7504262310381224e-07 3.5700256338625305e-06
222 3.863303317404791e-06 2.723145857072743e-07 3.5779585040863437e-06
223 3.7842457233065815e-06 2.240590694095586e-07 3.554751780759552e-06
224 3.817283992345303e-06 2.2137768910757183e-07 3.5815772111919188e-06
225 3.872334980682209e-06 2.439135806987839e-07 3.6432966816465352e-06
226 3.89806795988263e-06 2.610573034192637e-07 3.636619983735388e-06
227 3.882503639175033e-06 2.1196048107874473e-07 3.682662876819039e-06
228 3.941884172973096e-06 2.3595543802536128e-07 3.7013793800305775e-06
229 4.030018851117137e-06 2.443335653702233e-07 3.7714079970132087e-06
230 4.022738250301684e-06 2.6809502757456345e-07 3.7574060956185763e-06
231 3.966678865176244e-06 2.2496766414469684e-07 3.7261905192057795e-06
232 4.0399465950013804e-06 2.2458009325052422e-07 3.801949961736493e-06
233 4.0964056543966594e-06 2.5250748509700794e-07 3.871836632095692e-06
234 4.05946766241417e-06 2.3627181326551423e-07 3.822889739163877e-06
235 4.081373456841023e-06 2.1944937330060956e-07 3.8649449669322156e-06
236 4.1097073777106935e-06 2.0393198810543986e-07 3.908827211975648e-06
237 4.08112155753964e-06 2.0848396491310337e-07 3.869338442477687e-06
238 4.221748485781096e-06 2.33674991159838e-07 3.965743249451839e-06
239 4.196118088378632e-06 2.0057816140647826e-07 4.0041563887859436e-06
240 4.243142109274657e-06 1.8716755114869265e-07 4.065001304061013e-06
241 4.26442038748187e-06 2.120932381555215e-07 4.042221336004873e-06
242 4.203817837675197e-06 1.749440232822142e-07 4.041016437668079e-06
243 4.326109580900424e-06 2.511185949290027e-07 4.057914179435659e-06
244 4.31492118497299e-06 1.9681614345338804e-07 4.115174767383129e-06
245 4.400636804087357e-06 1.8358908672044132e-07 4.215562788360743e-06
246 4.377663178098495e-06 2.2126204378278466e-07 4.148827230509981e-06
247 4.428555341785483e-06 1.978856895424066e-07 4.246054102278933e-06
248 4.431791302464759e-06 1.879201903889562e-07 4.239692949700838e-06
249 4.475234855910459e-06 1.9406831327622794e-07 4.278833857038205e-06
250 4.450173413737844e-06 1.8921703421153754e-07 4.258503508040884e-06
251 4.491124200629487e-06 2.0984203877970191e-07 4.279541593642442e-06
252 4.52816545173447e-06 2.0092260090204491e-07 4.3113019078769145e-06
253 4.532987158529897e-06 2.079676507560565e-07 4.3404522707793856e-06
254 4.604721429928206e-06 1.994261098984984e-07 4.414605990416949e-06
255 4.603264140360548e-06 1.6139596253931913e-07 4.452373498753737e-06
256 4.636438799526248e-06 1.6805867694542392e-07 4.4779238548327175e-06
257 4.6776774506092795e-06 1.8153301301594477e-07 4.486151248287661e-06
258 4.69999492391012e-06 1.8857559794717077e-07 4.495294107067587e-06
259 4.6797411981897184e-06 1.91702214288108e-07 4.499023776474068e-06
260 4.712740865432563e-06 1.7014065241190092e-07 4.563677010536908e-06
261 4.835126739629375e-06 1.6665018055030356e-07 4.652782827200419e-06
262 4.790425722148842e-06 1.4793875044234997e-07 4.632448861198943e-06
263 4.773212936791714e-06 1.4994170750071503e-07 4.625117692654188e-06
264 4.8756318813890705e-06 1.5874538122964134e-07 4.7247804190494365e-06
265 4.8853339286477116e-06 1.6888908162821144e-07 4.72078136741607e-06
266 4.884714717324973e-06 1.5333462170071197e-07 4.7271033992324955e-06
267 4.946962284979046e-06 1.8006984823278628e-07 4.778878403974239e-06
268 4.979780019846419e-06 1.625391073901457e-07 4.816594208446671e-06
269 5.057547000874178e-06 1.5125973189662521e-07 4.883263131381989e-06
270 5.077232190094151e-06 1.6350218655005239e-07 4.931668444866414e-06
271 4.988653960704326e-06 1.365833060664415e-07 4.870572894861278e-06
272 5.121581193223378e-06 1.6527918340508044e-07 4.9588611520123215e-06
273 5.109808798346611e-06 1.454364747564917e-07 4.967191933828071e-06
274 5.224368218246495e-06 1.6571163755276732e-07 5.059661362966978e-06
275 5.257271424655614e-06 1.640507470581238e-07 5.101147307813317e-06
276 5.207267218274241e-06 1.4456025034193913e-07 5.064971023019058e-06
277 5.398608585868157e-06 1.461457677781105e-07 5.250940859961778e-06
278 5.4017894156351425e-06 1.403891132835713e-07 5.267165264407237e-06
279 5.413427225546653e-06 1.2316747649620687e-07 5.296289735738069e-06
280 5.417067177671977e-06 1.4902223862441232e-07 5.254758217649523e-06
281 5.40705077670573e-06 1.5056498211502907e-07 5.254398116856062e-06
282 5.416010568796388e-06 1.3055391625497728e-07 5.2961745405579505e-06
283 5.470565547057006e-06 1.4597632344287675e-07 5.338145966778366e-06
284 5.570167234842625e-06 1.7026429355783808e-07 5.392990017606048e-06
285 5.639364755260967e-06 1.610699610650851e-07 5.482186026832032e-06
286 5.683303082561363e-06 1.381550574385141e-07 5.553693278739093e-06
287 5.593602083164783e-06 1.4471763491535204e-07 5.475223391395059e-06
288 5.653469638199031e-06 1.407659955702112e-07 5.509262831998368e-06
289 5.801717525525308e-06 1.4981342978746166e-07 5.653304390351558e-06
290 5.881802904953711e-06 1.5075493293281882e-07 5.729933078915125e-06
291 5.894748317142176e-06 1.4356473525027602e-07 5.7492432386475544e-06
292 5.861631454044254e-06 1.3724934892278028e-07 5.741738250970489e-06
293 5.888514111442462e-06 1.3832799872442068e-07 5.748433595612835e-06
294 5.888516063361273e-06 1.2754434270881545e-07 5.770153158932187e-06
295 6.0195308809456885e-06 1.2788034209927025e-07 5.888009469594674e-06
296 6.090638748739439e-06 1.1679913246935612e-07 5.969338182084115e-06
297 6.010759787079631e-06 1.31279823017073e-07 5.890334968575287e-06
298 6.095454008037866e-06 1.473620827156091e-07 5.9518367319855185e-06
299 6.1521394771528e-06 1.2651074631410702e-07 6.018816819022971e-06
300 6.231040114354632e-06 1.3524943896898727e-07 6.080557132981992e-06
301 6.229131428268848e-06 1.1637217008719541e-07 6.119318583993385e-06
302 6.298348878471583e-06 1.2332930161860008e-07 6.173443506476904e-06
303 6.440785253982084e-06 1.2512170444462786e-07 6.295168515561711e-06
304 6.406224328823857e-06 1.3111375118299542e-07 6.277267714122008e-06
305 6.441590104655679e-06 1.2934149948352956e-07 6.3105184689154805e-06
306 6.457011963090121e-06 1.3064192169645772e-07 6.310496168886147e-06
307 6.4915953999371375e-06 1.3053634096798265e-07 6.360064363727051e-06
308 6.597089706974503e-06 1.199585316375639e-07 6.472383378497672e-06
309 6.484834161847025e-06 1.2170250183806912e-07 6.362783612100223e-06
310 6.683679949109823e-06 1.2134136249843018e-07 6.5757013010453645e-06
311 6.692608353673246e-06 1.2004828846120338e-07 6.5726688722534606e-06
312 6.727210519279413e-06 1.3351225585515285e-07 6.595415734662343e-06
313 6.757482398593076e-06 1.1062340187830443e-07 6.6515073490207574e-06
314 6.838848014897616e-06 1.1075535819688807e-07 6.7344546650234e-06
315 6.79401332304075e-06 1.3038944346766315e-07 6.68491926105148e-06
316 6.923928435459457e-06 1.3039088776800412e-07 6.806294556614378e-06
317 6.92613146083733e-06 1.2073881648402552e-07 6.78949419666809e-06
318 7.099637296033338e-06 1.1460504094198963e-07 6.989501653586712e-06
319 7.11132002844315e-06 1.289337694106005e-07 6.985442674072435e-06
320 7.132252758572473e-06 1.3935900887571518e-07 6.989813790529762e-06
321 7.188196971996625e-06 1.1250994764991148e-07 7.081326911197287e-06
322 7.206822539287456e-06 1.1092355405093225e-07 7.1019543490617794e-06
323 7.4134828826665715e-06 1.1674946217174578e-07 7.2998811820455195e-06
324 7.414486793859747e-06 1.3366921012556639e-07 7.285185981155904e-06
325 7.424004890020633e-06 1.3224263994334185e-07 7.304338733765855e-06
326 7.38924722600845e-06 1.265050745225125e-07 7.267623864817561e-06
327 7.563103679123377e-06 1.1764283490778696e-07 7.4620972522095965e-06
328 7.632540019671113e-06 1.3733144867176667e-07 7.517292149205627e-06
329 7.726554051487368e-06 1.3052521673204992e-07 7.603025229681403e-06
330 7.746324847866294e-06 1.2723185837293159e-07 7.616821951005341e-06
331 7.738570761051631e-06 1.303053444614456e-07 7.599753277898627e-06
332 7.835274554762489e-06 1.4866350082080214e-07 7.70247233623981e-06
333 7.843113130430528e-06 1.3411558755447755e-07 7.713051890414881e-06
334 7.949957760394478e-06 1.2728129479675084e-07 7.831888475131708e-06
335 8.049491549224701e-06 1.6022477972461354e-07 7.893275660279116e-06
336 8.107056801042672e-06 1.5952365602250632e-07 7.945587491284973e-06
337 8.094141547119817e-06 1.3602015765125752e-07 7.956723608581052e-06
338 8.332997430106712e-06 1.5651786476901966e-07 8.179305875949405e-06
339 8.39842671405848e-06 1.5134907248763185e-07 8.244714496870568e-06
340 8.230723882704178e-06 1.4309794222373357e-07 8.08562509077288e-06
341 8.296164477622784e-06 1.5145753916974318e-07 8.160561190391622e-06
342 8.523418870261724e-06 1.5789279180402247e-07 8.377918604073028e-06
343 8.523358827555986e-06 1.6797533941280583e-07 8.348503862708476e-06
344 8.645888739057443e-06 1.6032183336180719e-07 8.493463481497429e-06
345 8.712116295278133e-06 1.811359611083797e-07 8.539350656672126e-06
346 8.716971294859813e-06 1.9053400051951623e-07 8.519123735272466e-06
347 8.901697379637074e-06 1.6294112312219464e-07 8.7446679357705e-06
348 9.000538799164099e-06 1.6975548289844184e-07 8.83296338996056e-06
349 8.9439622254619e-06 1.764500807234074e-07 8.774376134692819e-06
350 9.052021076101343e-06 1.7058405435849303e-07 8.902284274686782e-06
351 9.28658641309486e-06 1.84530892026394e-07 9.067127815648727e-06
352 9.251253961472877e-06 1.7347170514275292e-07 9.08537105707235e-06
353 9.261030758695976e-06 1.9339021228788314e-07 9.070111755693158e-06
354 9.36306118962152e-06 1.8360453502904917e-07 9.18688402812188e-06
355 9.419868189299372e-06 1.8235435431072065e-07 9.275878018689587e-06
356 9.591352663023631e-06 1.952053287621122e-07 9.39877939431516e-06
357 9.7205189763845e-06 1.9283456024671212e-07 9.50984142421999e-06
358 9.682396008742257e-06 1.9030450644586943e-07 9.488302570445945e-06
359 9.77134094513987e-06 2.0221130435762165e-07 9.565085937697304e-06
360 9.953376886651514e-06 1.9072596761568103e-07 9.76280466910755e-06
361 9.887961300554336e-06 2.1099999829799878e-07 9.687449396337094e-06
362 1.006246108906853e-05 2.0579930205436396e-07 9.867048261756506e-06
363 1.0209595045382573e-05 2.1842125175937889e-07 1.0016725966043818e-05
364 1.0221771351831169e-05 2.1297971835597457e-07 1.002001164079723e-05
365 1.0350516492005051e-05 2.437045222609889e-07 1.012240256674345e-05
366 1.0329371969920864e-05 2.1772934421096947e-07 1.0104192418514645e-05
367 1.0601041312018052e-05 2.2958198212356849e-07 1.039783116835644e-05
368 1.0646568620450854e-05 2.3398214092740988e-07 1.0423047407110333e-05
369 1.0791592988961337e-05 2.3895975253954206e-07 1.0555370864671745e-05
370 1.0870959859806996e-05 2.608600737037798e-07 1.058129148000132e-05
371 1.075951654451736e-05 2.577251693856153e-07 1.04964406254952e-05
372 1.0994313783920781e-05 2.4477100355347253e-07 1.075664071246573e-05
373 1.1037417761565146e-05 2.520764973404545e-07 1.0805502082889906e-05
374 1.1108008982342789e-05 2.9457688536084536e-07 1.0836045980630318e-05
375 1.1246395621783797e-05 2.533576701894494e-07 1.097130357026798e-05
376 1.1454571820974891e-05 2.6872877293361225e-07 1.1221483540213996e-05
377 1.158421343455504e-05 2.641762363714523e-07 1.1319630558559825e-05
378 1.1694879431903761e-05 2.49003906120739e-07 1.1481288315755878e-05
379 1.1602749088147094e-05 2.7516900630512704e-07 1.1342397509105772e-05
380 1.1981701112927586e-05 3.167036551461729e-07 1.1675541833785576e-05
381 1.213267783323535e-05 2.8891677717348773e-07 1.1820669488914561e-05
382 1.2114744386738945e-05 3.624759264434874e-07 1.1738343898605272e-05
383 1.2016656795687908e-05 2.7680770920489166e-07 1.1743326443965732e-05
384 1.2276608895602346e-05 2.752376607451869e-07 1.2037855591692501e-05
385 1.2360763117499403e-05 2.6233842351390654e-07 1.2103591063879809e-05
386 1.241388478861781e-05 2.9857833239196206e-07 1.2119682670946284e-05
387 1.2474344350475222e-05 3.101508917300604e-07 1.2169584086975883e-05
388 1.2983517118557814e-05 3.4714253995722634e-07 1.262901332218517e-05
389 1.2905978832971958e-05 3.2427276162130935e-07 1.256262150777939e-05
390 1.2902986699743692e-05 2.9507864101028553e-07 1.2620123640637846e-05
391 1.3048312264053491e-05 3.049512655855092e-07 1.2758008676057238e-05
392 1.322746467462133e-05 3.355725537973249e-07 1.2912366514638307e-05
393 1.3467673856984862e-05 3.2487982840477856e-07 1.3147058392756665e-05
394 1.343095119412391e-05 3.3079070904234984e-07 1.3084835340483351e-05
395 1.3706448729962688e-05 3.355538513798775e-07 1.3361572634414666e-05
396 1.379216429605212e-05 3.3616215177356e-07 1.3463845344258143e-05
397 1.4110045911747381e-05 3.8207311334451916e-07 1.3717061591431888e-05
398 1.420244214301915e-05 3.489196372320144e-07 1.3844083081598477e-05
399 1.4392630708318841e-05 3.3542548594147994e-07 1.4048448686426182e-05
400 1.4319466545873977e-05 3.46370907896008e-07 1.3983524354624587e-05
401 1.455344567419182e-05 3.771457111376756e-07 1.4140467728143734e-05
402 1.4694245829331892e-05 3.442782434903973e-07 1.4343949927883913e-05
403 1.4795350095457522e-05 3.915286049654859e-07 1.4396179590795278e-05
404 1.4771096537637232e-05 3.826413976079621e-07 1.4419218581109784e-05
405 1.5168881532411434e-05 4.183760047526936e-07 1.4754373162457867e-05
406 1.5473742182822557e-05 4.025664758282532e-07 1.5074409117381718e-05
407 1.5582909355835286e-05 3.9254058962694447e-07 1.5215343624097873e-05
408 1.584852234978115e-05 4.2426939702267323e-07 1.5424940810928278e-05
409 1.5769332021497096e-05 4.155947170464146e-07 1.5351058921911894e-05
410 1.5688737473523302e-05 4.232089177404469e-07 1.528744423550631e-05
411 1.603599759125812e-05 4.373776348673175e-07 1.5603472942059463e-05
412 1.6159922363959654e-05 4.521150816669949e-07 1.568234096510062e-05
413 1.6402495201069417e-05 4.4124270918156033e-07 1.5984915265964545e-05
414 1.6342290769342716e-05 4.940732414159784e-07 1.5847726826042673e-05
415 1.6804049064073344e-05 3.96681744036469e-07 1.646137795639935e-05
416 1.698360458543886e-05 5.004942537186071e-07 1.6538071862402317e-05
417 1.714385227139248e-05 4.674100765077499e-07 1.6679171589593148e-05
418 1.7225263159118346e-05 4.3011604549188806e-07 1.682183437738494e-05
419 1.737842876813894e-05 4.090433919631428e-07 1.6980320092002075e-05
420 1.7586368001049925e-05 4.4171550613360417e-07 1.716716910022046e-05
421 1.7814181219180052e-05 4.802691564102271e-07 1.732799821936646e-05
422 1.7984877226104757e-05 4.032532194254793e-07 1.7588840220229477e-05
423 1.84612580771331e-05 5.002242302229002e-07 1.795785026827929e-05
424 1.8382412189493937e-05 4.90365454703235e-07 1.7910689633059876e-05
425 1.8380606076627962e-05 4.881361962861077e-07 1.7957900809242982e-05
426 1.8932851916731625e-05 4.918816175234033e-07 1.8531425796551842e-05
427 1.8799213246903765e-05 4.666834312601065e-07 1.8305626181845913e-05
428 1.9201270873373232e-05 4.82856030766423e-07 1.8768760691060073e-05
429 1.9444976003496435e-05 4.229279362707862e-07 1.9050502771938773e-05
430 1.9641478843861762e-05 4.2742882004701395e-07 1.9221204188556716e-05
431 1.9827682032230702e-05 4.7257496950507545e-07 1.9374821108670726e-05
432 2.0026931984195843e-05 5.271848509976555e-07 1.949533041923396e-05
433 2.0136252933155003e-05 5.224228795917928e-07 1.9561367879657795e-05
434 2.0418039496849405e-05 5.288078818959677e-07 1.991613362592935e-05
435 2.073382313803889e-05 5.916521329311004e-07 2.0153824978081998e-05
436 2.0793392113288584e-05 5.351550697853722e-07 2.0275351796994688e-05
437 2.108580133948915e-05 5.705251784227614e-07 2.049741178715032e-05
438 2.089995209465113e-05 4.6569245552248856e-07 2.0450773186169744e-05
439 2.1579510982458462e-05 5.522903857443024e-07 2.105604863255651e-05
440 2.1724036045403998e-05 5.336666929152576e-07 2.1220457455620547e-05
441 2.1834896180388384e-05 5.217917397415739e-07 2.1370708772935522e-05
442 2.2250731362249227e-05 5.851093400314965e-07 2.1664560971942616e-05
443 2.2757925710385523e-05 5.71804984773358e-07 2.2161881313313845e-05
444 2.251998335126132e-05 5.495724680473672e-07 2.193935009474862e-05
445 2.3223621441141664e-05 5.461939659407556e-07 2.2672384257238434e-05
446 2.332349903902738e-05 4.914226453754991e-07 2.2844250487481648e-05
447 2.3600937096901925e-05 5.759784013773443e-07 2.3061955576382204e-05
448 2.3749223670292654e-05 5.279664399279672e-07 2.321125442272092e-05
449 2.422243080371602e-05 5.703821517032713e-07 2.3652151110252532e-05
450 2.4484439751817868e-05 5.558051568489136e-07 2.385380332378168e-05
451 2.4676808307521965e-05 5.414550896506505e-07 2.4173228890076466e-05
452 2.4639783228344996e-05 5.976341963664638e-07 2.405553710134323e-05
453 2.5043113126585577e-05 5.934448856566469e-07 2.45319628012814e-05
454 2.5633687907951112e-05 5.777146636946746e-07 2.508955269961452e-05
455 2.534191049826258e-05 5.248549674599195e-07 2.4860822548101926e-05
456 2.5896342117132503e-05 6.129737769646165e-07 2.5334943973575114e-05
457 2.666121005357614e-05 5.508044096569398e-07 2.6031732948923466e-05
458 2.6414785565817442e-05 5.993951899483292e-07 2.587729478356655e-05
459 2.6859469612142394e-05 5.554142135859685e-07 2.6304267036069483e-05
460 2.73339090199994e-05 6.901197702161547e-07 2.6611026150314922e-05
461 2.7615413738189985e-05 5.930351032423637e-07 2.7079634319251e-05
462 2.777667763720751e-05 6.566357998655418e-07 2.7111066666120573e-05
463 2.7961094113254826e-05 6.128292307532095e-07 2.7359102364091416e-05
464 2.820300556102758e-05 5.25975663716702e-07 2.7665125909318562e-05
465 2.8689581374118527e-05 5.867951519080998e-07 2.8102247200981964e-05
466 2.9003125713973587e-05 5.534611988777406e-07 2.843174428630856e-05
467 2.9028203089406946e-05 5.981391315358558e-07 2.8459749807160306e-05
468 2.9650919629545654e-05 6.697015899210725e-07 2.903258362969257e-05
469 3.010470524790611e-05 5.88403527720097e-07 2.9593263320746094e-05
470 3.0204353952932567e-05 6.280024439582558e-07 2.9670266366694756e-05
471 3.0651090572049543e-05 6.315780354308413e-07 3.00153831812519e-05
472 3.093057194428945e-05 5.91466895918925e-07 3.0277647622019354e-05
473 3.095138950799519e-05 6.165608337675956e-07 3.031796725726395e-05
474 3.174521290773224e-05 5.730677502310368e-07 3.105654283270813e-05
475 3.169232111958819e-05 6.055183456363243e-07 3.112021682623757e-05
476 3.2246343626734085e-05 6.266404481315791e-07 3.163462925989625e-05
477 3.2765845464014895e-05 5.728253043135165e-07 3.2266095550993806e-05
478 3.241059033549978e-05 5.687778504558904e-07 3.1873380520963966e-05
479 3.291248225825797e-05 5.899872120441073e-07 3.232771916077939e-05
480 3.3610775838445875e-05 5.751526564703353e-07 3.3046833271942876e-05
481 3.3652921266511e-05 5.471563097345864e-07 3.316466746695296e-05
482 3.395869170694785e-05 6.064409682191554e-07 3.3411217391525506e-05
483 3.456301975198888e-05 5.411959634280058e-07 3.4038905484506584e-05
484 3.5392310013692075e-05 5.584922405142331e-07 3.478071552294477e-05
485 3.5421658143865705e-05 5.837566036525358e-07 3.483640174542801e-05
486 3.5523383573707036e-05 5.563125935216604e-07 3.499669464167749e-05
487 3.60687499740216e-05 5.848224201217018e-07 3.5477816784359724e-05
488 3.68388444235026e-05 5.599315092953479e-07 3.627558319704024e-05
489 3.660147150672237e-05 5.401097108597875e-07 3.603999116553419e-05
490 3.7097212714885596e-05 5.539420778645769e-07 3.6560419915466164e-05
491 3.808866240648349e-05 5.595272386640841e-07 3.751927602258133e-05
492 3.8426894257703865e-05 5.22328412444756e-07 3.793720892283555e-05
493 3.8464404549666535e-05 6.135808340118615e-07 3.788977872466116e-05
494 3.8787691064017425e-05 5.292937103595628e-07 3.824361894106805e-05
495 3.9168563091787196e-05 5.732782412154397e-07 3.86743295151629e-05
496 3.93703590140304e-05 5.336779277709092e-07 3.886102584641463e-05
497 4.038791943617934e-05 5.845430014636814e-07 3.984211963361499e-05
498 4.071562066182817e-05 5.50968969755062e-07 4.0146496023833815e-05
499 4.060950593084249e-05 5.352078223629466e-07 4.007291620003688e-05
500 4.1542638534414115e-05 5.781869390499046e-07 4.0935027353483147e-05
501 4.1561745787722544e-05 5.955501899854861e-07 4.099021801076256e-05
502 4.2566981927352e-05 6.646888148518813e-07 4.192950558017005e-05
503 4.3077417979422376e-05 6.320501029538652e-07 4.2426702142725584e-05
504 4.3100147770487027e-05 5.725504877548488e-07 4.253013671865034e-05
505 4.331999311155403e-05 5.499837783035599e-07 4.2838519993530025e-05
506 4.4573583236462864e-05 5.61048633086584e-07 4.402904950390218e-05
507 4.4578833009950846e-05 5.872799361977717e-07 4.400899170684783e-05
508 4.528755082446153e-05 5.379021258461434e-07 4.477080583366655e-05
509 4.5947053405624906e-05 5.9383490302939e-07 4.541409145814787e-05
510 4.641224399112331e-05 5.598688091364706e-07 4.592150196592944e-05
511 4.641524972954138e-05 5.842994851060012e-07 4.576185122441754e-05
512 4.729093430036273e-05 5.305132582993586e-07 4.671073249663536e-05
513 4.8149060276737346e-05 5.184201022935857e-07 4.7597141995824805e-05
514 4.788270939206774e-05 5.043456296720819e-07 4.73791219707497e-05
515 4.880264838509876e-05 5.346479994928503e-07 4.821821200032462e-05
516 4.8926011949885e-05 4.92007066003765e-07 4.843258560720831e-05
517 4.977613040233429e-05 5.446668343745885e-07 4.929053596446687e-05
518 5.0365631833824284e-05 5.309935311604186e-07 4.986910277293966e-05
519 5.04312287414181e-05 5.186271394533202e-07 4.991540394068507e-05
520 5.1419378177452966e-05 4.857499488968086e-07 5.0874753236433026e-05
521 5.2478412128233255e-05 4.6627994331751795e-07 5.200604855791358e-05
522 5.294899762909201e-05 4.919280528929511e-07 5.2445408607419435e-05
523 5.2735575534331045e-05 4.850899111421548e-07 5.222713535809767e-05
524 5.3122276452822376e-05 4.876896255515474e-07 5.277080804330886e-05
525 5.47886125034531e-05 4.654731747063617e-07 5.435513490808704e-05
526 5.529925648674826e-05 4.6506538075027467e-07 5.487768834915726e-05
527 5.5563670768368654e-05 4.968383196460583e-07 5.510190106934484e-05
528 5.526446230420588e-05 4.937308586777804e-07 5.482356165940866e-05
529 5.679568275588095e-05 4.987415690741087e-07 5.620813250808572e-05
530 5.727915086506645e-05 4.873310868824167e-07 5.684729567483216e-05
531 5.790315509175609e-05 5.524992572502451e-07 5.7353675156067777e-05
532 5.892805419741492e-05 4.834328200603381e-07 5.8385980878005464e-05
533 5.9481270457100754e-05 5.068384829599404e-07 5.9102662029896795e-05
534 6.014963977763915e-05 4.844053143368675e-07 5.968225440810599e-05
535 6.1033705934756584e-05 5.19121181752547e-07 6.053924350648944e-05
536 6.139258970095401e-05 4.6342001763598713e-07 6.093644199601035e-05
537 6.26235322775886e-05 5.085846644179758e-07 6.201792429760244e-05
538 6.277687241333867e-05 4.946239900068281e-07 6.229743230249937e-05
539 6.34196881664019e-05 5.101620477660405e-07 6.296751479370241e-05
540 6.458039924368005e-05 5.095463815273282e-07 6.404017459986255e-05
541 6.578982179134942e-05 4.940557484461725e-07 6.525473713954646e-05
542 6.629914425669637e-05 5.447234755545145e-07 6.589721050642498e-05
543 6.670856808579446e-05 5.051369586023783e-07 6.618997180409062e-05
544 6.773610373506083e-05 4.902286496813274e-07 6.722052933764208e-05
545 6.892565630783931e-05 4.94455964741313e-07 6.843719551399171e-05
546 6.946038327641136e-05 4.847707115817709e-07 6.895666374767315e-05
547 6.940325059505005e-05 4.772722782325204e-07 6.899676730134922e-05
548 7.036915527165278e-05 4.887384031993354e-07 6.992337132544128e-05
549 7.140713987563675e-05 5.339308876336525e-07 7.091172444753305e-05
550 7.229251352965395e-05 4.791012882307216e-07 7.179673494126074e-05
551 7.319308350914227e-05 4.946685515800948e-07 7.280006534195101e-05
552 7.491961086725669e-05 5.010048785821837e-07 7.449039102677772e-05
553 7.47688246780431e-05 5.068240087565681e-07 7.426918525630443e-05
554 7.585143075039732e-05 4.574806151855308e-07 7.54520009860775e-05
555 7.696596727151169e-05 4.5249916385333264e-07 7.642396159141897e-05
556 7.767425540738073e-05 4.4579875948157304e-07 7.729870438593599e-05
557 7.817607698531369e-05 4.6722716158043775e-07 7.771539246720135e-05
558 8.00889954039335e-05 5.201443698896865e-07 7.963080047335253e-05
559 8.098778317101054e-05 5.309280927801715e-07 8.043442769852975e-05
560 8.186828833817374e-05 4.5492132353794277e-07 8.136479753026016e-05
561 8.207905316730355e-05 4.628967873537147e-07 8.167799585880613e-05
562 8.356888518991377e-05 5.107234879660674e-07 8.305223519077597e-05
563 8.493248881103152e-05 4.756050359475145e-07 8.444555047682909e-05
564 8.595553383500307e-05 5.271714622818255e-07 8.540058673949975e-05
565 8.631147947200731e-05 5.147103180365627e-07 8.581377516736418e-05
566 8.784706565492208e-05 5.529561079468931e-07 8.737415711785842e-05
567 8.890261991885747e-05 5.319527652127484e-07 8.837283934667518e-05
568 9.037851432985144e-05 5.027152220894811e-07 8.987323471193606e-05
569 9.106999941981715e-05 5.361636915191174e-07 9.051392048849229e-05
570 9.220098135862538e-05 5.43769948991923e-07 9.168530196737202e-05
571 9.298239142565141e-05 4.781396371390191e-07 9.250849592430732e-05
572 9.452805500993183e-05 4.968390032346082e-07 9.400705353137686e-05
573 9.578387154693144e-05 4.5161676486337674e-07 9.540633746628135e-05
574 9.638822370142816e-05 5.247213003174672e-07 9.580734604530547e-05
575 9.733756938772552e-05 5.083188050085073e-07 9.687207562942655e-05
576 0.00010015974015206193 5.52474331258942e-07 9.974335152778757e-05
577 0.00010087289124161583 5.078986484552717e-07 0.00010038496168580803
578 0.00010217503378654186 5.742229651213154e-07 0.00010159672417789284
579 0.00010263788127077906 5.479397011459804e-07 0.00010208863890027715
580 0.00010321562493522722 5.70325023720202e-07 0.0001027375556739487
581 0.00010541133270996979 5.297061822439794e-07 0.00010488483258416529
582 0.0001059532649460144 5.718642257403499e-07 0.0001053840826001634
583 0.00010785857504450883 5.29056874205519e-07 0.00010742375637585395
584 0.00011112631877370241 5.617049992251225e-07 0.00011049575370755395
585 0.00011154609652162559 5.736660888789116e-07 0.00011099838810346948
586 0.00011204683285490455 6.337388498403244e-07 0.00011145281642963623
587 0.00011380292135397583 5.859578910023004e-07 0.00011301702447276403
588 0.00011630968035412592 6.570443400025207e-07 0.00011570855254096295
589 0.00011707916129212296 6.43191533912177e-07 0.00011639618372055635
590 0.00011826480311492861 6.298015236818469e-07 0.00011757102582048765
591 0.00011979458973030804 6.094842158055771e-07 0.00011924220072980978
592 0.00012090517608171812 6.220532259710586e-07 0.00012029316341729414
593 0.0001228689780715306 6.632931885837922e-07 0.00012230564708478266
594 0.00012475356789727618 6.727599778261552e-07 0.00012414751793000153
595 0.00012683550236713119 6.919529781234176e-07 0.000126279840097941
596 0.0001272440186059491 7.159333234820416e-07 0.00012655787746940761
597 0.00012941066938286782 6.640371325530835e-07 0.0001287589600623295
598 0.0001301908527665925 6.925219503686037e-07 0.00012959481993942752
599 0.00013233688229968344 7.19685455959276e-07 0.0001315199958478839
600 0.00013440292059520626 7.074132014139179e-07 0.00013379990807091912
601 0.00013559041169944688 7.496677861258048e-07 0.000134878997018004
602 0.00013822845951647235 7.585797711040326e-07 0.00013736842804907456
603 0.00013814317682334177 7.723563457839843e-07 0.00013737455910889178
604 0.00014172808677087852 7.84824852433703e-07 0.00014089187134489915
605 0.00014270990352641813 7.257897951862701e-07 0.0001421183805022214
606 0.00014522997947231107 8.023759175797657e-07 0.000144509469709978
607 0.00014591089126051755 7.907393052473312e-07 0.00014513521833410905
608 0.00014837633059997207 8.218412849859915e-07 0.00014766309016145
609 0.0001500040004412963 7.669323252717126e-07 0.00014930259512306758
610 0.0001522638319679139 8.48998393705182e-07 0.00015152547330822292
611 0.00015380556667064354 8.524345850211792e-07 0.00015288810567064552
612 0.00015690953866119594 7.54167407269902e-07 0.00015606870456254729
613 0.00015885679185244798 8.989104556711829e-07 0.0001579095196601907
614 0.00016068811672770918 8.758382203283928e-07 0.00015975382372535895
615 0.0001634112460316411 8.860371674909408e-07 0.00016254944817597979
616 0.00016523702033332404 9.632169865641878e-07 0.0001643695226238984
617 0.00016607866829414835 9.217256357656537e-07 0.0001651914964179241
618 0.00017011660099364767 1.0219939294789133e-06 0.00016913425198900834
619 0.00017285309080286912 9.187750415805442e-07 0.000172038389998981
620 0.00017233317430808025 1.0128427836247985e-06 0.00017139888398490032
621 0.0001756274035249471 9.987592598760525e-07 0.00017454978146162645
622 0.0001799757218403209 9.684130737795657e-07 0.00017891546191017512
623 0.00017975940339970157 1.165058430425779e-06 0.00017877141210939876
624 0.00018103019821613404 1.0558185916050842e-06 0.00017995722122604973
625 0.00018538230083011006 1.091816552974702e-06 0.00018426207665326176
626 0.00018789520653241605 1.0559477928244706e-06 0.0001869045072283888
627 0.00019041904200052705 1.1535695888994665e-06 0.0001891307160884404
628 0.0001924928694419408 1.1719962637858535e-06 0.0001912999941894369
629 0.00019356070973773599 1.18368883110256e-06 0.0001924665159460737
630 0.0001990159390227749 1.1131276609524256e-06 0.00019796564848285162
631 0.00020092106565407819 1.2671487928921462e-06 0.00019962759567447924
632 0.00020482575386997578 1.2432103809584658e-06 0.00020337984173701142
633 0.00020785612569652897 1.238764864059221e-06 0.0002063939157948449
634 0.00020682940618400397 1.2937357237378363e-06 0.0002056308459218407
635 0.00021280739338933274 1.4467135333712549e-06 0.00021151407480450864
636 0.000212434788168819 1.269201240356099e-06 0.00021125144716358492
637 0.00021735636340508953 1.4839349835999503e-06 0.00021572018471280728
638 0.0002191123227964707 1.356424060841958e-06 0.0002177234730849027
639 0.00022358351531761837 1.5657798005427735e-06 0.00022200079795606928
640 0.00022758556083505313 1.522316322698293e-06 0.00022628140159758583
641 0.0002270265761695204 1.5631172484448323e-06 0.0002255457082089064
642 0.00023342689297104133 1.4629952632893127e-06 0.00023180661691617172
643 0.00023636246730892306 1.5328787805802996e-06 0.00023479115963685016
644 0.0002377528637062764 1.475326332092883e-06 0.0002361352050113031
645 0.0002408303537613658 1.4223444452466743e-06 0.00023899057887547838
646 0.0002443580158216649 1.5786359562067243e-06 0.00024279210868194385
647 0.00024986443587541235 1.5727458765637425e-06 0.00024822383176074047
648 0.0002508987762949855 1.675471865669072e-06 0.00024928810359723356
649 0.0002542944089596681 1.691503679044253e-06 0.0002527259310460563
650 0.00025972899603336606 1.7651743919821142e-06 0.00025795939451790987
651 0.0002642226155887544 1.7049014557702046e-06 0.00026211548302133516
652 0.00026580598136402746 1.8535611848898479e-06 0.00026387317937534864
653 0.0002701472562128756 1.8683420160115865e-06 0.0002683362359182505
654 0.00026806173173467626 2.036232993447838e-06 0.00026630124976814994
655 0.000275978337125992 1.996484295798037e-06 0.00027430366138823237
656 0.0002791681105095064 1.71488797282516e-06 0.00027735033404492523
657 0.00028403379895155676 1.826904227037315e-06 0.00028209917676787135
658 0.00028895614436564616 2.056959204152409e-06 0.0002871961310398414
659 0.0002937064140467344 1.891271788617347e-06 0.0002917812038731528
660 0.00029928428682771786 2.035518367538202e-06 0.0002972298281819577
661 0.0003000115578265708 2.0374512178288966e-06 0.0002979115710532369
662 0.00030394897612706027 2.1101877295102573e-06 0.000301911081925345
663 0.00031151779267434 2.191026804366534e-06 0.00030917767743109386
664 0.0003134465159383884 2.0717750597683877e-06 0.0003114906771266152
665 0.0003182739482163606 2.2357273498733245e-06 0.00031586799686256976
666 0.000319884168370983 2.1946343195566165e-06 0.0003178617224105945
667 0.0003251029278547712 2.312118999392342e-06 0.0003224744493615879
668 0.00033216146890479507 2.2758662727765015e-06 0.0003297692435434055
669 0.00033932285275384375 2.530745172432389e-06 0.00033647451423835775
670 0.0003388499990987575 2.502613797686384e-06 0.00033608119814826137
671 0.0003445054858737973 2.534821621071218e-06 0.00034232864661737713
672 0.0003506700364393797 2.401820339228995e-06 0.00034839899780556737
673 0.0003538612279321154 2.4865387946311706e-06 0.00035163590129701455
674 0.0003583974979327209 2.700462990611521e-06 0.0003557106021613939
675 0.0003654739445970133 2.6884853581068996e-06 0.0003631507769619996
676 0.0003700536988182609 2.650592489303973e-06 0.0003673972808834061
677 0.00037791905473908273 2.5244948755691755e-06 0.000375371427104827
678 0.0003770300338784515 2.59504167425083e-06 0.00037471143220107437
679 0.00038255881320082056 3.0628034305638915e-06 0.00037926228166850504
680 0.00039203272336136826 2.7126755876726517e-06 0.0003892980282992743
681 0.0003999765235325454 2.77334786834693e-06 0.0003973471337349889
682 0.0004034829142853091 2.956148343243961e-06 0.00040034050890597265
683 0.00040722332810966174 2.7575761573991163e-06 0.00040468242424262883
684 0.0004096482271570178 3.0856286611280746e-06 0.00040683728312253
685 0.0004212869740680937 3.0149339092526612e-06 0.0004181909906114699
686 0.0004258952269570834 3.0168479166100664e-06 0.00042317828010853903
687 0.00043061662889005617 2.971519965560608e-06 0.0004273432369135224
688 0.00043863476751607053 3.037603885442678e-06 0.0004358315918091895
689 0.00044506678893599676 3.4615028921189727e-06 0.00044160721766934745
690 0.00045050475519387234 3.034608126868496e-06 0.00044741817108683794
691 0.00045588369983604835 3.6414054752168684e-06 0.00045256943039659277
692 0.0004638142959839798 3.4810573122745926e-06 0.00045988877655640846
693 0.0004708127199719829 3.603534837492659e-06 0.00046771995239088877
694 0.0004744914117308289 3.22441102146326e-06 0.00047128933232464654
695 0.00048580661617897474 3.6066272217291423e-06 0.00048241724447755594
696 0.0004895402826215118 3.1733274009719297e-06 0.00048639741451517106
697 0.0004966164049429888 3.3310347934369837e-06 0.0004938847433911038
698 0.000503750749035828 3.8868724020371336e-06 0.0004998481867641195
699 0.0005125880164006803 3.7031584639839827e-06 0.0005087164061684801
700 0.0005174494726098357 3.4438710840576036e-06 0.0005143149727997241
701 0.0005300550752539325 3.477044906339685e-06 0.0005267442386542545
702 0.0005334333150165111 3.811689762551045e-06 0.0005295316446756232
703 0.0005415413301918305 3.431468639587614e-06 0.0005381647932099807
704 0.0005495988190472109 4.0054135137486365e-06 0.0005453422748024362
705 0.0005554209580755959 4.2260468790577145e-06 0.0005512522902956805
706 0.0005688488365106341 4.080274194605234e-06 0.0005644323763137385
707 0.0005777035577241877 3.661547095310537e-06 0.0005740008318940073
708 0.0005833674968159447 4.440237917163384e-06 0.0005783351187259737
709 0.0005920494305489841 4.5040380331207824e-06 0.0005880173003078872
710 0.0006019767834235775 4.633531242679962e-06 0.0005973929591555371
711 0.0006024649014467235 4.206051559057033e-06 0.0005980439974072216
712 0.0006181126727209873 4.769810553778756e-06 0.0006133351298964779
713 0.0006278805467044366 4.566305869313089e-06 0.0006229420388213574
714 0.0006346590694242126 4.135020530853284e-06 0.0006305920152800251
715 0.0006410739024406666 4.452820715337558e-06 0.0006370493281020275
716 0.0006506415047187565 4.987116106004995e-06 0.0006456694158298631
717 0.0006629525352520656 4.478464602787542e-06 0.0006585889114521658
718 0.0006722879709363549 4.44538483062794e-06 0.000667036908408416
719 0.000681988114930521 4.750627341031191e-06 0.0006776550143057702
720 0.0006883538986812258 5.072759211162697e-06 0.0006830475063996505
721 0.0007042517183168654 5.047903088553421e-06 0.0006988769157863222
722 0.0007087694605173097 4.78539550078948e-06 0.0007042650145671254
723 0.0007221795130771863 5.4775539285592125e-06 0.0007165679672669153
724 0.0007288578776591455 5.1343835375024305e-06 0.000723518331866702
725 0.0007457595175475085 5.210771309159751e-06 0.0007405287537793956
726 0.0007574406424239505 5.145628119696269e-06 0.0007524701667306496
727 0.0007721220050100177 5.240877256158902e-06 0.0007667385857832358
728 0.0007795241042038179 5.443561318530852e-06 0.0007744295965361394
729 0.0007910829925839857 5.0348498194609435e-06 0.0007862286429956937
730 0.0008002082952198403 5.598768858976215e-06 0.0007940729674542355
731 0.0008146125565443634 5.758901964088435e-06 0.0008094487933099281
732 0.0008278487236718442 6.255917039810183e-06 0.0008229102892474715
733 0.0008379495600439373 6.07598205258664e-06 0.0008322418298384035
734 0.0008536670823914268 5.697042985145235e-06 0.0008474039082426891
735 0.0008757063341492013 5.052866112110927e-06 0.0008703819514012368
736 0.000873797668297929 5.972946989465612e-06 0.0008676292869356328
737 0.0008868263364519149 6.535150447657778e-06 0.0008806670599475487
738 0.000900207983151931 5.607676802762854e-06 0.0008934204837717187
739 0.000917635854522311 5.795250292496867e-06 0.0009117407487346703
740 0.0009309016554218748 6.072778316623856e-06 0.0009252659681603464
741 0.0009405635316848023 6.233686323765031e-06 0.0009334320971769841
742 0.0009591559258865908 6.083941291081083e-06 0.0009526169937101791
743 0.0009746000365690572 6.5413657512634015e-06 0.0009685797836115921
744 0.000991863216803617 6.81137520828234e-06 0.0009853515486113677
745 0.000996600953905509 6.778379331429531e-06 0.0009898469062086719
746 0.001014048735044592 7.0711251027008145e-06 0.0010069935829144405
747 0.0010351008881915574 7.292148521775898e-06 0.0010277737877543865
748 0.0010461472731162454 6.625946227220422e-06 0.0010399366156448558
749 0.0010659119421438906 6.562529454793214e-06 0.0010600881892500263
750 0.0010738152503834808 7.3400482892735274e-06 0.0010669801810634647
751 0.0010944458693223857 7.067577952938622e-06 0.0010885581264162608
752 0.001111891842666584 7.0810398623985735e-06 0.0011048442551059837
753 0.0011233506563792107 6.719501817587357e-06 0.00111698055070839
754 0.0011548398116054523 7.495190184543452e-06 0.0011472542921408578
755 0.0011672607077590374 7.312444276842754e-06 0.0011606291792631233
756 0.001175060719134207 7.439432190009658e-06 0.0011671840471200066
757 0.0011944314234738913 7.899044656753811e-06 0.0011858877401975869
758 0.0012158023109183878 7.5041029839722695e-06 0.0012092646453911002
759 0.0012416830958299244 7.917365232482903e-06 0.0012328988569098164
760 0.0012505656541187387 7.546850286171149e-06 0.001243103020247654
761 0.0012666926529708634 8.08784863344453e-06 0.0012571000767778063
762 0.001296227922132421 8.354784104485227e-06 0.0012882917386159796
763 0.001321101025989094 7.608290389821133e-06 0.0013137905022291704
764 0.0013368805121912709 8.255153552906894e-06 0.001328606968716915
765 0.0013463781130607355 7.28559931603167e-06 0.0013407172594820105
766 0.0013677890848821331 8.549534719594253e-06 0.0013594007569457938
767 0.0014011097102688435 7.703878759848985e-06 0.0013928322942884715
768 0.001414579591805985 8.120452764416003e-06 0.0014067704174270473
769 0.0014421807134601188 8.612202557542084e-06 0.001434356080195969
770 0.0014708533446280902 8.19105962629048e-06 0.0014623216444854896
771 0.001470683741629661 9.03142675193614e-06 0.0014634202216832796
772 0.0015022368529702165 7.769890671450802e-06 0.0014939292385860161
773 0.0015095612376823794 8.63879112234162e-06 0.001499942974379165
774 0.0015564471812460536 9.609665516666806e-06 0.0015469277888915023
775 0.001571917231943305 8.721984929811707e-06 0.001562687344720973
776 0.0015964399572401076 8.994925496347063e-06 0.0015880365329224125
777 0.0016212445753896313 9.070514904554124e-06 0.0016107646055614953
778 0.001642162616880328 8.652336858980442e-06 0.0016320484036742105
779 0.0016748254686900354 9.726174768418563e-06 0.0016660525144250931
780 0.0016961060018737045 9.19534561250352e-06 0.0016855158082107655
781 0.0017214094347509654 8.226081219330832e-06 0.0017131447180036834
782 0.0017536435851662764 8.803604075418871e-06 0.001744915564898191
783 0.0017704686244051704 8.579201095262885e-06 0.0017605926097456067
784 0.001816093591270546 9.92414787763083e-06 0.0018054215753215111
785 0.0018276528452455868 9.58291713055359e-06 0.0018183110422202312
786 0.0018560940466498324 9.176627033864408e-06 0.0018479837904482905
787 0.0018816324227794003 9.40694926653116e-06 0.0018707058680474853
788 0.001913135186184808 9.807422511408455e-06 0.0019021950817499557
789 0.0019403857397634833 9.67643399168448e-06 0.0019314278615979509
790 0.001980252292521338 1.0290434397019752e-05 0.0019712869940443876
791 0.0020190920514227295 9.042380310645312e-06 0.002009393057012998
792 0.00204640793117166 1.0277416222968094e-05 0.002037134091026052
793 0.0020768437835255644 1.0390667741959074e-05 0.0020668192356380777
794 0.002125423595770957 1.0012906726615538e-05 0.00211529931681319
795 0.0021214587040971015 9.841914678500475e-06 0.0021128471606415592
796 0.002157475359701464 1.0392323131092508e-05 0.0021474623767821313
797 0.002220470671301528 1.1224923594031644e-05 0.0022083162688554506
798 0.0022477382566830515 1.101562153656436e-05 0.0022378735519913316
799 0.0022735941156889557 1.102555230824666e-05 0.00226248944885225
800 0.0022952496587459693 1.162069444537283e-05 0.0022841626718697215
801 0.002356037965207069 1.0362132248736046e-05 0.002346579920758942
802 0.002386524784734695 1.0618607664798602e-05 0.0023754404530319144
803 0.0024022408397169886 1.0487702376999716e-05 0.0023907319212749254
804 0.0024653642483539583 1.185174624487045e-05 0.002452446870528322
805 0.002505407894654794 1.1017414051579804e-05 0.0024946706719793476
806 0.0025287778171821673 1.0848038230271718e-05 0.0025177772379535116
807 0.0025751377467031424 1.1799746858007568e-05 0.0025671371388957353
808 0.0026030268934142393 1.1644759287626492e-05 0.0025903842389413314
809 0.002643145964271091 1.1177125641276742e-05 0.002631510639000689
810 0.0026867666104180878 1.121948593297774e-05 0.0026759052016157446
811 0.0027302479092614373 1.1587076424879523e-05 0.002719413627035326
812 0.0027910466677940958 1.1875220188293556e-05 0.0027802047390784396
813 0.0028117558284785414 1.1566823906257288e-05 0.0027993360145567945
814 0.0028765231035492497 1.3716390104819632e-05 0.0028623638292621717
815 0.0029160752211263925 1.2245683038795919e-05 0.002903216501842877
816 0.0029763659431907134 1.2111866240880919e-05 0.0029633911344480015
817 0.0029729247481699527 1.1928515676032454e-05 0.002961308651701199
818 0.0030510788417465505 1.228053907285606e-05 0.0030387021096571027
819 0.0031035430691132375 1.2838544098502052e-05 0.003090908673554156
820 0.003155315827619223 1.245151745883007e-05 0.0031424233362802485
821 0.003206789072795916 1.2390613535909675e-05 0.0031928398837272414
822 0.003216213678560238 1.3513515378347931e-05 0.00320352161611122
823 0.003276281674074441 1.2977954509753018e-05 0.0032635131400900507
824 0.003344668206083615 1.1922938602214662e-05 0.0033325285622370893
825 0.0033790212970702897 1.2475319253420722e-05 0.003365675256864602
826 0.0034761818503396763 1.326451962786185e-05 0.00346429723042562
827 0.0035180725726373296 1.3335822470038402e-05 0.0035021391662120216
828 0.0035728081546971763 1.2474701022245466e-05 0.0035611678589359693
829 0.003654401558528643 1.2840082968735138e-05 0.003639300664433832
830 0.0037005265803318516 1.3864902630957338e-05 0.0036874570735364455
831 0.003730927361007802 1.3277983523422667e-05 0.0037183893355366856
832 0.0038265664657796865 1.354185107576279e-05 0.0038145521725836246
833 0.0038807801876432372 1.3229816906202888e-05 0.0038680492778108266
834 0.003918971460542719 1.2964472452283084e-05 0.003906340480561991
835 0.00398972082531674 1.3735216672567408e-05 0.003976247987550848
836 0.004085296346853815 1.4994313735637068e-05 0.004070825869105701
837 0.0041252129732147255 1.359744325541657e-05 0.0041121376448640685
838 0.004197623302895476 1.4559177202262254e-05 0.004181554668235308
839 0.004263080884024106 1.4078538312003734e-05 0.004250220998580923
840 0.004331903845766947 1.3717399256614102e-05 0.004319465175272534
841 0.004400333029242976 1.3188032716807819e-05 0.004388427479348067
842 0.004460861626374038 1.3523639905924543e-05 0.004450160891160627
843 0.004555652303158479 1.5068432672551454e-05 0.00453883889779835
844 0.0045996429460999355 1.4218862894656255e-05 0.004588046896158607
845 0.004706752221431504 1.4908944384256894e-05 0.0046926454716617735
846 0.004750362956670566 1.4388782976360558e-05 0.004738332987090187
847 0.004829777194189221 1.5894501018160713e-05 0.004815459461645562
848 0.004922444062547357 1.4499910691608153e-05 0.004910123581084823
849 0.004990506587964446 1.606098531892993e-05 0.0049737870945033005
850 0.005087173009452253 1.4047466101757191e-05 0.005073650581910085
851 0.005192893102526685 1.5075362818727633e-05 0.005177556635310946
852 0.005224819518673398 1.6650500154057576e-05 0.005207876860770988
853 0.005370149508834009 1.6055904883676806e-05 0.005354936710711022
854 0.00538225452888831 1.500312592454358e-05 0.005367784350338138
855 0.005468206772151294 1.586968139306848e-05 0.0054519681406039544
856 0.005650427559722355 1.396921416705438e-05 0.005631620636102845
857 0.005710675870412537 1.5358711465142223e-05 0.005696464541405259
858 0.005761854528222916 1.4379558476242222e-05 0.005745470580725804
859 0.005882129946346856 1.4930077036029627e-05 0.005865313758652834
860 0.005943520271526115 1.4488502560371057e-05 0.005929385577281525
861 0.005997861511452075 1.5670666893514666e-05 0.005985130011638159
862 0.00614264443860332 1.496510883489961e-05 0.0061284972915704415
863 0.006237685778656605 1.638891109588422e-05 0.006219659900103854
864 0.006394176306929705 1.4491326865070852e-05 0.006379040637121442
865 0.006455938812125737 1.6475455406388836e-05 0.006438106430714888
866 0.00657200028205085 1.656577542861456e-05 0.00655329199090091
867 0.006696130946681315 1.6028294382301938e-05 0.006683273002585115
868 0.006853787819708737 1.5836182790923503e-05 0.006837626671604409
869 0.006891483307993052 1.4479633946123764e-05 0.006878660755649909
870 0.007068049123358502 1.632770092117831e-05 0.007051303292215778
871 0.007116014619820616 1.72483486438528e-05 0.007102861753747557
872 0.007279079096288494 1.6693049186757197e-05 0.007262262362579021
873 0.007356316646998182 1.6205903904439513e-05 0.007341134267636317
874 0.007504939669404426 1.633945028278524e-05 0.0074873721014510905
875 0.007661041337977212 1.835308362679734e-05 0.007645591462776845
876 0.007722803210937631 1.7410648473558676e-05 0.007705919926782799
877 0.007868857006474052 1.6439713128544958e-05 0.007853380237430182
878 0.008092158892045757 1.7938423844049068e-05 0.008071796167844501
879 0.008134413848462715 1.933846179017709e-05 0.008120357225174537
880 0.008266173057831902 1.5255426921467637e-05 0.008250546067292738
881 0.008437304469612834 1.740479824932747e-05 0.008420078923278175
882 0.008517934274331491 1.6576914640321165e-05 0.008501499418659506
883 0.00869637315689012 1.670626211588826e-05 0.008685222201501027
884 0.008853021299100124 1.6892218602766867e-05 0.008835176817013412
885 0.008964010810122604 1.7612599689760642e-05 0.008943709179597449
886 0.00914845685023578 1.8395776012191805e-05 0.009128017179362706
887 0.009379036811703566 1.9753861218705822e-05 0.009362987867637259
888 0.009453680968030764 1.6753908124474813e-05 0.00943498128343235
889 0.009625078503584435 1.799423183850701e-05 0.009603671174427257
890 0.009762867777916857 1.6810146770552936e-05 0.009745811265316482
891 0.00994742265413363 1.7198721682016983e-05 0.009930293327021552
892 0.010112610381668443 1.850098635091523e-05 0.010096042161699938
893 0.010260226261198753 1.768800649842695e-05 0.010245235526368558
894 0.010362775705941726 1.7813669867321664e-05 0.010349873149849581
895 0.010685051078467756 1.7735250610055832e-05 0.010670598986073698
896 0.010840831813710919 1.9113878460752923e-05 0.010814872004379632
897 0.010995507695065108 1.9930383325137234e-05 0.010976343565442461
898 0.01117222921212515 1.8731245528948566e-05 0.011157087261420688
899 0.011280936539787803 1.833249757373718e-05 0.011258755930803038
900 0.011652928237267985 1.887649134968918e-05 0.011633577809823771
901 0.011830309413959158 2.035587653407996e-05 0.011804508165175915
902 0.011956839302330102 1.9132686366990413e-05 0.011934328146505106
903 0.012201246312245945 1.8582553741724626e-05 0.012182691376837135
904 0.012329493220767773 1.757477109239742e-05 0.01231760391836249
905 0.012547502862741073 1.877912544103054e-05 0.012528556257654266
906 0.012747317268536737 1.9261475381148638e-05 0.01272846447443701
907 0.0129954143800309 1.7836588731611557e-05 0.012974648109151578
908 0.013155317116171683 1.8326501569700175e-05 0.013144168828217596
909 0.013565465579990176 1.954114359857381e-05 0.013547679176930068
910 0.013794548346153433 1.8873406418883096e-05 0.01377313303164395
911 0.013987582132572264 1.8600898420377767e-05 0.01396741568491702
912 0.0142212634114279 1.9053173794046583e-05 0.014198222045344986
913 0.01439182190495679 1.9035170221473493e-05 0.014372560000299184
914 0.014617955153306621 1.9572656642176866e-05 0.014596975940652384
915 0.014926184247165733 1.896277733602145e-05 0.014911403099350764
916 0.015130074393294071 1.98855095510717e-05 0.015111264153728512
917 0.015522078293888375 1.9026789118312443e-05 0.015500080672227667
918 0.01565750523146275 2.030296200852676e-05 0.01563514644119711
919 0.01600779425190372 1.9289136296756794e-05 0.01598901638079978
920 0.016345373282557682 1.9895244370460667e-05 0.01632263358901112
921 0.016572098798413915 2.0621461700656244e-05 0.01655050989251765
922 0.016765769125537275 2.0984019000035917e-05 0.016750524165182946
923 0.017097229097994035 2.0617436192478532e-05 0.017079372311132147
924 0.017471530502042025 1.9685323031730903e-05 0.017458555217117887
925 0.017698202040672854 1.9604553218144686e-05 0.017678490716035066
926 0.018111621929088686 1.9883516833708883e-05 0.018092753894109085
927 0.01839397996380469 1.99428164614251e-05 0.01837441064467848
928 0.018857226554733302 1.9310683762958207e-05 0.01883778841518313
929 0.019083354796488407 2.035600606438543e-05 0.019061514580931808
930 0.01950285494400451 2.0208683320919593e-05 0.01948832696559069
931 0.01973652614819604 1.8241101348637792e-05 0.019720028594068708
932 0.02007462308933591 2.074165561689738e-05 0.02005668353558703
933 0.02041131299909691 1.9824989632518842e-05 0.020392025176907663
934 0.020722553062182923 2.0284281570394084e-05 0.020702119440777107
935 0.02122961772279952 1.9477831549830838e-05 0.021202656408134214
936 0.02158441440591192 2.0309754170705783e-05 0.021563925840955442
937 0.021935579465538278 2.001674672354781e-05 0.021917366383531964
938 0.022369246993673292 1.9726536902071393e-05 0.0223464662482165
939 0.022626594882575558 2.149449063298276e-05 0.022609962428142817
940 0.023108808941349174 2.0780789621151977e-05 0.023084468323833658
941 0.023975098620568347 2.1909132698995113e-05 0.023953398323886776
942 0.023923597565187932 1.9666626420156077e-05 0.023899456420535033
943 0.024475834965982893 2.1681198310250757e-05 0.0244532376185337
944 0.02515940836968641 2.052934611831907e-05 0.025147425042237624
945 0.025369233346545707 2.0343966065773278e-05 0.02534906668498663
946 0.02555995944191667 2.1097086264126804e-05 0.025538896978703266
947 0.026165666378766415 2.008021220192524e-05 0.02614041896772308
948 0.02710567059473238 2.0825893876920963e-05 0.027093646995434435
949 0.027380529462410985 2.0966506528723722e-05 0.02735579139174618
950 0.02789186316660242 2.0617852464088776e-05 0.027875178534302596
951 0.028325424022323294 1.916963827384824e-05 0.028313146350712932
952 0.028949321196709742 2.1008859389896597e-05 0.028931081632783323
953 0.02947368712786133 2.056748481321671e-05 0.02944218386348139
954 0.030092592916853 2.167179999167811e-05 0.030073587242008277
955 0.030691137234939003 1.9407587478096757e-05 0.03067412496807382
956 0.03127618639681254 1.9847209201920342e-05 0.03124955261266109
957 0.03176506659380449 2.1266198541293624e-05 0.03174768112764367
958 0.032576035147403426 2.205197706018148e-05 0.032559199800686396
959 0.03312832286303103 1.962032254385466e-05 0.03310697440577094
960 0.033777719848439795 2.1013734486092992e-05 0.033750296224580964
961 0.034216981189207 2.039647640926284e-05 0.03419321664268178
962 0.03485527602449077 1.9114851820558463e-05 0.03483005924295918
963 0.03572521918007672 1.974941827230956e-05 0.035708225349669845
964 0.03600263100887362 2.069598100247052e-05 0.035985214522180106
965 0.03724850070859908 2.0991017679611657e-05 0.03722865287174719
966 0.03760233854395232 2.044461713516935e-05 0.03758598555004507
967 0.03828229227652388 1.9936037483095095e-05 0.038267293783178405
968 0.03951537063533936 2.1065266497964588e-05 0.03948860063908579
969 0.040346508418583366 2.1157419087419496e-05 0.040318207299610304
970 0.04043821734315818 2.0523787088080425e-05 0.04041812256685844
971 0.04150070818891716 2.007407556294384e-05 0.0414797636184018
972 0.04222069295312772 2.1137846480626357e-05 0.042209275292477935
973 0.04300924172138669 2.146195432577999e-05 0.042978657082742115
974 0.04367415106963873 2.2011250922103062e-05 0.04364784591310238
975 0.04485422393771619 1.9652655002788947e-05 0.04483863213820159
976 0.04574512463511135 2.1357198194012535e-05 0.04571038032707663
977 0.046497563878605784 1.9449488048801845e-05 0.04648022731303035
978 0.04791444255615747 2.113671388795183e-05 0.04789128090135929
979 0.048626015047523403 2.1588596923861717e-05 0.04861590792424774
980 0.049429070707244956 2.019936342909994e-05 0.04940987549290485
981 0.05078598554543297 1.961792691361651e-05 0.05075568030862807
982 0.052010094187920075 2.02817714230056e-05 0.0519909782795291
983 0.05269457401555164 2.107671814000973e-05 0.052680090126696257
984 0.05368820558203054 2.0696149896597928e-05 0.053656349729859346
985 0.054676252514330385 1.9123900350589768e-05 0.054659299484774874
986 0.05601792509611558 2.0225263042089304e-05 0.056001664611613385
987 0.05755738422360688 1.9430312134360004e-05 0.05754169595242496
988 0.05841653008588039 1.97389926913735e-05 0.05839453335708458
989 0.05932883635338692 2.065490219066405e-05 0.05932150213556551
990 0.06073437650407935 2.0685939493397137e-05 0.060719633978764176
991 0.061770386312235186 2.0306429084522157e-05 0.06174554238696503
992 0.0627104157820187 2.2075989397618516e-05 0.06268567763484623
993 0.06452240310798048 2.2808184024921494e-05 0.0645030764403667
994 0.06588535494688653 2.0151937279946548e-05 0.06585978936726304
995 0.06760466452770741 2.008470139778896e-05 0.06758238112546099
996 0.06862503643605025 2.277196681993211e-05 0.06858927105935464
997 0.0701565866245078 2.160095506275599e-05 0.07015124682736687
998 0.07168490713703096 1.9166328659199864e-05 0.07165756197892649
999 0.07284562529039217 2.012845618189292e-05 0.07283336664576702
1000 0.07395401589049466 2.051645962615683e-05 0.07393493901304667
1001 0.07640276854662784 2.1278064726302008e-05 0.07637907523176418
1002 0.0774754944958337 2.0812838975693226e-05 0.07744911904076035
1003 0.07911875185588685 2.1384751531607244e-05 0.07909187622951126
1004 0.08158095625797103 2.1618192615361644e-05 0.08155915848182524
1005 0.08200018960208062 2.0286980417286732e-05 0.08197042533349881
1006 0.08443626949221812 2.1022819988201447e-05 0.08442546660023123
1007 0.08593592396188564 2.3095891830600073e-05 0.08590479884439946
1008 0.08799721168928049 2.134065442166344e-05 0.08798232700135204
1009 0.09048931254154265 2.07680286032362e-05 0.09045574553708001
1010 0.09209441321888132 2.0225071809538866e-05 0.09206834256579687
1011 0.0933068142216868 2.0289405392463676e-05 0.09329739594374396
1012 0.09546855399936266 2.1839149931121523e-05 0.09543965079847172
1013 0.0983197501284991 2.1291168158645008e-05 0.09829334672624838
1014 0.10020391801626685 2.1303285496855106e-05 0.10018701699770668
1015 0.10255656032676487 2.1337019798217044e-05 0.10253251555301804
1016 0.10403211179483446 2.1626873335686246e-05 0.104005166914973
1017 0.10702282503330891 2.098472512788764e-05 0.10699112221784988
1018 0.10923627757231116 2.088671471342406e-05 0.10922517289727036
1019 0.11031480619299204 2.1851386910684357e-05 0.11028497377860655
1020 0.11391370274216207 2.3901573395575267e-05 0.1138686795448716
1021 0.11553988970929524 2.0321321492557704e-05 0.11553199557312148
1022 0.1179637061642671 2.1652338003973377e-05 0.11794453974860257
1023 0.12579326089112566 7.525787968973394e-05 0.12572409477837368
1024 0.12902627186409113 7.110551558166503e-05 0.12893959378247288
