ell R_ell F_ell N_ell
2 0.0007257125263616288 0.000703794333019149 2.0546434955307522e-05
3 0.00016555862099142124 0.00012452328797522803 2.751628561593518e-05
4 0.00010853173098101474 8.580626410531467e-05 2.042377154019932e-05
5 5.518522756290661e-05 3.0809120345375933e-05 2.2153545303300293e-05
6 5.833250577136709e-05 3.796039463010097e-05 2.3048829736011005e-05
7 5.555459005189465e-05 3.566687682797705e-05 2.141303189937738e-05
8 3.934353719291328e-05 1.545061772218136e-05 2.167329897358394e-05
9 3.425896724832387e-05 1.393590585996102e-05 2.181149617293046e-05
10 3.079699604679595e-05 1.0022693345519414e-05 2.1487363904361563e-05
11 3.145954886090589e-05 1.0768523847480574e-05 2.123538823482428e-05
12 3.316346005942754e-05 1.2801360936001618e-05 2.033951562567926e-05
13 3.0026756461536057e-05 1.0108102710993238e-05 2.233422198751496e-05
14 2.7099894944342953e-05 6.646239668706145e-06 2.177247041870244e-05
15 3.0325498392543356e-05 6.424278764941271e-06 2.320021210973871e-05
16 2.8984835307130264e-05 7.151001345477356e-06 2.2395047330685125e-05
17 2.72083292685369e-05 4.616249855375921e-06 2.1568800115042815e-05
18 2.689284598223613e-05 5.23868999922469e-06 2.147189295848521e-05
19 2.4877933158748162e-05 3.903085298665665e-06 2.1827317551984968e-05
20 2.628574585425041e-05 4.252642661295755e-06 2.166815277925604e-05
21 2.4540239002077934e-05 3.2507530859302593e-06 2.1109912949698594e-05
22 2.446899583171155e-05 1.8896712650963033e-06 2.244454399187015e-05
23 2.531303692357431e-05 3.4654046195370903e-06 2.2117075738794012e-05
24 2.4350317487727656e-05 1.4661718108331114e-06 2.2414644258907375e-05
25 2.320268328736416e-05 2.314736673241612e-06 2.092839177258896e-05
26 2.284660979767265e-05 2.5674905602033443e-06 2.0276289308294505e-05
27 2.509024208757667e-05 2.7866422963653133e-06 2.2535000806938216e-05
28 2.5225099180215022e-05 2.106559401138272e-06 2.2845666075952866e-05
29 2.2932170558204885e-05 1.6522902303048766e-06 2.1691184803369937e-05
30 2.339481747344996e-05 1.3513739882781275e-06 2.2030832665951167e-05
31 2.4068513964967896e-05 1.0852777709309223e-06 2.306178016373349e-05
32 2.3645306585194204e-05 1.276027784971513e-06 2.2330096043160653e-05
33 2.3436812481588045e-05 1.628489741540417e-06 2.1733444172090943e-05
34 2.3176982219654403e-05 1.789089666264465e-06 2.187221377983242e-05
35 2.3337393704634036e-05 1.534412443923745e-06 2.175125490013119e-05
36 2.3622824163879167e-05 9.905784648989835e-07 2.243010046329653e-05
37 2.290853018796368e-05 1.1292590117239351e-06 2.1805501396774365e-05
38 2.3332590267490498e-05 1.091961692173226e-06 2.197762729843006e-05
39 2.212053656627465e-05 1.3898179817861212e-06 2.101490588268415e-05
40 2.2185190252690475e-05 1.2763960362540468e-06 2.0918022903496118e-05
41 2.146140793503755e-05 9.073797125822886e-07 2.060769437693889e-05
42 2.057480429783956e-05 6.577929457648816e-07 2.0086526761718426e-05
43 1.9217417081478745e-05 7.832272737119432e-07 1.8607278113234638e-05
44 1.9489952942566764e-05 1.1273344647441304e-06 1.8321430140574834e-05
45 1.9404168637382663e-05 1.1106613942739766e-06 1.828287461698447e-05
46 1.838150266032869e-05 1.0394977455408834e-06 1.739685954207082e-05
47 1.8350824292852286e-05 9.328336988068942e-07 1.741321193109769e-05
48 1.7570807998270663e-05 9.151350538063669e-07 1.6657019098672872e-05
49 1.708324704505805e-05 8.857079694557437e-07 1.6103641792284253e-05
50 1.6601314185465966e-05 7.874854665633305e-07 1.577727983799967e-05
51 1.6802002801963383e-05 1.6223796372197138e-06 1.5233923577596134e-05
52 1.6097643691656738e-05 8.936960685006946e-07 1.524971449795723e-05
53 1.5509921435928755e-05 6.439082771516577e-07 1.483964218199203e-05
54 1.5917182338766085e-05 1.4230560087965494e-06 1.4739058633032451e-05
55 1.56239788288968e-05 1.0972664438365556e-06 1.4599559914816973e-05
56 1.5013805856480392e-05 6.752669401326592e-07 1.428471564059855e-05
57 1.5241634549055963e-05 8.959039059863207e-07 1.4401810535281442e-05
58 1.5117041522471475e-05 9.523997251868213e-07 1.4150124615832945e-05
59 1.5291320332325742e-05 8.97309634982221e-07 1.4387347622875619e-05
60 1.4757649356537033e-05 1.1033848639462876e-06 1.3756812561153713e-05
61 1.4839907984492235e-05 9.7033012811268e-07 1.401456217945462e-05
62 1.4672436114134903e-05 6.472147436370697e-07 1.4000306285666698e-05
63 1.495030677903083e-05 8.061089100430762e-07 1.4125010349983341e-05
64 1.4832069977002335e-05 7.288701227076111e-07 1.422123429808211e-05
65 1.4973073963781631e-05 6.610742230069286e-07 1.4267396620804896e-05
66 1.460266427892981e-05 7.833571002569252e-07 1.3890328721407819e-05
67 1.5148431760571136e-05 1.0073181125523696e-06 1.4102583376891734e-05
68 1.4858510075968295e-05 5.919132486012402e-07 1.4325246347695983e-05
69 1.5091244562469226e-05 6.767771513732397e-07 1.4419861004306867e-05
70 1.4770883049649178e-05 6.796859245176069e-07 1.4157911859775008e-05
71 1.5119109927593658e-05 8.269433149631865e-07 1.4336439070801328e-05
72 1.4817353172131235e-05 6.492351038968369e-07 1.4032741064318624e-05
73 1.4585074762192942e-05 5.461843644145812e-07 1.4051839708189607e-05
74 1.4359448995748414e-05 5.782519174557936e-07 1.3798066865810426e-05
75 1.4884710425632805e-05 8.358694170814043e-07 1.4079784870414551e-05
76 1.44146006080779e-05 5.849118253924673e-07 1.3836575642900422e-05
77 1.3906941548486864e-05 5.846458415020665e-07 1.3356979341008904e-05
78 1.4152127715784965e-05 5.560559634247982e-07 1.3567778674119242e-05
79 1.4004267604442352e-05 7.543663806019272e-07 1.3236167286217281e-05
80 1.3392380796561303e-05 6.805328489747207e-07 1.2809417261211543e-05
81 1.3352629154868442e-05 7.767930014279135e-07 1.2560330910296311e-05
82 1.2667034572778924e-05 5.93815691991544e-07 1.2029907104010237e-05
83 1.2179501219004433e-05 4.507185283956329e-07 1.1775498980944867e-05
84 1.219114075302282e-05 4.769258735223573e-07 1.1703525977369092e-05
85 1.2058616357237139e-05 7.266107800335846e-07 1.1360422748329164e-05
86 1.1729783566336589e-05 6.444125866888459e-07 1.112963568414659e-05
87 1.1379993385963366e-05 6.20683144903116e-07 1.0744873940022812e-05
88 1.0891230237348856e-05 6.325698825053043e-07 1.0234914010940665e-05
89 1.0779732639802507e-05 6.253542809577683e-07 1.0262807915776781e-05
90 1.032585791074753e-05 4.7616849084036165e-07 9.869040844840361e-06
91 1.053365484283719e-05 5.579869367640261e-07 9.827091625604084e-06
92 9.868142033765538e-06 6.992104796529288e-07 9.201937031893977e-06
93 9.677181153879055e-06 7.35446736232761e-07 8.97782430755065e-06
94 9.633606543946387e-06 7.322894294251555e-07 9.040465485692868e-06
95 9.187661048084682e-06 5.765886751971868e-07 8.675111440369977e-06
96 9.192359403131138e-06 7.439457829672692e-07 8.35929495241168e-06
97 8.815045228278028e-06 7.572715157017691e-07 8.109804654050438e-06
98 8.493931794087437e-06 7.034685539326491e-07 7.829848049911307e-06
99 8.30572328021693e-06 6.434667442692159e-07 7.658334565855545e-06
100 8.095239806808157e-06 8.153018493767546e-07 7.302504381275844e-06
101 7.887238265261625e-06 7.927736329590681e-07 7.160961497206567e-06
102 7.495396464601188e-06 5.605504660219095e-07 6.984604076837731e-06
103 7.363326907267539e-06 6.595270396264258e-07 6.693196654789588e-06
104 7.603428941099582e-06 9.59617960723188e-07 6.653884663176858e-06
105 7.155957435431199e-06 7.898591832001079e-07 6.352644406814303e-06
106 7.008326881311246e-06 8.973701982386656e-07 6.118709029165301e-06
107 6.907462181684018e-06 8.446088701235777e-07 6.097033472291527e-06
108 6.697973217567024e-06 9.306196479240426e-07 5.825652678716682e-06
109 6.733335113421075e-06 9.238163064034369e-07 5.873311170128225e-06
110 6.447407957564197e-06 7.286209494803867e-07 5.7883711022917935e-06
111 6.5355555978463734e-06 8.042129739393521e-07 5.700662483842721e-06
112 6.608004053298158e-06 9.093572234326729e-07 5.624871337457821e-06
113 6.389137988700376e-06 8.657895825863746e-07 5.517649463056217e-06
114 6.187209866285181e-06 8.057216561298512e-07 5.4066845599328e-06
115 6.250186314194065e-06 9.962829764974804e-07 5.294827077854762e-06
116 6.149485354491296e-06 1.0165830625712952e-06 5.243783376518773e-06
117 6.147480595997202e-06 8.369259847348218e-07 5.295228718866715e-06
118 5.87588787729339e-06 6.635512686630164e-07 5.2025461395325935e-06
119 6.030087280281538e-06 8.472262341845945e-07 5.251066486415004e-06
120 5.961001169224392e-06 6.766439359472524e-07 5.222003784357792e-06
121 6.314290550211698e-06 1.0513499296326935e-06 5.2684144581354134e-06
122 6.263740973348291e-06 9.534504231872712e-07 5.3258045524978626e-06
123 6.025778839580318e-06 7.908181767464751e-07 5.251390388780424e-06
124 6.125061737277817e-06 8.401402157668312e-07 5.270220159472717e-06
125 6.119925361176834e-06 6.727296286874905e-07 5.39497035535729e-06
126 6.254433861736807e-06 7.765841270635199e-07 5.380584030100626e-06
127 6.0131748755269925e-06 8.208004804831378e-07 5.2449764731848915e-06
128 5.908555977426398e-06 6.617817437028918e-07 5.251524552532778e-06
129 5.924559168418493e-06 7.0402162246992e-07 5.262744729536452e-06
130 6.1703354251359565e-06 6.994090767868952e-07 5.455396633149282e-06
131 6.167396891858956e-06 8.277985518148574e-07 5.350685293363906e-06
132 6.1378933169919036e-06 7.558957786721593e-07 5.46177603902777e-06
133 6.048061148479254e-06 6.562733131153264e-07 5.448975617388057e-06
134 6.005791341629339e-06 5.733184917537857e-07 5.425110298145274e-06
135 6.171991020806632e-06 8.249188947733469e-07 5.416959425768302e-06
136 6.297499766882677e-06 6.853752985690714e-07 5.600032939889629e-06
137 6.034522087922052e-06 5.992223601997849e-07 5.424385306749119e-06
138 6.168885591217156e-06 5.943256396123971e-07 5.604220120249481e-06
139 6.095904818938215e-06 5.432787802889315e-07 5.5932319258927665e-06
140 6.0956232184357034e-06 6.165579547661233e-07 5.512604765357631e-06
141 6.3063914181934525e-06 6.127284661284059e-07 5.669814900938385e-06
142 6.157215686362845e-06 4.358545973579937e-07 5.6739502140454605e-06
143 6.131546947432508e-06 4.711096683890704e-07 5.648763818417357e-06
144 6.144367652655014e-06 6.173307225155523e-07 5.544664890982117e-06
145 6.274086270264575e-06 5.833103321102288e-07 5.69662068052156e-06
146 6.134637575268813e-06 4.848409788171453e-07 5.630723463105723e-06
147 6.249024696735195e-06 5.665183815216406e-07 5.696101487449402e-06
148 6.339609333792019e-06 5.139485024564817e-07 5.806154319109479e-06
149 6.304358647694059e-06 4.977674496697788e-07 5.787877972618818e-06
150 6.019314062302375e-06 4.2045914796029917e-07 5.618093009208973e-06
151 6.010232137973114e-06 4.6500474904938527e-07 5.568656803573233e-06
152 6.4039001288459134e-06 5.633941805039316e-07 5.841292757115047e-06
153 6.251597383546875e-06 5.047220329768853e-07 5.756588464547543e-06
154 6.2311375458652176e-06 4.2227869700673717e-07 5.83213609135066e-06
155 6.107637025986848e-06 3.8714964321608467e-07 5.724831706099976e-06
156 6.218725475281903e-06 3.9400886764627056e-07 5.833679890389613e-06
157 6.2825379744198e-06 4.4372611953925354e-07 5.827633143504615e-06
158 6.124465613449933e-06 3.801185990064299e-07 5.742918348304462e-06
159 6.213013924478955e-06 4.393856178481333e-07 5.7960374214175036e-06
160 6.14226293478864e-06 4.2083428704739655e-07 5.7514180825057835e-06
161 6.0841693612719275e-06 4.1611646643252127e-07 5.710284927416581e-06
162 6.2483348108991515e-06 3.9404213556106765e-07 5.823245466029581e-06
163 6.300632942160963e-06 5.124384637142937e-07 5.790451928009782e-06
164 6.312176273139708e-06 4.6839105705540596e-07 5.844188024547731e-06
165 6.229290356994279e-06 4.870984641879394e-07 5.758308188081209e-06
166 6.483485978114626e-06 4.945822801394218e-07 5.93020642449733e-06
167 6.268691408174994e-06 4.175221687976833e-07 5.848160484577074e-06
168 6.22200845094303e-06 3.914876445057745e-07 5.873196825491934e-06
169 6.2859252660616794e-06 4.815608450551097e-07 5.776631610217479e-06
170 6.007910398700723e-06 3.4037205468550774e-07 5.716513217115966e-06
171 6.21730409983445e-06 3.238773688353679e-07 5.917614062935014e-06
172 6.130980233507906e-06 3.8380761338211236e-07 5.76738827476902e-06
173 6.160948279384274e-06 4.256125225553218e-07 5.7705251305655185e-06
174 6.187262571459921e-06 3.8291771571137587e-07 5.8363971227088066e-06
175 6.143125179894639e-06 3.704554891419172e-07 5.7956393004495855e-06
176 6.209535080389832e-06 4.1169306061308206e-07 5.800624991596321e-06
177 6.325293165452489e-06 3.8691156132566623e-07 5.894690006851914e-06
178 6.202822220954296e-06 3.097522557297838e-07 5.869293422458662e-06
179 6.224393731621732e-06 3.1623134251191936e-07 5.9017587777348416e-06
180 6.2190928744818775e-06 3.059747261736498e-07 5.8891132512461765e-06
181 6.241435202663836e-06 3.356856010707261e-07 5.8889516278578155e-06
182 6.228490954079292e-06 3.5183032579973257e-07 5.844205012695383e-06
183 6.330978786084605e-06 3.6104208620613156e-07 5.9478991474842375e-06
184 6.324305421406169e-06 3.490080949599728e-07 5.977837452009243e-06
185 6.1659565820725435e-06 3.7870818516823066e-07 5.766654731013511e-06
186 6.256644404571633e-06 3.2405297414635155e-07 5.919729032000046e-06
187 6.306106056071105e-06 4.157251688824427e-07 5.869285284082025e-06
188 6.201419099894649e-06 3.186102296364299e-07 5.894680809809743e-06
189 6.278932610195931e-06 3.214070364081485e-07 5.9537239689125204e-06
190 6.231063423638083e-06 3.372066564379953e-07 5.883071214656633e-06
191 6.249766847498659e-06 3.019759001488786e-07 5.958368876869703e-06
192 6.28390813084804e-06 3.017713433421504e-07 5.975771661595885e-06
193 6.374862811180736e-06 3.6085728097620997e-07 6.016337281937922e-06
194 6.281257221871068e-06 3.119835707477636e-07 5.983597168937876e-06
195 6.240561434704073e-06 2.8470711133485543e-07 5.965998190777503e-06
196 6.444372449484163e-06 2.4985087880096456e-07 6.144259153958771e-06
197 6.410898753302764e-06 3.060307758138375e-07 6.137967242131027e-06
198 6.3945160152288765e-06 3.0347013131600687e-07 6.077457232624918e-06
199 6.38374523735964e-06 3.117737726106799e-07 6.069425520385857e-06
200 6.438343195454469e-06 3.0339097043259036e-07 6.131042435058224e-06
201 6.426856471384572e-06 2.742675364567976e-07 6.169951143006852e-06
202 6.5130311049722756e-06 2.616140120786207e-07 6.2207541184135465e-06
203 6.412764639140766e-06 2.5365072364960484e-07 6.132152554275231e-06
204 6.453633004533323e-06 2.7395595301245656e-07 6.214419430818901e-06
205 6.541524579695084e-06 2.924773281066212e-07 6.259017178748097e-06
206 6.501620331623006e-06 2.918953774399721e-07 6.203888166377722e-06
207 6.507419595173968e-06 2.9203283413389067e-07 6.254067631373488e-06
208 6.613489415313802e-06 2.5852321374222164e-07 6.348196289745736e-06
209 6.563642846729051e-06 2.808855482879772e-07 6.326123794114579e-06
210 6.603591379472812e-06 2.4868506375232696e-07 6.375872317409748e-06
211 6.758815883113837e-06 3.313213112163392e-07 6.422266097500334e-06
212 6.675323053674216e-06 2.71167573767264e-07 6.430804540532356e-06
213 6.6736254194395024e-06 2.6055895144999505e-07 6.413016459865892e-06
214 6.768373050008509e-06 2.776203699600733e-07 6.48344234401809e-06
215 6.665445822417913e-06 2.7483079493944176e-07 6.3949380127219116e-06
216 6.709638484011804e-06 2.7065208319906946e-07 6.45635606376908e-06
217 6.851541218112862e-06 2.6197479077529457e-07 6.6219481158126e-06
218 6.957776164680653e-06 2.8170096177427375e-07 6.672475203922391e-06
219 7.012415061288655e-06 2.94226057961581e-07 6.75281108704287e-06
220 6.98860962187794e-06 2.582318147763502e-07 6.724812567036018e-06
221 7.06415744032768e-06 2.9986225394880476e-07 6.754593789345022e-06
222 7.098275790675839e-06 3.0714075221950743e-07 6.774171443101953e-06
223 6.995170524375209e-06 2.4804064577194067e-07 6.7398840620212805e-06
224 7.0557980594540555e-06 2.452417861608106e-07 6.790830339376264e-06
225 7.1426390851892155e-06 2.675774411966647e-07 6.901708706788264e-06
226 7.192315531455403e-06 2.929651769503256e-07 6.899278980051176e-06
227 7.207645904732045e-06 2.3668822055007176e-07 6.991459287805465e-06
228 7.301065750493139e-06 2.601347387851333e-07 7.033932205919994e-06
229 7.467541276088253e-06 2.7125993268800624e-07 7.175348180175847e-06
230 7.434781263593732e-06 2.9636086876320116e-07 7.140489259876701e-06
231 7.361029889942734e-06 2.442781734466859e-07 7.094383773588279e-06
232 7.494756676166624e-06 2.482773777589796e-07 7.224871072506713e-06
233 7.594628868289297e-06 2.8251396277734726e-07 7.358214589228743e-06
234 7.51512882696789e-06 2.572654291199332e-07 7.258942869995478e-06
235 7.579169459221694e-06 2.4807033529402654e-07 7.336570746594847e-06
236 7.654019872575365e-06 2.237012876220475e-07 7.434278086155888e-06
237 7.575347624649391e-06 2.1809445075068945e-07 7.353490391441753e-06
238 7.824507279919014e-06 2.5147214906747986e-07 7.540841607828256e-06
239 7.804184580311856e-06 2.2311294707123027e-07 7.59637497593431e-06
240 7.906833300181414e-06 1.9829283442452462e-07 7.723478589832212e-06
241 7.913449728887183e-06 2.3194264330817627e-07 7.66622681285523e-06
242 7.842063324059315e-06 1.9277912589438242e-07 7.667740625865949e-06
243 7.999193338568163e-06 2.7005317940948066e-07 7.704367796061993e-06
244 8.016651257709327e-06 2.105389387184364e-07 7.803713411102911e-06
245 8.210304114164918e-06 2.0372547585096946e-07 8.007218350045442e-06
246 8.117927165711565e-06 2.3749152996648445e-07 7.870582667818871e-06
247 8.24185026377202e-06 2.086960323947069e-07 8.04995061009718e-06
248 8.257328329983278e-06 1.9995888461102058e-07 8.050468421974348e-06
249 8.322069712205007e-06 2.1173889332157587e-07 8.111900501342948e-06
250 8.300840262691635e-06 2.0718145262863276e-07 8.087671377748696e-06
251 8.35298972680498e-06 2.2513575122481505e-07 8.12558828531775e-06
252 8.437062677047555e-06 2.1236427510657443e-07 8.199147096681919e-06
253 8.452494961172839e-06 2.2558104878812337e-07 8.249125239720353e-06
254 8.592518892601054e-06 2.1573388026332164e-07 8.388272727910156e-06
255 8.604085355572327e-06 1.7058614888120056e-07 8.448390885420217e-06
256 8.662152002268144e-06 1.8178726263719907e-07 8.499911463629875e-06
257 8.726926709253144e-06 1.9812696736838024e-07 8.515077256716895e-06
258 8.749691278957535e-06 1.9772684060526032e-07 8.529141533428766e-06
259 8.732775340494777e-06 2.061476985041334e-07 8.540870976387678e-06
260 8.79424567638342e-06 1.8964875096969361e-07 8.635832841697485e-06
261 9.006235263065995e-06 1.788838009283847e-07 8.806970504441871e-06
262 8.94672550016608e-06 1.5984922823151197e-07 8.768375002323678e-06
263 8.903701562223882e-06 1.5736787813085658e-07 8.74857755898915e-06
264 9.125412615218166e-06 1.7194972929754623e-07 8.963912474272047e-06
265 9.12560062325545e-06 1.8303315663176906e-07 8.942599992138983e-06
266 9.145567109000234e-06 1.6525333234214468e-07 8.978339681040024e-06
267 9.236076707269437e-06 1.9348420396856943e-07 9.062357273050183e-06
268 9.31993272890817e-06 1.7452498679935546e-07 9.142134116370827e-06
269 9.43817482931482e-06 1.6257530539860958e-07 9.247950676536813e-06
270 9.50613834882404e-06 1.773360899045884e-07 9.35303721308881e-06
271 9.349058048235076e-06 1.4623546580820282e-07 9.23127218655669e-06
272 9.573192741367256e-06 1.786705906645142e-07 9.39474593787477e-06
273 9.577742110426543e-06 1.5440705386852442e-07 9.424806728040857e-06
274 9.76932114317054e-06 1.7778345161481544e-07 9.594839259282918e-06
275 9.816227623054825e-06 1.7515927730424223e-07 9.652075297944915e-06
276 9.781608420202355e-06 1.5618875177420076e-07 9.624069537002602e-06
277 1.0122580729553539e-05 1.6121640255423508e-07 9.956942504058151e-06
278 1.0133256600778289e-05 1.5239629251876248e-07 9.986022119353818e-06
279 1.0153118174757063e-05 1.2959280495522554e-07 1.0035365921630381e-05
280 1.0124000957968154e-05 1.6264403681339497e-07 9.944114444211828e-06
281 1.0107660991767964e-05 1.6000876597174845e-07 9.945745788621333e-06
282 1.016752064206135e-05 1.4280863021908618e-07 1.0042560251467194e-05
283 1.0253080857506707e-05 1.5743525976087436e-07 1.0116464138580725e-05
284 1.0404456213267746e-05 1.823251666172832e-07 1.0212388660657435e-05
285 1.0552084382574258e-05 1.7467545975608481e-07 1.0381682180659798e-05
286 1.0646001980408224e-05 1.4971983664582915e-07 1.0507518293393771e-05
287 1.048699494964527e-05 1.5791710477424442e-07 1.0360462831080679e-05
288 1.0597852664342012e-05 1.5544330052477222e-07 1.044064900170923e-05
289 1.0878910170964187e-05 1.6066557348724716e-07 1.071865560248352e-05
290 1.1040838829989853e-05 1.6058307475687974e-07 1.0880856355659211e-05
291 1.104687125647617e-05 1.6039849953050106e-07 1.0886856987955283e-05
292 1.0986571451619275e-05 1.521465648901458e-07 1.0861951543998003e-05
293 1.1036674466990099e-05 1.5385116136189247e-07 1.0882485845328138e-05
294 1.1062235114506182e-05 1.4586589193757298e-07 1.0931378328270463e-05
295 1.1291257992698346e-05 1.4321723834414072e-07 1.114159489455924e-05
296 1.1439070376806591e-05 1.318132696360362e-07 1.1301427276054411e-05
297 1.1299855712481769e-05 1.475687302350439e-07 1.117075809978322e-05
298 1.142872017178489e-05 1.694174746450901e-07 1.1263877893891065e-05
299 1.1565407664817882e-05 1.4385704801756355e-07 1.1404627097230744e-05
300 1.1684588050438585e-05 1.569262903002682e-07 1.1505485146240348e-05
301 1.1721570193762867e-05 1.3650394436246226e-07 1.1592019944505174e-05
302 1.1839009348819366e-05 1.42108509853448e-07 1.1699561172059745e-05
303 1.2116079368308907e-05 1.5637066509304646e-07 1.1928961341999414e-05
304 1.2060819385000481e-05 1.5966964719335059e-07 1.1907904270546261e-05
305 1.2085143223853042e-05 1.4803956626704904e-07 1.1932943934837561e-05
306 1.2134889690939811e-05 1.5523904452372829e-07 1.1956316463867002e-05
307 1.2203666064203654e-05 1.6065827903085605e-07 1.2038664968032609e-05
308 1.2423484160356891e-05 1.492948156272316e-07 1.226688762581039e-05
309 1.2213323465731639e-05 1.4659832505630346e-07 1.2059354292467093e-05
310 1.2574868682076503e-05 1.478525667920446e-07 1.2449607861025948e-05
311 1.2620709100206243e-05 1.4797102519372695e-07 1.2473988924743055e-05
312 1.2673111689327504e-05 1.678312641959388e-07 1.2508232497040325e-05
313 1.2740029929860912e-05 1.3412934491757933e-07 1.261087003821548e-05
314 1.2903074163022904e-05 1.419377713134485e-07 1.2771634645798022e-05
315 1.2823309484701093e-05 1.699057929276213e-07 1.2684887308272031e-05
316 1.302990111956448e-05 1.633241230524823e-07 1.2892163838229704e-05
317 1.308162514325251e-05 1.6621358262561584e-07 1.2896217960287146e-05
318 1.3398019788621557e-05 1.6132234672248703e-07 1.324574739520651e-05
319 1.3432598108317857e-05 1.814136867299718e-07 1.3257784680055846e-05
320 1.346083445340653e-05 1.9660019783547092e-07 1.3264106299229029e-05
321 1.3595438985451213e-05 1.5707062177189053e-07 1.3446433456252467e-05
322 1.3651107424111338e-05 1.489150470655442e-07 1.3506418403400914e-05
323 1.4010613489854674e-05 1.5497097779090705e-07 1.3860962599251428e-05
324 1.3995300361754946e-05 1.8475762417544922e-07 1.3819922670667575e-05
325 1.3988801470457925e-05 1.883238641387297e-07 1.3817021529111054e-05
326 1.3976935973805311e-05 1.8694677909981379e-07 1.379565526250038e-05
327 1.43228065900615e-05 1.773389284017825e-07 1.4178529467443363e-05
328 1.4410343016640626e-05 2.0615557146873058e-07 1.4242755475808655e-05
329 1.4623304926499739e-05 1.9276645222061084e-07 1.4445121434685307e-05
330 1.4673932078111382e-05 2.0419539698613928e-07 1.4474716873121817e-05
331 1.4652880702870669e-05 2.0761950318553047e-07 1.4428154676201409e-05
332 1.4814650144034631e-05 2.3839851897010171e-07 1.4604284182146246e-05
333 1.490379810796641e-05 2.2360654869885404e-07 1.4688130580902547e-05
334 1.5070311281039823e-05 2.1094724086577259e-07 1.4879185270476065e-05
335 1.5234034564935522e-05 2.607540775630661e-07 1.4994187142254036e-05
336 1.5354057134889792e-05 2.5158042087451495e-07 1.5095346928673586e-05
337 1.5356983302795057e-05 2.2446478155870562e-07 1.5136492840787554e-05
338 1.5786384532878657e-05 2.5835225750915877e-07 1.5542451317663656e-05
339 1.5939591708498335e-05 2.504853292120498e-07 1.568987839402137e-05
340 1.5636233831350794e-05 2.471070949718701e-07 1.538232989989295e-05
341 1.5733334089911728e-05 2.628560196896814e-07 1.5501905449224545e-05
342 1.61858003919893e-05 2.773372512956124e-07 1.5928748848223662e-05
343 1.6187824470446924e-05 2.8948200242232944e-07 1.5888087014726155e-05
344 1.64208072823323e-05 2.8719857904863315e-07 1.6150786571686188e-05
345 1.6550414686181318e-05 3.10561091881595e-07 1.624831992082705e-05
346 1.6532326020887353e-05 3.2886282319914223e-07 1.618590951359562e-05
347 1.6906704662512135e-05 2.8783859453719385e-07 1.664022950771799e-05
348 1.7092937813243907e-05 2.982468143549537e-07 1.680867004405023e-05
349 1.6991358139447637e-05 3.2200461055099646e-07 1.66835482003804e-05
350 1.7206116405884153e-05 3.0670162989552224e-07 1.6947737035841567e-05
351 1.7672629765112247e-05 3.322815593596558e-07 1.7272226046666374e-05
352 1.759020861322043e-05 3.026326425948578e-07 1.7301194233358827e-05
353 1.7631054101812847e-05 3.6149502969457466e-07 1.72816971969951e-05
354 1.784122182383864e-05 3.3560499705408955e-07 1.751985354187331e-05
355 1.7972346513992216e-05 3.412342101500263e-07 1.7696842394745788e-05
356 1.8269192324018643e-05 3.6367535601390465e-07 1.79184457418305e-05
357 1.850106672904531e-05 3.604885853208298e-07 1.811092189560108e-05
358 1.8442132767188987e-05 3.5016155287622353e-07 1.8088121402961445e-05
359 1.8656317015044626e-05 3.979127017632666e-07 1.823600683080167e-05
360 1.8975914895650887e-05 3.6200401110887256e-07 1.8609800956053507e-05
361 1.8850357001009508e-05 3.9715420919266723e-07 1.8476462191814288e-05
362 1.923781993328643e-05 3.925470374201812e-07 1.886253692450462e-05
363 1.9498350841958633e-05 4.3345977907573926e-07 1.9103603753553235e-05
364 1.9522754500325004e-05 4.2209323149945346e-07 1.9129576555275662e-05
365 1.9764623004833224e-05 4.791516580198268e-07 1.9320218923683755e-05
366 1.972004370695425e-05 4.405877822159283e-07 1.9273655692563863e-05
367 2.0255765608972143e-05 4.4314365324066705e-07 1.9861863604347395e-05
368 2.0366783774594435e-05 4.724562381406662e-07 1.9898530615897627e-05
369 2.0650528378017633e-05 4.7285004223750634e-07 2.0180931617599203e-05
370 2.0830201013753035e-05 5.302798285289834e-07 2.0244334047649803e-05
371 2.0560552242415205e-05 5.165370701136915e-07 2.0028010069623394e-05
372 2.1056981502801973e-05 5.044455721922982e-07 2.0559886618067132e-05
373 2.1107812143012068e-05 4.883717896161423e-07 2.0648396779551533e-05
374 2.129015516616048e-05 6.075876452062374e-07 2.0720995100128557e-05
375 2.1509203103492565e-05 5.183996632806094e-07 2.0962858633366173e-05
376 2.1944213365092974e-05 5.441873934814273e-07 2.1465272259529197e-05
377 2.2158920851647925e-05 5.251212940496609e-07 2.1628440087551633e-05
378 2.2396232800422213e-05 5.096768800937862e-07 2.196645656440206e-05
379 2.2247840447441424e-05 5.677620349253031e-07 2.170889520563035e-05
380 2.2988587158290197e-05 6.592151716990211e-07 2.2344435343210826e-05
381 2.3249198849915626e-05 5.986748411900204e-07 2.260804981828715e-05
382 2.327888485143507e-05 7.694633310955975e-07 2.2473057132638592e-05
383 2.304349379062333e-05 5.685301250309153e-07 2.2489819881357227e-05
384 2.355891877688653e-05 5.85632939403537e-07 2.3051947810816712e-05
385 2.3722733169613373e-05 5.516986784606869e-07 2.3185545451786327e-05
386 2.386572614469021e-05 6.41808911083443e-07 2.323379627095948e-05
387 2.393204736631376e-05 6.433698904156795e-07 2.330803639131201e-05
388 2.4956955929135768e-05 7.358072629719763e-07 2.420327399202714e-05
389 2.478734578048099e-05 6.794593369509628e-07 2.408237722448357e-05
390 2.4791375054110656e-05 6.349228584269066e-07 2.4202272463353995e-05
391 2.5112824219833937e-05 6.681759019947258e-07 2.4471905036205138e-05
392 2.5421938359162327e-05 7.104691511448741e-07 2.4759450702569065e-05
393 2.586365561193866e-05 6.853923354176252e-07 2.5192183957379825e-05
394 2.5818382320716548e-05 7.066573707695212e-07 2.5091630930964924e-05
395 2.6392991058101295e-05 7.216116285024483e-07 2.5651806039035958e-05
396 2.6548728906982153e-05 7.191502250333908e-07 2.584774220936314e-05
397 2.7205636894961234e-05 8.286678105473832e-07 2.634357335785289e-05
398 2.7342500581973185e-05 7.672573508163525e-07 2.6569022946658434e-05
399 2.767555257532448e-05 7.259246208113732e-07 2.6922783944145823e-05
400 2.759898159368315e-05 7.435375660439756e-07 2.686918560761399e-05
401 2.805013314983856e-05 8.305757478697857e-07 2.7152862033059925e-05
402 2.8311695529136693e-05 7.398999632358487e-07 2.754882551282489e-05
403 2.8536997418840926e-05 8.707226682424455e-07 2.7644068807095822e-05
404 2.844606859737111e-05 8.10649697243156e-07 2.7691376879961344e-05
405 2.927218800407987e-05 9.176863896340363e-07 2.83746064813879e-05
406 2.9840878624372974e-05 8.63255680282407e-07 2.8987500316607085e-05
407 3.0069161236129855e-05 8.62640036930724e-07 2.92595836168985e-05
408 3.0615960288304005e-05 9.193011514526856e-07 2.9689357890123414e-05
409 3.040775897552768e-05 8.931795207040904e-07 2.9498951622150747e-05
410 3.029590527766408e-05 9.261184170160518e-07 2.9434591206099663e-05
411 3.093533589345941e-05 9.582346558316676e-07 2.9986363755516547e-05
412 3.1205472439925624e-05 9.700858815317886e-07 3.0200665008838404e-05
413 3.168450316856506e-05 9.666731364897961e-07 3.076106160290052e-05
414 3.1600276422901816e-05 1.0807395566488308e-06 3.052824455469835e-05
415 3.245807659862419e-05 8.770463505504546e-07 3.169816839311901e-05
416 3.283427821477343e-05 1.1124649043683536e-06 3.1849718255714256e-05
417 3.3118817062399716e-05 1.031043193196805e-06 3.209452044102575e-05
418 3.327998373579917e-05 9.276746699317757e-07 3.240519222628018e-05
419 3.3571629080440816e-05 9.060200117046231e-07 3.270762682138978e-05
420 3.403861394957028e-05 9.761069233661271e-07 3.30873900428798e-05
421 3.446185472043644e-05 1.0577606780184866e-06 3.3387384129473385e-05
422 3.470801010935131e-05 8.670807410730227e-07 3.386163660418086e-05
423 3.5702004061616235e-05 1.1041195055676341e-06 3.459277779216895e-05
424 3.554976190616215e-05 1.0766578514009116e-06 3.452289055172082e-05
425 3.556288715955393e-05 1.0830067990641674e-06 3.4610627527156515e-05
426 3.6646755675152784e-05 1.1065575904374898e-06 3.572390982590784e-05
427 3.6397550274575266e-05 1.0350413831481667e-06 3.52972886528849e-05
428 3.716244699528728e-05 1.064094223594321e-06 3.6179353619965396e-05
429 3.761373014729974e-05 8.960271470511177e-07 3.6760858723887815e-05
430 3.793986482540178e-05 9.105177704755361e-07 3.7053862198763935e-05
431 3.8392036969708214e-05 1.0515623648656675e-06 3.7374391036497824e-05
432 3.875627522641317e-05 1.164471346562067e-06 3.7576101324406785e-05
433 3.8980763450898945e-05 1.1530551544065777e-06 3.7700029146220636e-05
434 3.949844274043571e-05 1.1607688043448041e-06 3.839018954757748e-05
435 4.022606547607934e-05 1.30201170024838e-06 3.894754695943243e-05
436 4.0314796140596646e-05 1.1738106159186925e-06 3.917531112449418e-05
437 4.092901718921122e-05 1.2866741147405472e-06 3.9599878810040545e-05
438 4.04469197030984e-05 1.0372253612491469e-06 3.9464810018756036e-05
439 4.179451939025904e-05 1.201399870693167e-06 4.0635768256816494e-05
440 4.208625988605413e-05 1.1857325948109297e-06 4.095199082162768e-05
441 4.23215136246446e-05 1.1477231314295778e-06 4.128851567971355e-05
442 4.3169749080689634e-05 1.303356608919739e-06 4.184365585771616e-05
443 4.41467104859128e-05 1.2867617609598134e-06 4.280822831042644e-05
444 4.368226025602565e-05 1.2410497461121636e-06 4.2358464854893446e-05
445 4.50513841388344e-05 1.2207447811257754e-06 4.3809124304903454e-05
446 4.5192687308530446e-05 1.0806624518053705e-06 4.4139956711525105e-05
447 4.575107161729886e-05 1.269757997182587e-06 4.453697373584428e-05
448 4.603688849331156e-05 1.1915612367000072e-06 4.483066092384187e-05
449 4.697522529167309e-05 1.2633121705553194e-06 4.569928035123511e-05
450 4.751099161747456e-05 1.2280732025574226e-06 4.6120786496194356e-05
451 4.7768198582375215e-05 1.1730081828860052e-06 4.668174240870607e-05
452 4.780152380076141e-05 1.3491901135768495e-06 4.6476844316243805e-05
453 4.859843833757047e-05 1.3387761119053868e-06 4.741425790415704e-05
454 4.9647976696483036e-05 1.239970313508053e-06 4.8475932772093884e-05
455 4.912691291908488e-05 1.1511631482764688e-06 4.804513424775939e-05
456 5.015613327703164e-05 1.3228510977722722e-06 4.895466765440045e-05
457 5.174862560601494e-05 1.2366021012652706e-06 5.03678210716105e-05
458 5.1231268236351396e-05 1.3132061974422508e-06 5.0019977911177115e-05
459 5.209874991141049e-05 1.2502633569890856e-06 5.0849053467219334e-05
460 5.3069851097275884e-05 1.5417133259691668e-06 5.147255259024682e-05
461 5.353816896363576e-05 1.3277321590367122e-06 5.23146319957657e-05
462 5.390393650930548e-05 1.4806052834293858e-06 5.2408722450612026e-05
463 5.43104871487718e-05 1.4197189172918863e-06 5.293168623061428e-05
464 5.4713643577369134e-05 1.1530087816626612e-06 5.352295839421411e-05
465 5.559472116584436e-05 1.300353117006638e-06 5.429054765197758e-05
466 5.623958838251491e-05 1.2275302041770875e-06 5.497516035570851e-05
467 5.634823580110369e-05 1.34878884034082e-06 5.510009178035636e-05
468 5.7532844067217126e-05 1.4836168893436953e-06 5.614190102817144e-05
469 5.8403658010008334e-05 1.2956857121418193e-06 5.7262288847272566e-05
470 5.857963237081991e-05 1.38547720403894e-06 5.739388999318402e-05
471 5.9545407348185666e-05 1.4507627949427727e-06 5.807981864183302e-05
472 6.002162360185311e-05 1.3247016223287718e-06 5.858550235190772e-05
473 6.0103487519527464e-05 1.3857221710223119e-06 5.8634593637714494e-05
474 6.167332303571018e-05 1.317556494628326e-06 6.0096145321012224e-05
475 6.146781482096481e-05 1.347551878542201e-06 6.017891037332016e-05
476 6.254622034726706e-05 1.4289776524542054e-06 6.115993986829233e-05
477 6.344080290500967e-05 1.2409478862636489e-06 6.236139893933543e-05
478 6.283034927062222e-05 1.2488305931278523e-06 6.164946558115331e-05
479 6.387737571504543e-05 1.3179661126419093e-06 6.258870417965414e-05
480 6.519962784844276e-05 1.265206871740144e-06 6.392568754797216e-05
481 6.524275850233868e-05 1.195873737765406e-06 6.41699285508565e-05
482 6.582621459760491e-05 1.3413785940295268e-06 6.462337405583204e-05
483 6.706550905098964e-05 1.2160282745613306e-06 6.589501453106825e-05
484 6.867190488220823e-05 1.2356657313646549e-06 6.733129530336436e-05
485 6.8622949194098e-05 1.301245242303148e-06 6.733986410676467e-05
486 6.88902763226723e-05 1.2056878688748419e-06 6.77197062759373e-05
487 7.001515684722466e-05 1.3423091058010077e-06 6.86374673776277e-05
488 7.148722589498166e-05 1.254542049020066e-06 7.020523483652742e-05
489 7.100724527615142e-05 1.2043049655203357e-06 6.976949310991883e-05
490 7.206095987117462e-05 1.2487208144168174e-06 7.084639417121713e-05
491 7.385189064461666e-05 1.26690502015005e-06 7.255749252990804e-05
492 7.458540350550228e-05 1.2076766533091243e-06 7.343135390209666e-05
493 7.463039794244443e-05 1.377332472246506e-06 7.331133967863898e-05
494 7.517806275381808e-05 1.191519913241531e-06 7.397613964253877e-05
495 7.599566780029733e-05 1.278718624007287e-06 7.490390419337455e-05
496 7.634104012133887e-05 1.203463955831873e-06 7.520005982025625e-05
497 7.838949220473969e-05 1.2846872892277031e-06 7.716301870865047e-05
498 7.891051612513964e-05 1.232402241740393e-06 7.762162191330535e-05
499 7.867075360903533e-05 1.1451140897548576e-06 7.755322192418838e-05
500 8.053422403584262e-05 1.2832245663836621e-06 7.918586108037911e-05
501 8.07351704286832e-05 1.3640924879781843e-06 7.939921336579059e-05
502 8.261101999112318e-05 1.5004989326951392e-06 8.118464604101334e-05
503 8.357953857661292e-05 1.405112759456998e-06 8.212654123842866e-05
504 8.365876600337975e-05 1.2698912925610268e-06 8.238838439532191e-05
505 8.401980434380953e-05 1.2315602956803494e-06 8.291641606436447e-05
506 8.637156264008542e-05 1.2089095444556689e-06 8.518505366944334e-05
507 8.647681051004732e-05 1.2884175736057492e-06 8.518102921267267e-05
508 8.78246708800327e-05 1.1909059624176981e-06 8.666419176455773e-05
509 8.915238619211011e-05 1.331232332380018e-06 8.794602937642486e-05
510 9.0011126744969e-05 1.2208446158331623e-06 8.888723153355492e-05
511 9.006709123030202e-05 1.3150705526019535e-06 8.862264578175253e-05
512 9.171104234238064e-05 1.2066731298767914e-06 9.043844963596715e-05
513 9.336639067505645e-05 1.182465799974886e-06 9.212593013686806e-05
514 9.284274526471599e-05 1.1165404028839408e-06 9.168859388929934e-05
515 9.476690591839781e-05 1.2009897789842946e-06 9.34275364369958e-05
516 9.490758667756264e-05 1.090864845418525e-06 9.380245278596471e-05
517 9.652470030830725e-05 1.223732380338514e-06 9.542563618770363e-05
518 9.767142171961204e-05 1.1583336429242968e-06 9.659461270601898e-05
519 9.787233021110657e-05 1.1826021036875716e-06 9.66916359562628e-05
520 9.968525991192367e-05 1.082821483280874e-06 9.846104795684447e-05
521 0.00010173063257070325 1.05937236757096e-06 0.00010068887623602918
522 0.00010262765708477136 1.119173115805113e-06 0.00010151369092948419
523 0.00010221025614103968 1.0685036783357728e-06 0.00010110595823951182
524 0.00010296642231693525 1.0989754605145822e-06 0.00010215756852986687
525 0.00010620564288787987 1.0404075055309243e-06 0.00010523097457470217
526 0.00010725205942488172 1.027998126061084e-06 0.00010627389743389577
527 0.00010780826279051683 1.1187066811210122e-06 0.00010672280108853889
528 0.0001070799156949799 1.0769815242355263e-06 0.00010612220349072633
529 0.00011027884522782025 1.1308317770339978e-06 0.00010894954743684088
530 0.00011099222831886087 1.0849144099030922e-06 0.00011002615990150323
531 0.00011240437856550768 1.2365817028051057e-06 0.00011115600298519086
532 0.00011424912817629943 1.0631027618032587e-06 0.000113100860671047
533 0.00011533980765060427 1.1078520967005669e-06 0.00011451115878320466
534 0.00011672369053350283 1.0729343159376712e-06 0.00011568025076167171
535 0.00011838188033697297 1.1725395100734991e-06 0.00011727512399649569
536 0.00011914248178863837 1.0478291223743874e-06 0.00011810476173006583
537 0.00012144142510312541 1.1388499239468926e-06 0.00012008752908268999
538 0.0001217801003648614 1.1093013735190386e-06 0.00012068456320016569
539 0.00012292375535861112 1.1337998243032707e-06 0.00012192034427196285
540 0.00012528648134197505 1.1177732377412416e-06 0.00012406951230072849
541 0.0001277282176793868 1.1041133580764438e-06 0.0001265132118189099
542 0.00012873155644456418 1.2333727136537654e-06 0.00012779680406366752
543 0.00012952255538741338 1.1299526284408865e-06 0.00012837879202649372
544 0.00013132600318537107 1.0837274422162627e-06 0.00013019393331280488
545 0.00013372331255569138 1.1011935551824453e-06 0.00013260599032731583
546 0.00013477326412342922 1.0639268673175e-06 0.0001336960062478283
547 0.00013467563524860291 1.0792226933383645e-06 0.00013373612345152957
548 0.00013650484946269853 1.0910584098768636e-06 0.00013550788254070972
549 0.00013851244865775543 1.1872764768121217e-06 0.00013741557911286497
550 0.00014024468168911204 1.0507485391795974e-06 0.00013913434315090023
551 0.00014200755090886146 1.0883449038517602e-06 0.00014112398657636875
552 0.00014536956911799165 1.1336500300381184e-06 0.00014439289376557674
553 0.00014509218667148525 1.1211174125629864e-06 0.0001439867994695454
554 0.00014715445858594093 1.0160242639632316e-06 0.00014623470236350652
555 0.0001492780233098115 9.996304438430467e-07 0.0001481414812297213
556 0.000150637477035406 9.908597951475162e-07 0.00014980658199671828
557 0.00015162897328587413 1.053407736330038e-06 0.00015061714535050238
558 0.0001553613883150408 1.1526965923887819e-06 0.00015432519143897096
559 0.0001571407935957197 1.194515317338806e-06 0.00015590768318862484
560 0.0001588828459012425 9.909362605415608e-07 0.00015778715868636705
561 0.00015931192785906796 1.0249218863257516e-06 0.00015840912588171652
562 0.00016222242778414302 1.1413510793603874e-06 0.0001610688324232067
563 0.00016480675964640007 1.083871887045988e-06 0.00016368958856273065
564 0.00016673840843425047 1.1574638282336341e-06 0.0001655523894425097
565 0.00016745636185369625 1.1290981272672344e-06 0.00016636402285091824
566 0.00017048555110035557 1.2343557686975908e-06 0.00016938043211617401
567 0.00017251182246748976 1.1736764056225158e-06 0.0001713116344164499
568 0.0001753598298986755 1.106578883373047e-06 0.00017425974833335837
569 0.00017674768352486707 1.1880563828905671e-06 0.0001755409675420834
570 0.00017881314089415113 1.1816361156976558e-06 0.00017769057650109162
571 0.00018034908869671371 1.0550270162560845e-06 0.00017929196440443572
572 0.00018343537950082163 1.0898242372618783e-06 0.00018229324195246271
573 0.0001858878599817716 1.000828000304519e-06 0.00018504758442569177
574 0.00018691125321647237 1.1555022838182198e-06 0.0001856215804387289
575 0.00018900668890855778 1.111842289961399e-06 0.00018799799544660966
576 0.00019436115452509172 1.2115056269895753e-06 0.00019343130030920866
577 0.00019551446948247475 1.1192596204931223e-06 0.0001944590774771998
578 0.0001983777850802612 1.2481412550075725e-06 0.00019716755507120362
579 0.00019917135056339393 1.2057602842721096e-06 0.0001980171187926648
580 0.00020024044301419005 1.2675750880738102e-06 0.00019916116211845524
581 0.0002045680971220255 1.1745548286602384e-06 0.00020341666408335292
582 0.00020567807538124906 1.2559836383540308e-06 0.00020439227336399465
583 0.0002092085394232759 1.1631039023269887e-06 0.00020822062175625413
584 0.00021551365867191388 1.1977778190890044e-06 0.00021417078647728685
585 0.0002163328359562397 1.247668654878881e-06 0.00021512705877477039
586 0.00021739721488284636 1.3552942142214895e-06 0.0002161073563201475
587 0.00022069243942892915 1.2555768251730988e-06 0.000219048169239212
588 0.00022568497027125156 1.4127474393555595e-06 0.00022437881464201244
589 0.00022705254976261168 1.3491971615385712e-06 0.00022564262342811118
590 0.00022930377268378258 1.3651451573901407e-06 0.00022780096595384925
591 0.00023242521561000012 1.321001326561769e-06 0.00023118780096819595
592 0.00023476007334854957 1.3234342162702348e-06 0.00023340708424647756
593 0.00023827728193460133 1.431626528024198e-06 0.00023705865138180958
594 0.00024195495185683425 1.4426234895637296e-06 0.0002406370365295699
595 0.0002463245852988374 1.4738171942385085e-06 0.000245043553789651
596 0.00024709673460997976 1.5346536445791627e-06 0.00024558020346336407
597 0.0002510282802568805 1.4300220936219776e-06 0.0002496113272836829
598 0.00025253436313087715 1.470267054650478e-06 0.0002512334287549415
599 0.00025678307444140596 1.5483287868739486e-06 0.0002550198280656536
600 0.0002607369961152075 1.512841094620737e-06 0.0002594640708317597
601 0.00026302907058685604 1.585322128861655e-06 0.0002615202080672341
602 0.00026816524082902106 1.620624477342495e-06 0.00026636042822684243
603 0.0002681076089727525 1.6664118078650413e-06 0.00026643868168220713
604 0.0002750108259786375 1.680734603816711e-06 0.0002732296281155054
605 0.0002768268370299289 1.5376066206816773e-06 0.0002755538146765365
606 0.00028169673472636965 1.6846190813066926e-06 0.00028018915013061554
607 0.00028308682944358266 1.6806538679493233e-06 0.00028142516007366106
608 0.0002877926846125652 1.71292843072789e-06 0.00028629808891842356
609 0.00029098855051231943 1.6258621160252147e-06 0.0002894834503560637
610 0.000295408694584991 1.8174037496668111e-06 0.000293796830321544
611 0.0002983744850300285 1.8323865332391335e-06 0.0002964235837012874
612 0.00030441218792962124 1.6195413169456916e-06 0.000302603976821688
613 0.00030831505915122366 1.8811937884516075e-06 0.00030634471228602373
614 0.00031169957737738557 1.8755428845572712e-06 0.0003096665543797771
615 0.00031697229739860845 1.8723309608955198e-06 0.00031517770327368704
616 0.00032059520634801047 1.998757844875975e-06 0.0003187781934440021
617 0.0003222028232767127 1.939746000658425e-06 0.0003202747301977845
618 0.00032985179932559485 2.1449037594119496e-06 0.000327771627436368
619 0.00033535240571866236 1.935995279201378e-06 0.0003336302599069908
620 0.0003341022986489442 2.105191316083887e-06 0.00033211344676014205
621 0.0003410240435852117 2.079260087549632e-06 0.0003387813628269367
622 0.0003493224494260774 1.977818609402036e-06 0.0003471501580910281
623 0.0003487759572658513 2.411612534087735e-06 0.0003467405944713159
624 0.00035113035796038405 2.1912944549618683e-06 0.0003489230313782589
625 0.0003594625802831453 2.2407987576557473e-06 0.0003571025008575129
626 0.0003643191571417934 2.177514339507901e-06 0.00036224491360378064
627 0.00036919603850871105 2.3826177022107104e-06 0.00036647788997902514
628 0.00037333179003497333 2.4341163836889706e-06 0.0003708518715083805
629 0.0003756256739848534 2.4229953012641935e-06 0.0003733694104313857
630 0.00038619057020045626 2.3266684858931382e-06 0.0003839940777254295
631 0.0003898422104254986 2.5904981048074277e-06 0.0003871893175899633
632 0.00039718418343223975 2.5142374479851205e-06 0.0003943205086236861
633 0.00040298229239872863 2.528541780461781e-06 0.00040003782780780885
634 0.00040135453831967966 2.5955020160959215e-06 0.00039894888778170876
635 0.0004128145380651893 2.9398833163416194e-06 0.0004102104198023694
636 0.00041221621266861826 2.5599976596757397e-06 0.00040979329406748796
637 0.0004215700631626778 2.9848313567890248e-06 0.0004182311061367602
638 0.00042499658247929453 2.761868876935764e-06 0.00042221091376068724
639 0.00043371503558699184 3.165143021965802e-06 0.0004305733555065462
640 0.0004416222995945382 3.0902153308977097e-06 0.00043895047962074033
641 0.00044009677824881376 3.1225039927360486e-06 0.00043711504816970793
642 0.0004523985670398367 2.96114141445052e-06 0.0004491803468689038
643 0.0004583530348340393 3.095910518654793e-06 0.0004551861645271182
644 0.000460872407499892 2.966223141978902e-06 0.000457651868046895
645 0.00046676548098977926 2.86907800273268e-06 0.00046306779817962835
646 0.0004738791119338246 3.196569418450908e-06 0.0004707223619410292
647 0.00048511483787128584 3.188089692301636e-06 0.00048185934133824636
648 0.00048668618536946805 3.3187667078095563e-06 0.0004835521721985188
649 0.0004930757600850085 3.4178364672397247e-06 0.0004899522959715931
650 0.0005037027090764812 3.5904334230867037e-06 0.0005000959342629948
651 0.0005127404552376921 3.409394333225598e-06 0.0005084642769887945
652 0.0005153059687179336 3.7292845612069804e-06 0.0005114552700940452
653 0.000523803234386436 3.6935270916041234e-06 0.0005202490127998313
654 0.0005197573475372004 4.056076413349604e-06 0.0005162130667971549
655 0.0005350202003315319 3.985100226276332e-06 0.000531636119519888
656 0.000541214151276528 3.3791132711448756e-06 0.000537632933976571
657 0.0005505962176288474 3.5736819947211845e-06 0.0005468138231891141
658 0.0005604416440840038 4.147885643302901e-06 0.0005568417597384306
659 0.0005694273999283015 3.764475487317502e-06 0.000565614241433851
660 0.0005801756751984357 4.0322199068867835e-06 0.0005761843623989916
661 0.0005816716615188965 4.038883670883653e-06 0.0005775910563486993
662 0.0005892404278156963 4.274615508049666e-06 0.0005851470692758067
663 0.0006039752284968148 4.359452235078687e-06 0.0005992760725324871
664 0.0006076087936914823 4.1638251194172484e-06 0.0006035934472222327
665 0.0006172670194048214 4.492103926507977e-06 0.000612338269402203
666 0.0006201139138947675 4.438142986538002e-06 0.000615980320746296
667 0.000630183754851851 4.595488503228288e-06 0.0006249701416008637
668 0.0006439419777214375 4.422341701983672e-06 0.0006393165883285972
669 0.0006577243097010247 5.011166896304564e-06 0.0006521659627498494
670 0.0006565677737701089 4.891063256856971e-06 0.0006513212981532643
671 0.0006678751392057141 4.968389770694935e-06 0.0006636313033359483
672 0.0006800927194192403 4.6687904607684535e-06 0.0006756135149365056
673 0.0006861582565759799 4.922567873466798e-06 0.000681643619046417
674 0.0006943326104251155 5.241163839761153e-06 0.000689188272435729
675 0.0007087595117164602 5.31317171665785e-06 0.0007042310194087394
676 0.0007174511164615552 5.231036969284425e-06 0.0007121531470593384
677 0.0007325734259951383 4.982596571682582e-06 0.0007275923350560176
678 0.0007303464545117797 5.16958858142069e-06 0.0007257660990073314
679 0.0007412614171422623 6.061726241238725e-06 0.0007348146564692344
680 0.000759841921558609 5.284928804534024e-06 0.0007545183627041065
681 0.000775102723187135 5.3951449367970264e-06 0.0007699316235695545
682 0.0007818228955455792 5.538484393364806e-06 0.0007758765129718924
683 0.0007893280461838208 5.359596366782388e-06 0.0007842359628928911
684 0.0007939053862992273 6.064004063431331e-06 0.000788362470466387
685 0.0008166769240039232 5.93983658010281e-06 0.0008105267381169068
686 0.0008254246093579429 5.975567838916887e-06 0.000819986757965786
687 0.0008344248083925653 5.909434173072594e-06 0.0008280002321066639
688 0.0008497974409296671 5.853976549274879e-06 0.0008444772195165278
689 0.0008627688692635269 6.762931932040193e-06 0.0008560643778736701
690 0.0008728328964866179 5.8506866836116525e-06 0.0008669224463157691
691 0.0008833573331637319 6.966028854123145e-06 0.0008768542584244533
692 0.0008987489090252061 6.830266787010759e-06 0.0008909243122548706
693 0.0009118031908601438 6.9477568715726186e-06 0.0009059064036829585
694 0.0009189158750968852 6.2962008492164245e-06 0.0009126357812131213
695 0.000940989506938088 7.028808370514974e-06 0.0009343182753096887
696 0.0009490226853730261 6.24644459829586e-06 0.0009429986915490635
697 0.0009618509485885556 6.468724723056544e-06 0.0009565538927596631
698 0.0009754806223151756 7.597527367811898e-06 0.0009677975499386145
699 0.0009930103111532255 7.219979365939019e-06 0.000985348547568599
700 0.0010029898715244539 6.728812496951668e-06 0.000996796310495936
701 0.0010268876331758308 6.636961903130756e-06 0.0010206389666385996
702 0.0010332884121535706 7.409576740812228e-06 0.0010257033824226072
703 0.001049679153279001 6.661381501091571e-06 0.0010430317906025964
704 0.0010647555641615702 7.72617584291661e-06 0.0010564981152646343
705 0.0010763434868267814 8.32425525339421e-06 0.0010680103547463995
706 0.0011019329372251013 7.78246553119578e-06 0.0010933888687847226
707 0.0011193205964997273 6.979217721971936e-06 0.001112222302873751
708 0.0011299325207926698 8.577559828441289e-06 0.0011201760392848198
709 0.0011463414540951984 8.54562446274222e-06 0.0011386192020488917
710 0.0011665925231513468 8.90516255490205e-06 0.0011578446312178017
711 0.0011667754775239482 7.989009778643935e-06 0.0011582207707515756
712 0.0011965351047680513 9.0797221068278e-06 0.0011873113152670281
713 0.0012163987300618164 8.601840747983155e-06 0.0012070802817302853
714 0.0012288981224661 7.953175298014848e-06 0.0012211101621304996
715 0.001241124922894384 8.412925467770208e-06 0.0012335642318008094
716 0.001260526048331116 9.533576152255648e-06 0.0012508211304101012
717 0.0012837528315265082 8.552454351769587e-06 0.0012751199424601743
718 0.001300958850492709 8.481305131918056e-06 0.0012908973579784833
719 0.0013203740765436475 9.218487648240604e-06 0.0013120428580603487
720 0.0013331966759186015 9.815442896201415e-06 0.00132289893381156
721 0.001364322019208735 9.696225980315093e-06 0.0013540504942960606
722 0.001372678705181313 9.132022905517877e-06 0.0013642090328072748
723 0.0013985171801953423 1.0485529610812922e-05 0.0013876856645163313
724 0.0014111612762215137 9.901275989658728e-06 0.0014009118123622902
725 0.0014441854998057393 1.0088365029946425e-05 0.0014340529176696535
726 0.0014670037847034 9.844269120473987e-06 0.0014573122882086348
727 0.0014956613709001946 1.0122756503209759e-05 0.0014851081967044728
728 0.0015087701167217577 1.0396382415706674e-05 0.0014989516377417933
729 0.001531261144674033 9.498103001081991e-06 0.001522161737516762
730 0.001549016200602783 1.053639575674588e-05 0.001537444041531153
731 0.001577419810690655 1.1009180841541338e-05 0.0015676071437713288
732 0.0016011521713027276 1.1900601312262555e-05 0.0015918208389478475
733 0.0016217112317357578 1.1483226872578358e-05 0.0016110232998500546
734 0.001652724402058159 1.0896792597936052e-05 0.0016405335760927603
735 0.0016954711189974556 9.543331354058163e-06 0.0016852438096150754
736 0.001691025559818752 1.1373932226693387e-05 0.0016794159274555389
737 0.0017168672969855865 1.25228874591383e-05 0.0017049176562740182
738 0.0017413845089835405 1.0782616719962743e-05 0.001728118120485003
739 0.0017759642975528908 1.0891527877354605e-05 0.0017647543694483472
740 0.0018016849527646504 1.1722053195874611e-05 0.0017907461871388753
741 0.0018185400440859137 1.1991831541369642e-05 0.001804763018642218
742 0.0018559547452081755 1.1441517581824296e-05 0.0018440610805338408
743 0.001887030553364944 1.2542074330537666e-05 0.0018755552583684726
744 0.0019187908742707136 1.2816368311991581e-05 0.001906319088367516
745 0.0019276235282478427 1.2913885762178197e-05 0.001914771613047051
746 0.0019614933041801784 1.3460494393684473e-05 0.0019480918056846595
747 0.0020022568048638665 1.379818972600931e-05 0.001988300816687781
748 0.002024614009364054 1.2486077525085928e-05 0.0020127568280955124
749 0.0020621249424574266 1.263791311986888e-05 0.0020510569877733136
750 0.0020771427950354556 1.3884267204994435e-05 0.002064112676736289
751 0.002117069075098967 1.346026634408402e-05 0.002105896629734669
752 0.0021498967294023737 1.3476309823212214e-05 0.00213669739194258
753 0.0021735547111484503 1.2702312204050476e-05 0.0021613384005142243
754 0.0022322271002827255 1.4200341193251498e-05 0.002217731224532023
755 0.002257687883883754 1.3785341547847065e-05 0.0022450747382469233
756 0.002271151329270183 1.4197937067216157e-05 0.0022563428714928316
757 0.002308814457977566 1.4706755474017897e-05 0.002292843556505375
758 0.002350440748061593 1.395958882387045e-05 0.002338323032875199
759 0.0024026768936871224 1.5174711215134572e-05 0.0023858853752035006
760 0.002416057165371556 1.4112006206067967e-05 0.002402196442758517
761 0.0024483134225790296 1.5233166695757857e-05 0.002430481033494202
762 0.0025059782117933943 1.565685529856154e-05 0.002490923509785524
763 0.0025535981146000185 1.4495274759833023e-05 0.002540212575198848
764 0.0025845425341720447 1.5587339638383205e-05 0.0025692337646668496
765 0.0026031497856930357 1.3674666961042542e-05 0.0025926804735681317
766 0.0026450890192777137 1.6006891574864723e-05 0.002629398686222501
767 0.00270907302852046 1.4898559592259541e-05 0.002692821708322038
768 0.0027337855596343587 1.5438828526582838e-05 0.0027187458997998543
769 0.0027869241568096404 1.6533837940016482e-05 0.0027722308225871816
770 0.002843435266243033 1.539061391332446e-05 0.0028274272203629284
771 0.00284331150054794 1.7198354532151626e-05 0.002829392508573793
772 0.0029005890747238533 1.4762723356999008e-05 0.0028850133172897276
773 0.002917225700477915 1.6529165026098442e-05 0.0028991214684177587
774 0.003008652178824031 1.8171750730919026e-05 0.0029906150236557816
775 0.0030365227971709085 1.6264444848873157e-05 0.003019034977659303
776 0.003085284712843516 1.6790323379697793e-05 0.003069865143670503
777 0.0031338962291418315 1.69276385125922e-05 0.0031140493359193455
778 0.0031701889137122686 1.645449051307981e-05 0.0031507221018225212
779 0.0032343191300691315 1.807488159992348e-05 0.0032182119188558715
780 0.003276142776239538 1.7541099461631646e-05 0.0032563651958307264
781 0.0033250528828825347 1.5650823840915308e-05 0.0033093464809209228
782 0.003387832107631859 1.6356147468230617e-05 0.0033713213589956926
783 0.0034200414017120416 1.6424403065391685e-05 0.003401361109788334
784 0.003506391740055847 1.832675348031462e-05 0.0034864437548818984
785 0.0035299268933112154 1.846398431620336e-05 0.0035112364218636578
786 0.0035839216645593124 1.7310221160030192e-05 0.0035685854259858356
787 0.0036325246157408717 1.76824752207518e-05 0.0036124342800283884
788 0.003694267277802756 1.8592707794806554e-05 0.0036733019422996826
789 0.0037476445432941246 1.799126601895746e-05 0.0037309909616191845
790 0.0038236428161132156 1.9359757371072642e-05 0.003806713909443058
791 0.0038971353937392 1.7160916109749965e-05 0.0038788487126846572
792 0.003949426752323597 1.940581554101474e-05 0.003932161556353531
793 0.004010202450585663 1.9709086543879482e-05 0.003990727559736471
794 0.004102072225647507 1.900728564793076e-05 0.004082202880746
795 0.0040938121422767985 1.8493319088162045e-05 0.004078026345285305
796 0.004165276560875384 1.9190358356651527e-05 0.004146522083984195
797 0.004284476384432185 2.1055142035324468e-05 0.0042615557123324025
798 0.004339971100220361 2.062927261090436e-05 0.004321106795688277
799 0.004391752697548544 2.0994451838436145e-05 0.004370362803136456
800 0.004428012444346029 2.1706496444662216e-05 0.004407580442080631
801 0.004544677576932512 1.934572981969707e-05 0.0045267143707864495
802 0.004603265789979053 1.9830506141233917e-05 0.004583395690156989
803 0.004633878109435426 1.97463587941846e-05 0.004612258520731755
804 0.004755615925356257 2.265403650048306e-05 0.004731423135214071
805 0.0048320430408327515 2.066819442007521e-05 0.004811569123112137
806 0.004877590110553787 2.1105985083296613e-05 0.004856221243008221
807 0.004967478914183367 2.2189770870228697e-05 0.004952288425207403
808 0.005020973689594519 2.1604148510346783e-05 0.004997486599950083
809 0.005098228469967817 2.1056239530556857e-05 0.005075793252045525
810 0.005182119062359337 2.1304189464316077e-05 0.0051616388374260795
811 0.005264671691383787 2.1897320658410554e-05 0.005244554173160101
812 0.005382042264154977 2.23571983851239e-05 0.005361502008398669
813 0.005420759888847975 2.1888672198541077e-05 0.005397378474685156
814 0.0055438842467919296 2.5626620889448313e-05 0.0055179956347590165
815 0.005623413310163488 2.30100578237477e-05 0.005598601282731736
816 0.005735075797800954 2.2968673947270303e-05 0.005710951686321304
817 0.0057312516917826135 2.2334494948211678e-05 0.005710192827085544
818 0.005883819382766041 2.316331649077209e-05 0.0058605153310453675
819 0.005983849654007457 2.3829819789004603e-05 0.005960065932983724
820 0.006080847726974934 2.320872747656407e-05 0.0060569814302017695
821 0.006177761482040053 2.335937492499457e-05 0.006151432803680304
822 0.006198685165757122 2.5323913130459054e-05 0.0061746627618561025
823 0.006314166655569239 2.4580994121967944e-05 0.006290632587262555
824 0.006445113742756633 2.253571187308177e-05 0.006422150693163527
825 0.0065091529004366235 2.3317273999587756e-05 0.006483860132850313
826 0.006698799992037137 2.5562873005674753e-05 0.006675319193213039
827 0.0067775221239322544 2.5204089684339156e-05 0.006747901856648603
828 0.00688374005787625 2.39659668887085e-05 0.006861533904340965
829 0.007038892876033285 2.4530507346009555e-05 0.007010051497128233
830 0.007121616138480416 2.587791858970688e-05 0.007097161914324396
831 0.007185790411273794 2.555735197529861e-05 0.007162413680495402
832 0.007367002330474341 2.627351625545467e-05 0.007344087863889064
833 0.007473215667717208 2.4941605656750772e-05 0.007448920459174577
834 0.007547314548653946 2.4682337882627424e-05 0.007523218096534196
835 0.007681314654754273 2.540269867466289e-05 0.007655768334594864
836 0.007866148925366693 2.832494231125913e-05 0.007838433802826244
837 0.00794439885354798 2.5507698298318388e-05 0.007919564398916812
838 0.008085844219328037 2.7638668201764355e-05 0.008055029728882031
839 0.008204892883429482 2.687417738631622e-05 0.008180031029974315
840 0.008335956419879434 2.5679491188344334e-05 0.008312604291513436
841 0.008464453820328012 2.4563201869298772e-05 0.00844242258516216
842 0.008582721371407165 2.5084237413977908e-05 0.008562417488723351
843 0.00876839635791987 2.817047721079983e-05 0.008737133223866015
844 0.008848427781420663 2.6654163624482066e-05 0.008827659485442613
845 0.009053852326934926 2.8317661969311354e-05 0.00902675783010727
846 0.009140817473017591 2.673878536321175e-05 0.009118300989882583
847 0.009295600392067027 3.0051497247384748e-05 0.009269275042496267
848 0.009466896831572359 2.734111137432583e-05 0.009443207480774927
849 0.00960501806636909 2.994621959696436e-05 0.009573611195130198
850 0.009784425501798564 2.6186794141831654e-05 0.009760083772531764
851 0.00998238419429599 2.8448250533847733e-05 0.009954245205953022
852 0.010050541230374535 3.10712028414752e-05 0.01001898814131097
853 0.01032726559806388 3.0251998462142005e-05 0.010298615406382376
854 0.01035118550469228 2.8308745216387914e-05 0.0103240423580899
855 0.010515400152322186 2.97668466960641e-05 0.010484826785479455
856 0.010862192769477516 2.6213643359963382e-05 0.010826714520185599
857 0.010972927733241086 2.899993423602099e-05 0.010945703587659
858 0.011075657715637083 2.7504515955580357e-05 0.011043954923958035
859 0.011302769003579143 2.8202204423255272e-05 0.011269957877826777
860 0.011422540282991027 2.7713304555061817e-05 0.01139614334115947
861 0.011525180184906616 2.9002280111909024e-05 0.011500793963486862
862 0.011800046450882009 2.8223970355823888e-05 0.011773154491496365
863 0.011978338453780444 3.0218360882050007e-05 0.011945037834700752
864 0.012278862669042802 2.7218862876150356e-05 0.012250763984034735
865 0.012399068209215098 3.145031839894188e-05 0.012365110636074213
866 0.012624677783167376 3.103760629317871e-05 0.012589014908663099
867 0.012857757676605725 3.0421372013940275e-05 0.01283427491491158
868 0.013163262569884496 2.9583612985134617e-05 0.013133467769651264
869 0.01323488573875776 2.7260908581463894e-05 0.013209959156242455
870 0.013569984487005849 3.0431326566598904e-05 0.013539390383531781
871 0.01366051366698239 3.282827950169185e-05 0.013636025501893785
872 0.013964405953689309 3.14465514099546e-05 0.01393371939435996
873 0.014126396971860642 3.05760714362628e-05 0.01409887641931555
874 0.01439929601526452 3.0262133218704246e-05 0.014366113635461912
875 0.014697569588997945 3.4112811325422035e-05 0.014668581263701099
876 0.014818575587749626 3.220569555361378e-05 0.014787867449567879
877 0.015108616308592943 3.02932330802138e-05 0.015078817292333901
878 0.01552094303651627 3.362686805971991e-05 0.01548372419195451
879 0.01560294581179097 3.631462482543544e-05 0.015576228319280865
880 0.015853657211584278 2.8893752981401063e-05 0.015824935282958988
881 0.016185841981308423 3.326390887557801e-05 0.01615370843292445
882 0.016343772170907322 3.140661394222816e-05 0.016312318089589394
883 0.01667941880366887 3.120374620844908e-05 0.016658674963000393
884 0.01697218604348876 3.15255795257307e-05 0.016940085401708903
885 0.01718439594821532 3.270387143809673e-05 0.017145895313647033
886 0.017538026370411037 3.524763346464525e-05 0.017499711349886194
887 0.017973680891902596 3.6721939020607456e-05 0.017945705559154236
888 0.0181158268892172 3.1392917039711184e-05 0.0180811913978279
889 0.018447217839133192 3.4078691698446426e-05 0.01840783553367348
890 0.018717503790845535 3.1643117202555985e-05 0.018683549294583827
891 0.01906254719910711 3.245756018275452e-05 0.01903070433577596
892 0.019371499845399553 3.4747507926419983e-05 0.01933950211930267
893 0.019663547401597866 3.390131154223698e-05 0.019635034526480057
894 0.019842361206185207 3.3185964960204876e-05 0.01982125441263562
895 0.020480139372568186 3.352187877587576e-05 0.020452407332755156
896 0.020756103305946894 3.514317452607197e-05 0.02070801944084736
897 0.021058771040996217 3.680826580792773e-05 0.02102452602525397
898 0.021400174925924387 3.447275475141758e-05 0.02137105146996334
899 0.02161390150461417 3.3874726870212865e-05 0.02157182650115934
900 0.022312130692555342 3.5268565775240367e-05 0.02227579969650729
901 0.022659392981315137 3.766593262866213e-05 0.02261141547909598
902 0.02288180111261157 3.5843692833452544e-05 0.022841376198226074
903 0.02334664752393745 3.510138556268138e-05 0.023312908501905278
904 0.02358912273372133 3.2818408657020675e-05 0.023566942143927384
905 0.024026807488213085 3.565487895371358e-05 0.02399146088987625
906 0.024386518397003232 3.607789668526131e-05 0.024349956476636344
907 0.024866240749220767 3.398152956244405e-05 0.024826593464647127
908 0.025174716431405186 3.410605732483864e-05 0.02515249331363523
909 0.025961763112473196 3.580723251518046e-05 0.02592860651749547
910 0.02639654133508897 3.5094547199491834e-05 0.02635724314354461
911 0.02674477986786377 3.463894555408633e-05 0.02670808750657066
912 0.02718307722880995 3.504974160600428e-05 0.027141733786642176
913 0.02752357989552172 3.5530580994169164e-05 0.027487227697871756
914 0.02795207159178305 3.637125741825015e-05 0.0279134278625596
915 0.028531361805538544 3.563335014718266e-05 0.028503137564311887
916 0.028905779378008627 3.786419562544398e-05 0.02886900549367598
917 0.0296632334250699 3.5909441446662067e-05 0.029621793255975692
918 0.02993345332140402 3.7328631602390145e-05 0.02989134614398476
919 0.030588466854608587 3.5758325253663736e-05 0.030553317915286596
920 0.031238075979184793 3.708171866244032e-05 0.031195726545197432
921 0.0316549006640887 3.8275376308148544e-05 0.03161537694163159
922 0.032029413299645704 3.8776592543120225e-05 0.03200244709373221
923 0.032653409848718555 3.8659397331046344e-05 0.032620762938999896
924 0.03337349989712805 3.6871349627924946e-05 0.03335060176198559
925 0.033807205636709164 3.7245549717558e-05 0.03376809976117443
926 0.034584256081862164 3.697218763654483e-05 0.034549739710159164
927 0.0351064011360607 3.659703180173542e-05 0.03506982979776705
928 0.03598435834728925 3.6167454771346105e-05 0.035947873554652066
929 0.036427212397852474 3.7507758507306056e-05 0.036388302789641294
930 0.03725226176197152 3.83842569293508e-05 0.03722559417629879
931 0.03766587086260649 3.3936774875119454e-05 0.03763567411850609
932 0.03831956242587873 3.878167928890752e-05 0.03828723556498255
933 0.038929668564125476 3.681832864507556e-05 0.03889555256023793
934 0.03954059294717836 3.792066158497083e-05 0.03950157759061965
935 0.04051271801705423 3.696390376738734e-05 0.040462160977533655
936 0.0411751529872921 3.7865837008822384e-05 0.04113446050175949
937 0.04184326020664483 3.7714064484883536e-05 0.041808618280981674
938 0.04266584182224614 3.764038480919148e-05 0.04262294144924183
939 0.04315581034334129 4.091557971749669e-05 0.04312551257329017
940 0.04405483982252128 3.9644833400225765e-05 0.04400781815607321
941 0.04572426832970607 4.122352411384893e-05 0.04568011132485592
942 0.04561540600067432 3.594877683905927e-05 0.04557272758634305
943 0.046656980530579144 4.0530224096551205e-05 0.04661399604345877
944 0.047965335475324514 3.806381901631159e-05 0.04794204108776816
945 0.04833463746459545 3.771069425458242e-05 0.048297766059316356
946 0.04871423103059768 3.976197724835037e-05 0.048673389269423446
947 0.049892620769102544 3.7894439436577716e-05 0.04984703654609184
948 0.051641518894871036 3.966039639210185e-05 0.051620413872453925
949 0.052144546619562596 3.88189083654008e-05 0.05209744549559745
950 0.053129232870328426 3.8559307496156015e-05 0.053098996038544136
951 0.05395689521095677 3.6133912986003714e-05 0.05393564300460157
952 0.05513982104842859 3.904099216419677e-05 0.055106728660861394
953 0.056148782392381504 3.902692540034992e-05 0.05609146543311958
954 0.05726837124346117 4.066986584910781e-05 0.057232045466717237
955 0.05844019704587609 3.628963010704797e-05 0.058406104488153324
956 0.05955342784932416 3.7961072458208526e-05 0.05950163498749122
957 0.06047986060095925 3.879545062692336e-05 0.06045239799733187
958 0.062044454194226856 4.172415973215946e-05 0.062011149605394424
959 0.06304547841651807 3.686811801143585e-05 0.06300226720799451
960 0.06429734133734864 3.942353088383399e-05 0.06424585413822304
961 0.06510267567479797 3.7852124815941914e-05 0.06505997372102662
962 0.06632262732318762 3.6300309652874815e-05 0.06627532806535166
963 0.06796445231434446 3.761960397963816e-05 0.06793198357834941
964 0.0684945325440101 3.978806427497068e-05 0.06846009179493105
965 0.07085331720891555 3.99617423821942e-05 0.07081493555019477
966 0.07153574182258246 3.863903073011606e-05 0.07150474671783029
967 0.07279048211000577 3.7895700540530494e-05 0.07276377691890851
968 0.07512068859132638 4.005548526914865e-05 0.07507461718211797
969 0.07672376134351103 3.920610988133746e-05 0.07667157500924009
970 0.07688310089779009 3.892831151794288e-05 0.07684146889077965
971 0.07886709772962262 3.825008096399588e-05 0.07882559575010195
972 0.08027547441708953 4.0504473877652786e-05 0.08025490946854616
973 0.08173826848575906 4.0174221742164796e-05 0.0816784912522668
974 0.08296676942584162 4.000755423504986e-05 0.08291278888033585
975 0.08525212922203332 3.700405081328662e-05 0.08522572756488103
976 0.08693395003127985 3.9551633709267714e-05 0.08686841566895163
977 0.08839947112963017 3.695278921746423e-05 0.08836292329099762
978 0.09101112259083056 4.040920590763085e-05 0.09097004316379165
979 0.0924033234662883 4.1055311111440205e-05 0.09238220802256102
980 0.09391406658633565 3.8321220339002457e-05 0.09387817951673622
981 0.09649115134934194 3.710915013098888e-05 0.09643367364873505
982 0.09875973134022134 3.770247285415409e-05 0.09872389674344839
983 0.10008022643830854 3.9585506444066346e-05 0.10005253959095586
984 0.10191576096481 3.873669097682368e-05 0.10185934329246557
985 0.10384157614912182 3.578564873497199e-05 0.1038078746740781
986 0.10630775477323377 3.871251644920619e-05 0.10627869035176907
987 0.10926534060218085 3.687133988770651e-05 0.10923425910397261
988 0.11088614345933166 3.6826417929988295e-05 0.11084361758856544
989 0.11263379590071577 3.916954342757295e-05 0.11261664815193578
990 0.11528018749802703 3.907565941677288e-05 0.1152487273763427
991 0.1171835181186537 3.884397663723318e-05 0.11714038983439716
992 0.11900671639823321 4.186543897121546e-05 0.11896113982523503
993 0.12240997171328592 4.3470436970668914e-05 0.1223678235708683
994 0.12500672201546426 3.859126732532786e-05 0.12495757608861227
995 0.12829738763957102 3.91199221659918e-05 0.12825398742907612
996 0.13014771233448774 4.236835986363371e-05 0.13008414096037152
997 0.13308420142436914 4.146093044487717e-05 0.13307187394919606
998 0.13596912789027976 3.603226356886582e-05 0.13591368121057118
999 0.13824270174316636 3.745584066037533e-05 0.1382181493637072
1000 0.14028565133427034 3.833832892605787e-05 0.14025503225605626
1001 0.14496789901323964 4.020772678370822e-05 0.1449256452106881
1002 0.1469032171127946 3.929082095921509e-05 0.14684696263201047
1003 0.15007586856187083 4.045879172345594e-05 0.15002019549468928
1004 0.15465776648118662 4.047966316580794e-05 0.15461388074319082
1005 0.1554863291932845 3.824534793793333e-05 0.1554305774215358
1006 0.1600670178440608 3.9781470787068717e-05 0.16005508958928744
1007 0.16291079997558003 4.300987482796223e-05 0.1628506870481121
1008 0.1667610142986101 3.99240774203256e-05 0.1667281563746223
1009 0.17155503235310574 3.872086153454074e-05 0.17149408127535257
1010 0.17454251313567487 3.811898745621165e-05 0.17449754070480467
1011 0.1768123266276416 3.843702488364822e-05 0.17678988507908433
1012 0.18093279412584828 4.136149950336621e-05 0.1808772960566594
1013 0.18629444537087622 4.069631396953004e-05 0.18624480199304091
1014 0.18991023587133404 4.05544151066558e-05 0.18987597455840774
1015 0.1942893465545508 4.090954328981591e-05 0.19424271979999255
1016 0.19704463837895816 4.0937312528226115e-05 0.1969938238312179
1017 0.20268154755540546 4.055356804126441e-05 0.2026210480682512
1018 0.20684706694579216 4.020187568445384e-05 0.20682474985499366
1019 0.20894840606509213 3.9606316441477134e-05 0.20889612297696117
1020 0.2157773291185384 4.4859034841566676e-05 0.2156929061337948
1021 0.21921730429248965 3.680870636029009e-05 0.21920141552524774
1022 0.22394743406002415 3.827480963199901e-05 0.22391353804990352
1023 0.23841953905187052 0.0001139719739024895 0.23831782004142
1024 0.24456625942433058 0.00010677482752448507 0.2444341287017063
