ell R_ell F_ell N_ell
2 0.000834041696932941 0.0008088788767227186 1.2906272428020855e-05
3 0.0002056719939109183 0.00017899018936864104 1.5688475968524142e-05
4 0.00011266177256181648 0.00010202994384701641 1.2121963250127609e-05
5 5.982641761702732e-05 4.3847232942036864e-05 1.2941714987948335e-05
6 7.19956969068132e-05 6.13282590200698e-05 1.2290444910292824e-05
7 6.089143288158882e-05 4.981615034507916e-05 1.1659409193641205e-05
8 3.3893255144361126e-05 2.0807652833925186e-05 1.213507470127102e-05
9 2.8076724975999277e-05 1.7455167371380574e-05 1.1504690032662732e-05
10 3.2829816475581874e-05 2.0910895161895087e-05 1.1705250028905153e-05
11 2.606478676147452e-05 1.3999417492384367e-05 1.2217163794397267e-05
12 2.829888963159462e-05 1.6814408245771256e-05 1.1272927623830127e-05
13 2.2228407677540944e-05 1.1299924397593487e-05 1.2174725771119788e-05
14 2.096050393858673e-05 1.0341291347095236e-05 1.1599573734301274e-05
15 2.3228962473470543e-05 1.053217335744829e-05 1.22614709183499e-05
16 2.0326287596680718e-05 8.050647901935874e-06 1.2195564746299997e-05
17 2.0871765661564705e-05 8.062799391324349e-06 1.2063757288594378e-05
18 1.9035768163432507e-05 6.818155382970146e-06 1.2235647334682598e-05
19 1.5836949307201074e-05 4.520088640881197e-06 1.1652574334795474e-05
20 1.80801848004056e-05 6.78401796429734e-06 1.145053100161427e-05
21 1.6411183730475017e-05 4.593351278043863e-06 1.1858368223714162e-05
22 1.5826573418497486e-05 3.0558707851558863e-06 1.2680448880892367e-05
23 1.68546361894293e-05 4.904011955386833e-06 1.1884585938927769e-05
24 1.4277708020432841e-05 1.838351414698069e-06 1.2193987655848692e-05
25 1.4929553481268982e-05 3.39145955173939e-06 1.1683169422424266e-05
26 1.3446878414760889e-05 2.330622712490197e-06 1.1314527457557588e-05
27 1.500170980789836e-05 2.861625242476732e-06 1.2353159215549113e-05
28 1.4171445812066485e-05 1.6945554981538641e-06 1.2478496794559976e-05
29 1.4220917437084833e-05 2.353218330255774e-06 1.1902534563792717e-05
30 1.418744324957739e-05 1.9981841240081393e-06 1.2162217852020188e-05
31 1.4121066267466506e-05 1.6712904147911903e-06 1.248535199243944e-05
32 1.37718656599675e-05 1.7936011181367343e-06 1.1948043068899504e-05
33 1.3610823558962236e-05 1.8267643211017747e-06 1.1838245852905582e-05
34 1.3532583948491885e-05 1.8246011846767435e-06 1.1898176062723203e-05
35 1.3623159997180662e-05 1.6820956517541922e-06 1.1883822351899863e-05
36 1.365570969603939e-05 1.3478019259315276e-06 1.2227217413083396e-05
37 1.3249336104342025e-05 1.6105424766333962e-06 1.1745961564963526e-05
38 1.3553342370920928e-05 1.6065065277361666e-06 1.179282185861596e-05
39 1.3014927905773649e-05 2.2050748304437244e-06 1.1129210968791312e-05
40 1.1727463206894277e-05 1.4024284305310745e-06 1.041355645777213e-05
41 1.211343547360017e-05 1.9539716147495204e-06 1.0182183517346126e-05
42 1.0609307068071343e-05 9.087735523816193e-07 9.733489918028532e-06
43 9.917966760788057e-06 1.1066705071374997e-06 8.848388406033778e-06
44 9.774067754708855e-06 1.1856165298150459e-06 8.588244355544489e-06
45 9.406182344408042e-06 1.1848804758796163e-06 8.264760551966697e-06
46 8.71108687133573e-06 9.61102370687348e-07 7.794358053744022e-06
47 8.227401809059384e-06 8.352776794123884e-07 7.368523508133088e-06
48 7.991971756898706e-06 1.0975690678739472e-06 6.86196015746741e-06
49 7.111050641892992e-06 7.342806800426502e-07 6.434783339661112e-06
50 7.158536594264205e-06 8.38490265047908e-07 6.31743182691918e-06
51 6.854241519327155e-06 1.0493190769927222e-06 5.834334895036216e-06
52 6.573422551016164e-06 8.952965571537722e-07 5.717565642649869e-06
53 6.091575548864585e-06 6.141527109953577e-07 5.4356364070324275e-06
54 6.363455824690746e-06 1.0561373922325462e-06 5.439287187522769e-06
55 6.136849359778201e-06 9.260718226075382e-07 5.2355368799821454e-06
56 5.919616821719475e-06 7.574378289797889e-07 5.1624876529933535e-06
57 5.98436964806139e-06 8.683746803687852e-07 5.150546612973828e-06
58 5.970843279488116e-06 8.330925958201017e-07 5.109857818036552e-06
59 6.018009149706465e-06 8.754052983513108e-07 5.077164053213836e-06
60 5.885443818056313e-06 8.855271128135401e-07 5.053797619698952e-06
61 6.01143350281283e-06 9.335860753119165e-07 5.047442695456919e-06
62 5.689533174402533e-06 5.484829994316252e-07 5.089550493880496e-06
63 5.908378398699863e-06 7.901592436803907e-07 5.135087306422508e-06
64 5.658833364876146e-06 6.362706006462533e-07 5.121454716781915e-06
65 5.692780257260154e-06 5.144885084016796e-07 5.149504234119446e-06
66 5.831686909260339e-06 7.941908452876855e-07 5.058019419368178e-06
67 5.901296004483171e-06 7.503854131213574e-07 5.126410633774149e-06
68 5.8119023306330224e-06 6.407109845727133e-07 5.249409504045317e-06
69 5.726898857183775e-06 5.454970641491825e-07 5.208247670696488e-06
70 5.7315498191525825e-06 5.950789769028445e-07 5.132313148279487e-06
71 5.814049318899016e-06 6.319789971643071e-07 5.173245857735865e-06
72 5.728527074437569e-06 4.793735654594371e-07 5.1762742857433685e-06
73 5.683077487186242e-06 5.142906486319284e-07 5.177259593584756e-06
74 5.613741409922337e-06 5.207009202987451e-07 5.102787070378061e-06
75 5.618379142466539e-06 5.929807767745931e-07 5.0631167330645315e-06
76 5.425804202616252e-06 4.5360895036787864e-07 5.007654411060134e-06
77 5.433510230243577e-06 4.5804531666232254e-07 4.994489514579108e-06
78 5.43784942563691e-06 5.208421262818237e-07 4.963975156658428e-06
79 5.500383894729565e-06 5.536582119314136e-07 4.906069261586102e-06
80 5.290068956831652e-06 5.718513192412051e-07 4.753053563332435e-06
81 5.2324668065157494e-06 4.986548671050832e-07 4.7141979476027715e-06
82 4.9827259174805e-06 4.3116457295130495e-07 4.5444108818111705e-06
83 4.848932061908179e-06 4.1370674340494724e-07 4.450720881427924e-06
84 4.9269908340842595e-06 4.987826493778148e-07 4.44430276910841e-06
85 4.937438436143202e-06 5.699614571264149e-07 4.340880667641809e-06
86 4.7600805745362265e-06 4.783869355154388e-07 4.253820737237516e-06
87 4.7185954025594365e-06 5.505231548485564e-07 4.15967948308845e-06
88 4.5395140359029936e-06 4.834485731770215e-07 4.0350699073526e-06
89 4.510690410545496e-06 5.291998775013144e-07 4.029215069560724e-06
90 4.3246869533725995e-06 4.741360841719148e-07 3.881219971127739e-06
91 4.451915578461032e-06 5.065545732134392e-07 3.885198135811341e-06
92 4.115960639597264e-06 4.2051243951533935e-07 3.6889849281751454e-06
93 4.088821479206864e-06 4.696814076500549e-07 3.6053104775747134e-06
94 4.1152094572019215e-06 5.315827470408386e-07 3.646843992158309e-06
95 3.9215965717552224e-06 4.173015095004246e-07 3.5305894102443047e-06
96 4.06276477719044e-06 5.76670658930254e-07 3.450612784100076e-06
97 3.891811867492299e-06 5.290685991419571e-07 3.3903420971898447e-06
98 3.85293739707151e-06 6.05162025718873e-07 3.2800569673406385e-06
99 3.76119887310706e-06 5.146219638151309e-07 3.2523276415554935e-06
100 3.7577700154461094e-06 5.631236264235525e-07 3.1869905424789335e-06
101 3.7419610640361752e-06 6.445465432444557e-07 3.1193341693113673e-06
102 3.449730067525131e-06 4.47579344145934e-07 3.0336312646233108e-06
103 3.5273328289289573e-06 5.470987678634584e-07 2.986608284329187e-06
104 3.6688459493820534e-06 6.762366843604384e-07 2.9988416918503547e-06
105 3.403445484349728e-06 5.457131196876338e-07 2.8718959806127773e-06
106 3.496002907492245e-06 6.862422471858059e-07 2.8105609226230607e-06
107 3.334319094082821e-06 5.452961952304522e-07 2.7886367488787617e-06
108 3.3038758791067123e-06 6.048082037579117e-07 2.724090993040781e-06
109 3.2846444601668327e-06 5.368189792743199e-07 2.7372070877906347e-06
110 3.3014841102084783e-06 6.024015341760329e-07 2.737540602204472e-06
111 3.25648138043984e-06 5.719549753674181e-07 2.674144111207306e-06
112 3.338127267266949e-06 6.46592042565364e-07 2.6714916952848773e-06
113 3.210638815753892e-06 5.41742161719674e-07 2.649062918133271e-06
114 3.0181344614386406e-06 4.1988978592644927e-07 2.614737569876399e-06
115 3.178055247315498e-06 6.450010824702002e-07 2.557551668204919e-06
116 3.1320127113202025e-06 5.466506562155887e-07 2.612785365741351e-06
117 3.14893583590343e-06 5.251656684276833e-07 2.6398973160953076e-06
118 3.0862708185873566e-06 4.7262444497611466e-07 2.6213643409835957e-06
119 3.1601105863042505e-06 5.907130384824621e-07 2.594928919229317e-06
120 3.0981222446021894e-06 4.942481752379141e-07 2.5653170935690968e-06
121 3.2632580917886168e-06 6.784576865471208e-07 2.612881281115395e-06
122 3.146550772840042e-06 5.298219695386557e-07 2.628768450397315e-06
123 3.1759832078145924e-06 5.494246323754638e-07 2.6421650211657143e-06
124 3.266021080949924e-06 5.948068019067669e-07 2.6540430584506377e-06
125 3.226727865420461e-06 5.336152173612971e-07 2.6855733086407532e-06
126 3.260748369422736e-06 5.115925608386166e-07 2.705266057730988e-06
127 3.094493128638686e-06 4.858628891631707e-07 2.6165051868070155e-06
128 3.163089150380474e-06 4.984888344219585e-07 2.647409082502225e-06
129 3.1720641244062717e-06 5.158754932548773e-07 2.682336212396118e-06
130 3.230179142156904e-06 5.105266981376777e-07 2.6986665397529906e-06
131 3.2258498118585776e-06 5.220037277729954e-07 2.7148338320518534e-06
132 3.130517117914411e-06 4.1214277294277666e-07 2.751753561180542e-06
133 3.1618880151813582e-06 4.1772207865079927e-07 2.7690174473286174e-06
134 3.1206039380978746e-06 3.73285331061728e-07 2.751037165487404e-06
135 3.0923077016441337e-06 4.1464886653782006e-07 2.734755125409464e-06
136 3.293093170183267e-06 4.531173167859449e-07 2.8156438430604215e-06
137 3.200398077941566e-06 4.107024204320315e-07 2.774973068703769e-06
138 3.161617840391285e-06 3.396929961099844e-07 2.824922882105712e-06
139 3.1896003873890144e-06 3.8394288497600056e-07 2.8281711285715996e-06
140 3.187689585519229e-06 3.82951186568839e-07 2.815928643083309e-06
141 3.2739939306701993e-06 4.2476065685676075e-07 2.8312607515335748e-06
142 3.089937517450249e-06 2.430731532601345e-07 2.8189160017773253e-06
143 3.2361467312304336e-06 3.8318231069368307e-07 2.850416596655054e-06
144 3.2461755573585195e-06 4.164322180144062e-07 2.8232017397723094e-06
145 3.190927905749669e-06 3.540236654539653e-07 2.8424680236069788e-06
146 3.1474342891068916e-06 3.08383219479867e-07 2.822648461238453e-06
147 3.201611090238498e-06 3.69731700642054e-07 2.8246041818158344e-06
148 3.2033913545616263e-06 3.4024396804634464e-07 2.840081063491618e-06
149 3.2073396228650626e-06 3.410558129241194e-07 2.8554903197162127e-06
150 3.0999286894267495e-06 3.0814339052231113e-07 2.808872061754886e-06
151 3.105308196188236e-06 3.6869419181571455e-07 2.7354586067592603e-06
152 3.217909087254241e-06 3.660248606302123e-07 2.8610863289349723e-06
153 3.109249331133019e-06 3.2491045777907357e-07 2.8009047864593645e-06
154 3.1744147135482712e-06 3.4476391020658463e-07 2.837811950208218e-06
155 3.026982257971259e-06 2.6938336093394526e-07 2.75316464037202e-06
156 3.0081619119253757e-06 2.3696599944563637e-07 2.7790087720548154e-06
157 3.0710895468892746e-06 3.1771831294133565e-07 2.7573634160083046e-06
158 3.0087046039640264e-06 2.9965595766630467e-07 2.7107660355726503e-06
159 3.0066869094871297e-06 2.956393869054527e-07 2.71398063612504e-06
160 2.983438281674573e-06 2.8847275969084964e-07 2.700776324808354e-06
161 2.952298437176157e-06 2.903260655530014e-07 2.6675074985841035e-06
162 3.0120040973897246e-06 3.135182616980773e-07 2.685373163923977e-06
163 3.010439539317271e-06 3.572292272431594e-07 2.6494571576977126e-06
164 3.003918681024196e-06 3.4052643435639327e-07 2.670189052371546e-06
165 2.975229557867458e-06 3.553091793134514e-07 2.622265594879981e-06
166 3.001690127524334e-06 3.480395062779788e-07 2.6353311540474852e-06
167 2.9385851470090515e-06 3.0132740563185807e-07 2.6379910174465828e-06
168 2.884140321235747e-06 2.893099120294298e-07 2.6094379153344916e-06
169 2.8769030682865894e-06 3.257174252363571e-07 2.544426159388712e-06
170 2.7521272991113017e-06 2.701472459708069e-07 2.510519386649028e-06
171 2.8118284780189965e-06 2.6941784125935735e-07 2.5465695121015104e-06
172 2.7902122960452435e-06 3.081445883182142e-07 2.4922486067271883e-06
173 2.7763187205757555e-06 2.9880622199366337e-07 2.4898013465776065e-06
174 2.7514520511238706e-06 3.108384979568497e-07 2.452704494591235e-06
175 2.7438368963058084e-06 3.0479004622720634e-07 2.4516845345817073e-06
176 2.711819339219154e-06 3.12903658197058e-07 2.3942476042638116e-06
177 2.7279169630004925e-06 2.802460134991008e-07 2.4245804420196504e-06
178 2.653780997089177e-06 2.637003648471541e-07 2.3744823343582953e-06
179 2.664909459891533e-06 2.7800236019435506e-07 2.387686949919339e-06
180 2.635800602714504e-06 2.6098503684152406e-07 2.376147654168059e-06
181 2.6041460423052255e-06 2.564230722218167e-07 2.324501007157883e-06
182 2.6074394669264004e-06 3.1234837370801683e-07 2.2804802167106113e-06
183 2.5594692022678455e-06 2.6150264865953546e-07 2.293684961228812e-06
184 2.5990863530292482e-06 2.954446760304045e-07 2.3067902528071935e-06
185 2.545917287425924e-06 3.150911345627598e-07 2.226802051327876e-06
186 2.502225079681462e-06 2.7358852876474995e-07 2.2193012513048633e-06
187 2.5343731944025247e-06 3.056402710288268e-07 2.2151999620680507e-06
188 2.451155223340168e-06 2.4109338628005964e-07 2.207755614475574e-06
189 2.485055378877913e-06 2.9193064567112787e-07 2.1904795629433192e-06
190 2.4340872760284503e-06 2.8008713038840556e-07 2.155878086702566e-06
191 2.3984683382433866e-06 2.7054898421063684e-07 2.1435641466537234e-06
192 2.3993787291847176e-06 2.900698576538444e-07 2.106561053990073e-06
193 2.473025685431207e-06 3.35221755400637e-07 2.137680170060194e-06
194 2.36354729505284e-06 2.6779924102920845e-07 2.0967086351006917e-06
195 2.311618434177691e-06 2.4880026452949635e-07 2.073289941567832e-06
196 2.340906425737236e-06 2.2396115522750557e-07 2.102823183645746e-06
197 2.3815698338168967e-06 3.0012869952548e-07 2.0970928447350777e-06
198 2.347146321008092e-06 2.828310810733468e-07 2.0593620417244643e-06
199 2.3449974621235125e-06 2.926842928532572e-07 2.056671461546412e-06
200 2.342296383539363e-06 3.1385529839905085e-07 2.029954186234726e-06
201 2.3322667805190083e-06 2.8288555552982126e-07 2.043455091305994e-06
202 2.310366612129726e-06 2.840568606393163e-07 2.0223081126553683e-06
203 2.272736532370966e-06 2.602684507105452e-07 2.001750684126206e-06
204 2.253053850088788e-06 2.7151874702211703e-07 1.9990283899726664e-06
205 2.295250550274051e-06 2.8290206712668104e-07 2.0030166376347837e-06
206 2.2422107237568014e-06 2.680343189004287e-07 1.9701770293923865e-06
207 2.258998776205028e-06 3.049522510972535e-07 1.969091026327158e-06
208 2.2218282815824733e-06 2.512163298865809e-07 1.9719024810858274e-06
209 2.2339505571225447e-06 2.9800967062962333e-07 1.953738796977719e-06
210 2.2062904160172044e-06 2.502370691968986e-07 1.9707430620951203e-06
211 2.2951585502394594e-06 3.2240016771314504e-07 1.9771569682712298e-06
212 2.2374028416103457e-06 2.6643759681898516e-07 1.9743573078456933e-06
213 2.2289809551085462e-06 2.7831641203352877e-07 1.9509163482319217e-06
214 2.268519153651938e-06 3.132445023530721e-07 1.9667664921437385e-06
215 2.1983601917407207e-06 2.717683294216146e-07 1.935539408253129e-06
216 2.2113444348450233e-06 2.708030550626465e-07 1.94791868883483e-06
217 2.200345245271391e-06 2.4438971512958816e-07 1.97031436435041e-06
218 2.3055925757996472e-06 3.291088994089427e-07 1.9760990601472092e-06
219 2.292705936239809e-06 3.2120369143952194e-07 1.985322204888024e-06
220 2.2837233179290834e-06 3.04592486717563e-07 1.9740682649133712e-06
221 2.3084299830886757e-06 3.296031413749795e-07 1.9839765030690797e-06
222 2.3171435258462232e-06 3.1754136446862574e-07 1.9898105237213105e-06
223 2.2702429901663282e-06 2.8768823044960206e-07 1.971452359885912e-06
224 2.281148421367571e-06 2.8238397457950313e-07 1.9868608347187862e-06
225 2.290407542280561e-06 2.9332783693253937e-07 2.009033573499013e-06
226 2.3140390890309904e-06 3.0434176206679784e-07 2.011920010610051e-06
227 2.2892857822419513e-06 2.598481952357192e-07 2.03479532000874e-06
228 2.3583097262236335e-06 3.085209475426555e-07 2.0434247030065024e-06
229 2.3545210331552993e-06 2.7891394986362455e-07 2.067730844921138e-06
230 2.3794418836362196e-06 3.2441513112116696e-07 2.0644210434565684e-06
231 2.3537818979287328e-06 2.7725755318027307e-07 2.0699862678808646e-06
232 2.3946172414427976e-06 2.988460157368231e-07 2.083523660914066e-06
233 2.385501174125682e-06 2.8509396229090647e-07 2.112329193359192e-06
234 2.410200007829194e-06 3.0778381344564074e-07 2.109387719204856e-06
235 2.39174166764441e-06 2.7444335918786436e-07 2.1182973205990163e-06
236 2.3979088648338577e-06 2.533560129118781e-07 2.144476052006465e-06
237 2.404866018803641e-06 2.669192285607422e-07 2.1396321867653018e-06
238 2.4852665057414534e-06 2.8728160626196746e-07 2.1777616172962237e-06
239 2.439017087979231e-06 2.574705718910687e-07 2.1833336274672056e-06
240 2.4607822440890784e-06 2.4570046294386614e-07 2.2252007354451905e-06
241 2.4901625224204812e-06 2.514938272927202e-07 2.2330836181117375e-06
242 2.475710333367844e-06 2.526532318234157e-07 2.2365763569765723e-06
243 2.5433346438738215e-06 2.880376202685643e-07 2.2351332228503394e-06
244 2.5210098934680597e-06 2.4949119998874564e-07 2.269991530615261e-06
245 2.548475036508402e-06 2.311992845429748e-07 2.3124073251888874e-06
246 2.571716758182893e-06 2.7739983766125557e-07 2.2877460655303462e-06
247 2.5620723494491616e-06 2.478656266653158e-07 2.325970511721973e-06
248 2.5760718285002065e-06 2.4492585411519003e-07 2.3257923692115617e-06
249 2.6279818210872733e-06 2.6504034458156083e-07 2.3544456439675733e-06
250 2.5915005113849565e-06 2.6732951379237177e-07 2.323419430014656e-06
251 2.6332175087973566e-06 2.7427408770238157e-07 2.361295612800111e-06
252 2.657970430311068e-06 2.7257819780809145e-07 2.3783989341296152e-06
253 2.63761451752141e-06 2.5245819763312176e-07 2.3876880341291798e-06
254 2.6590316993699266e-06 2.2716036379785974e-07 2.435716891535986e-06
255 2.6585904556431454e-06 2.164408248570946e-07 2.4464643506580754e-06
256 2.6816589220551033e-06 2.2529979000035178e-07 2.4659261666787633e-06
257 2.718430619265654e-06 2.394707057994963e-07 2.467749388058165e-06
258 2.734718256978294e-06 2.3722743044625365e-07 2.4823424414435937e-06
259 2.7199361371764375e-06 2.4134097313273917e-07 2.4843081333779853e-06
260 2.7117027854259285e-06 2.019129941246332e-07 2.5236743953814897e-06
261 2.803786245160119e-06 2.3614680952362783e-07 2.5506131255378683e-06
262 2.7390184032506984e-06 1.8659734049581121e-07 2.542820902597439e-06
263 2.7628850238704016e-06 1.9990694327032508e-07 2.5625870198855457e-06
264 2.8028334958066067e-06 1.999055357156301e-07 2.6107714134804625e-06
265 2.8238859962966684e-06 2.081387254690439e-07 2.619469050486994e-06
266 2.801231274861252e-06 1.888154634251263e-07 2.610666763129528e-06
267 2.8535806771049535e-06 2.217726668395925e-07 2.640430050647628e-06
268 2.8545206583529562e-06 2.0869791731112412e-07 2.648741675058643e-06
269 2.887237237249246e-06 1.9083617039453644e-07 2.6867138131232052e-06
270 2.898949055798814e-06 2.1727181756439397e-07 2.697237807995322e-06
271 2.8678392949512984e-06 1.7698553580563278e-07 2.705259902663976e-06
272 2.944654353180847e-06 2.0845007771084747e-07 2.737388547789213e-06
273 2.9352836604157514e-06 1.8818741502571908e-07 2.7483965362382796e-06
274 2.971925804799861e-06 1.88574663743524e-07 2.784578955227916e-06
275 3.012157457826063e-06 2.0489880715417996e-07 2.8141993711335695e-06
276 3.005867330352884e-06 2.005476900493256e-07 2.8024528958374244e-06
277 3.059786018073324e-06 1.5720941678601027e-07 2.904824763732902e-06
278 3.0577611833648655e-06 1.7464560096946443e-07 2.8936290768537556e-06
279 3.0764595278710988e-06 1.6310241636728984e-07 2.9099210899172956e-06
280 3.098946353180302e-06 1.8017792307580482e-07 2.905595917267324e-06
281 3.099277941915382e-06 1.9462697083513577e-07 2.9076495560950186e-06
282 3.090636949790814e-06 1.6559740668950148e-07 2.932198845121267e-06
283 3.129615348684881e-06 1.815190301981824e-07 2.9518934699163456e-06
284 3.173966520285275e-06 1.8756235132347092e-07 2.9872922892958577e-06
285 3.212658808734252e-06 1.880888994835875e-07 3.0375114090089793e-06
286 3.2086253070124045e-06 1.771542697032526e-07 3.038004315419452e-06
287 3.1999363103706123e-06 1.9349243831007266e-07 3.0308678851117964e-06
288 3.2539664986500126e-06 1.8524330329462366e-07 3.0676015738734538e-06
289 3.3056956047738727e-06 1.807001792052452e-07 3.1257871241778203e-06
290 3.335027000738272e-06 1.9457784574796763e-07 3.1483443231799136e-06
291 3.3569977792301692e-06 1.8027686674636722e-07 3.169145423550949e-06
292 3.329965247542286e-06 1.6702908887411143e-07 3.1676092878193484e-06
293 3.342412664357158e-06 1.5818030210907912e-07 3.185157694043787e-06
294 3.3297360237850047e-06 1.425715008021381e-07 3.1828086631627155e-06
295 3.414251077447457e-06 1.5859993939030042e-07 3.256094030393926e-06
296 3.417807459074453e-06 1.5205273365468617e-07 3.2712307547037832e-06
297 3.4124238249474218e-06 1.5810246723011574e-07 3.2696393254742515e-06
298 3.4570924428694774e-06 1.6978198752880678e-07 3.286402896449052e-06
299 3.493144878444022e-06 1.6613367309718888e-07 3.3244930117188835e-06
300 3.537213827387586e-06 1.7435236125287114e-07 3.3508012568054606e-06
301 3.5391623816897154e-06 1.626316514315852e-07 3.384803277729094e-06
302 3.5483316976296293e-06 1.4750232238649486e-07 3.3984053913930226e-06
303 3.6036256982199176e-06 1.3690725161631097e-07 3.4518071520996753e-06
304 3.6311477244248312e-06 1.617309897960688e-07 3.4658962876245893e-06
305 3.62998109556932e-06 1.478305405273909e-07 3.4790182000176937e-06
306 3.6294270587387157e-06 1.6206963572729366e-07 3.459969893984415e-06
307 3.6570846236873612e-06 1.542099262509586e-07 3.508257108261996e-06
308 3.6998244654190342e-06 1.398394567689743e-07 3.559034528961751e-06
309 3.665470288233499e-06 1.5025701044400917e-07 3.5119961898881823e-06
310 3.7428649743177513e-06 1.4692866679968675e-07 3.60742765136157e-06
311 3.7672211288416743e-06 1.5571701058358754e-07 3.616437311547531e-06
312 3.7730988995745165e-06 1.5120466163779386e-07 3.6203580399469706e-06
313 3.7821137199414594e-06 1.3243119540526373e-07 3.6523000148393737e-06
314 3.8140195711274194e-06 1.260138741481683e-07 3.693568329006517e-06
315 3.817216788399829e-06 1.5999633947911385e-07 3.6788838088827013e-06
316 3.884206250599621e-06 1.650506732852208e-07 3.729018826422858e-06
317 3.869501819397431e-06 1.3332977130491593e-07 3.7276925413093647e-06
318 3.958480467423817e-06 1.3264701182040305e-07 3.825489546161524e-06
319 3.952183609130859e-06 1.3362488666686302e-07 3.815436325213739e-06
320 3.997832920471558e-06 1.537379783206305e-07 3.838325466856973e-06
321 4.017931518893849e-06 1.3181508996019236e-07 3.888397745786074e-06
322 4.0066405951917825e-06 1.3580119577035516e-07 3.878226516774545e-06
323 4.089310566023182e-06 1.2162963056162392e-07 3.966518176625758e-06
324 4.104883957709815e-06 1.3901290303013454e-07 3.966100746062172e-06
325 4.1338278159667466e-06 1.3179951021963773e-07 4.007937324685755e-06
326 4.120784356552654e-06 1.3908243175552846e-07 3.983170465137695e-06
327 4.184086276958423e-06 1.1844901678942936e-07 4.076738505265725e-06
328 4.243198285593387e-06 1.523211839782468e-07 4.1071148845963716e-06
329 4.297637027898646e-06 1.3753704141043525e-07 4.157082342341206e-06
330 4.279797330444807e-06 1.3061754828295034e-07 4.143075150264032e-06
331 4.273817812398503e-06 1.2658814150656062e-07 4.150523368992467e-06
332 4.360277957816702e-06 1.4039683712850477e-07 4.22667172066929e-06
333 4.313277913426468e-06 1.365312774098381e-07 4.176502345564765e-06
334 4.372272468348518e-06 1.2853289689154617e-07 4.248068092285139e-06
335 4.460530231564643e-06 1.4624880236964483e-07 4.312973608264011e-06
336 4.500917686753101e-06 1.50075670525931e-07 4.35178150495337e-06
337 4.490346539469992e-06 1.3313668020447575e-07 4.360903155801544e-06
338 4.584023784701924e-06 1.43876684959575e-07 4.4360457305733465e-06
339 4.575782765054536e-06 1.3046427868869395e-07 4.447307962380855e-06
340 4.53189241463766e-06 1.328382678203008e-07 4.3936299877507696e-06
341 4.584044257919122e-06 1.365812337588015e-07 4.450182947603946e-06
342 4.661366631956798e-06 1.3952747664298664e-07 4.53116759799392e-06
343 4.659661295098659e-06 1.5039982263323523e-07 4.508667901838321e-06
344 4.740416251117043e-06 1.3636207776289097e-07 4.607531252720723e-06
345 4.782398485470791e-06 1.5571142500873907e-07 4.635039225902894e-06
346 4.785817653963085e-06 1.6093595144913098e-07 4.6261253644803e-06
347 4.8436505092270716e-06 1.4113526802268166e-07 4.708619956533074e-06
348 4.923038889046358e-06 1.4957195309242114e-07 4.766049999758665e-06
349 4.936669296262015e-06 1.511723246976681e-07 4.788410720618031e-06
350 4.96390338263998e-06 1.3314714661882718e-07 4.8351608394058624e-06
351 5.0528730914386515e-06 1.4916702611495147e-07 4.882443207285896e-06
352 5.040105550851739e-06 1.5280208596729827e-07 4.8875277579177526e-06
353 5.057211657529459e-06 1.6084763633922467e-07 4.899769894830978e-06
354 5.133482796744925e-06 1.4774759051175402e-07 4.985231492866881e-06
355 5.131136911010288e-06 1.4830312626172385e-07 4.998240604920377e-06
356 5.196398641673186e-06 1.5487982571339266e-07 5.042365332385616e-06
357 5.2623028677758135e-06 1.3784393955820595e-07 5.116593249479262e-06
358 5.259389877321259e-06 1.4306590826921526e-07 5.110514616584231e-06
359 5.29230016112917e-06 1.4985063606861003e-07 5.146525332924652e-06
360 5.3805563111094e-06 1.5220104537275488e-07 5.23274373593129e-06
361 5.37108467609112e-06 1.5334783125912652e-07 5.217823530566272e-06
362 5.46870606528349e-06 1.5840981441703451e-07 5.313389090438544e-06
363 5.510855430071512e-06 1.5345069161707346e-07 5.380095457048243e-06
364 5.509481460060257e-06 1.5808928362721953e-07 5.354090524487804e-06
365 5.5846344103223375e-06 1.634875452460823e-07 5.42417229561236e-06
366 5.580921680076618e-06 1.5080546919339563e-07 5.425211280738338e-06
367 5.700149709539527e-06 1.5098027812620073e-07 5.558383083622766e-06
368 5.747849589505257e-06 1.7133188774622025e-07 5.5860960173638456e-06
369 5.809504754727024e-06 1.6435637662484112e-07 5.647001731982536e-06
370 5.8355431384655935e-06 1.7208849057935238e-07 5.651055730161834e-06
371 5.807717212621637e-06 1.6166288436682253e-07 5.646068470660358e-06
372 5.9028231093322516e-06 1.6193921398535685e-07 5.743435688307147e-06
373 5.9619505538825325e-06 1.7010859643940474e-07 5.798314626611559e-06
374 5.978045520456924e-06 1.844912667453512e-07 5.805937930631505e-06
375 6.0184008421111165e-06 1.516109988914321e-07 5.858352006139155e-06
376 6.134171971543058e-06 1.7810003576611627e-07 5.975809452837772e-06
377 6.2207775544431154e-06 1.7795500707859934e-07 6.047581080821454e-06
378 6.2633664347334645e-06 1.6712965964131074e-07 6.113516884394263e-06
379 6.23981171609248e-06 1.6612690743719558e-07 6.077646383898643e-06
380 6.433545205898994e-06 1.9196958438028938e-07 6.248365878376416e-06
381 6.50086301472152e-06 1.8032373598342297e-07 6.30874285276945e-06
382 6.406644910739367e-06 1.9608760778028406e-07 6.202713594238681e-06
383 6.448275652775218e-06 1.8111746327344538e-07 6.2731696964041835e-06
384 6.539868273840299e-06 1.6702532306889748e-07 6.382699642904398e-06
385 6.606657317568301e-06 1.6163563671822902e-07 6.43790500890735e-06
386 6.618181661748162e-06 1.7762449674709984e-07 6.443446538261452e-06
387 6.671200491927468e-06 1.7896620613281587e-07 6.487627600882094e-06
388 6.8904292235673985e-06 1.866116758954857e-07 6.7038717033672886e-06
389 6.872587205913972e-06 1.9770659881146882e-07 6.677966132715785e-06
390 6.865400283228854e-06 1.661469052222636e-07 6.7005442992829695e-06
391 6.937086856926973e-06 1.8041493399026313e-07 6.763102261016817e-06
392 7.037507484864818e-06 1.8425149071480634e-07 6.859330436470159e-06
393 7.1575360902845005e-06 1.8405194754114167e-07 6.978914846803869e-06
394 7.10778368255662e-06 1.8535923282369656e-07 6.914423854842544e-06
395 7.256075306132312e-06 1.818976780227682e-07 7.067134689832332e-06
396 7.285248180534323e-06 1.893406343778384e-07 7.089165913313521e-06
397 7.434078102784939e-06 2.033441262711802e-07 7.23714433243968e-06
398 7.5325716248596614e-06 1.9666466407814254e-07 7.330682710954609e-06
399 7.632166499617386e-06 1.8797973703719318e-07 7.451615420156223e-06
400 7.59542407280873e-06 1.986226260204744e-07 7.4068993439334515e-06
401 7.687445720553808e-06 2.0429496304217405e-07 7.46442312960353e-06
402 7.784441369928834e-06 1.8754635307683956e-07 7.58531817633452e-06
403 7.780971580554654e-06 2.0787617712066525e-07 7.577182501809774e-06
404 7.835446521308886e-06 2.137956583939574e-07 7.637071160782958e-06
405 7.991554540787981e-06 2.139635133283903e-07 7.77958092003562e-06
406 8.117733739606209e-06 2.1245013748153147e-07 7.903198182793154e-06
407 8.19609241201428e-06 2.116285726218041e-07 7.978841127885134e-06
408 8.34128154236458e-06 2.2319402553731484e-07 8.128370914199368e-06
409 8.308944581800053e-06 2.2161958946646063e-07 8.096729559438901e-06
410 8.27930919903015e-06 2.197968995259766e-07 8.067023165429164e-06
411 8.43806715030504e-06 2.3165682335094652e-07 8.215357081661986e-06
412 8.489413975187505e-06 2.3392578177212035e-07 8.243901069655533e-06
413 8.605874570294912e-06 2.2637579828968376e-07 8.383508405560956e-06
414 8.600277655245908e-06 2.458813142985775e-07 8.349340655942005e-06
415 8.789614652658115e-06 2.120007808718235e-07 8.596449440679603e-06
416 8.869729482078085e-06 2.3811832856734011e-07 8.641818289314623e-06
417 8.993717515761253e-06 2.258500409534844e-07 8.772381478544127e-06
418 9.057640786828692e-06 2.195540894436567e-07 8.855137836529519e-06
419 9.132315997859107e-06 2.151332590171444e-07 8.923862065688393e-06
420 9.222797371104708e-06 2.2773038993892617e-07 9.010409761155506e-06
421 9.326869581298778e-06 2.3095093400672416e-07 9.088826229228372e-06
422 9.468669238597961e-06 2.1353018707890188e-07 9.25831692367677e-06
423 9.681242250082622e-06 2.4316682869761025e-07 9.435077061014574e-06
424 9.605273062898018e-06 2.444304766324677e-07 9.374909301769955e-06
425 9.665577889874744e-06 2.463237985784023e-07 9.436724050302428e-06
426 9.922227036516466e-06 2.461455971283197e-07 9.707152930282636e-06
427 9.847893528825981e-06 2.394912214387199e-07 9.609360483145315e-06
428 1.00673097780483e-05 2.3816185253731602e-07 9.855211600768293e-06
429 1.0150671130974399e-05 2.3223317700797817e-07 9.928327245407153e-06
430 1.025906748559182e-05 2.338426495763114e-07 1.002840522674854e-05
431 1.03607665854436e-05 2.2951375696889747e-07 1.0136750022795861e-05
432 1.0458485496344572e-05 2.5990318485366585e-07 1.0201855699256615e-05
433 1.0514321738244277e-05 2.5302551997908034e-07 1.0257954443847067e-05
434 1.067243677241569e-05 2.5675321836261453e-07 1.0432740422661135e-05
435 1.0824143664276249e-05 2.76336808209405e-07 1.0549550148665519e-05
436 1.084923256995014e-05 2.49711754407327e-07 1.0605302159203704e-05
437 1.0956332578683202e-05 2.6594151952329136e-07 1.0688079697539036e-05
438 1.0992011280054824e-05 2.443041558013849e-07 1.0753876676555352e-05
439 1.1273621791659528e-05 2.5882627838695556e-07 1.1030083341364312e-05
440 1.1332634724455591e-05 2.536586067791529e-07 1.1089717718107236e-05
441 1.1441174115490764e-05 2.5262162669575987e-07 1.1203296864467573e-05
442 1.1600699951688536e-05 2.7842689566071344e-07 1.1324278684964115e-05
443 1.1831081864813647e-05 2.690907864656815e-07 1.1552544358565037e-05
444 1.172455851762913e-05 2.6232334967804263e-07 1.1456404727194887e-05
445 1.2093423162155535e-05 2.680676289233591e-07 1.1827163116620765e-05
446 1.2162548302673246e-05 2.5255711198558386e-07 1.1911453299630477e-05
447 1.2299850167439817e-05 2.7876801965672785e-07 1.2033302657100472e-05
448 1.2406895101967081e-05 2.638816402926541e-07 1.2139556511861879e-05
449 1.2643749937259388e-05 2.7866590811962183e-07 1.2366520039768889e-05
450 1.27355037303172e-05 2.7319534876844946e-07 1.2427223600769456e-05
451 1.2800282371689178e-05 2.610147302725171e-07 1.2548164780479898e-05
452 1.2799648461088344e-05 2.7999886689113317e-07 1.2522254984493473e-05
453 1.305851996221933e-05 2.76895262743791e-07 1.283459949874297e-05
454 1.3288662344882957e-05 2.87968890164561e-07 1.3011772508152646e-05
455 1.3233025577888162e-05 2.5694409681666497e-07 1.2992575061805832e-05
456 1.3518221737678271e-05 2.93604812974109e-07 1.3247540046957868e-05
457 1.3812513796774253e-05 2.6101482301663166e-07 1.3521596685069962e-05
458 1.3713100310204778e-05 2.866162238221565e-07 1.345175720694908e-05
459 1.3966392187570829e-05 2.641858337499005e-07 1.3695975125670459e-05
460 1.4195990657946042e-05 3.0217715369090065e-07 1.3878200305639983e-05
461 1.4330793919324634e-05 2.804276224008466e-07 1.40841532571231e-05
462 1.4388998725367547e-05 3.032563960261578e-07 1.408645555658787e-05
463 1.4594597423961079e-05 2.8764607717295144e-07 1.4297512560453217e-05
464 1.4662479593413107e-05 2.553017437794097e-07 1.4408722905635745e-05
465 1.4867072661550906e-05 2.8733414365338185e-07 1.458559183475093e-05
466 1.5066398253027252e-05 2.752217507653399e-07 1.4781645512214251e-05
467 1.5098373705766883e-05 2.718803969615681e-07 1.4841924384525502e-05
468 1.539559629044397e-05 3.021334307286085e-07 1.5116194519371616e-05
469 1.5656762851800897e-05 2.827702138129396e-07 1.5397181728179314e-05
470 1.5626603740717944e-05 2.943067819450762e-07 1.53740606197695e-05
471 1.5896043636295056e-05 2.946078123726601e-07 1.5602879650268063e-05
472 1.607282889111024e-05 2.7818248524101643e-07 1.578633548768881e-05
473 1.6075133788427207e-05 2.7597675974918953e-07 1.5801548924464524e-05
474 1.6532616817638345e-05 2.7655528115064557e-07 1.6224984877951006e-05
475 1.645916504086925e-05 2.959258094939269e-07 1.618346306859122e-05
476 1.679037528443899e-05 2.8812228451938376e-07 1.650197570974621e-05
477 1.7051236547165922e-05 2.8159300592444616e-07 1.679406455238372e-05
478 1.6964158033193894e-05 2.7133260512564755e-07 1.6702273645371466e-05
479 1.7111262798642703e-05 2.7131901188567786e-07 1.683488338067236e-05
480 1.7340042845532196e-05 2.728987195482856e-07 1.7082910173119273e-05
481 1.753648867234658e-05 2.7271890891136174e-07 1.727085659922532e-05
482 1.770820111103039e-05 2.873790102776359e-07 1.7440304722944237e-05
483 1.79563447532023e-05 2.755211885112854e-07 1.769187547804262e-05
484 1.8324635565790368e-05 2.628482600858576e-07 1.8031832100727064e-05
485 1.8404709212439686e-05 2.7248127009153034e-07 1.8142846679440253e-05
486 1.8375433631244044e-05 2.740449792935976e-07 1.8122525773134984e-05
487 1.85847850730404e-05 2.777596544518759e-07 1.831201460254195e-05
488 1.908812053679146e-05 2.654407873625553e-07 1.8842778931379504e-05
489 1.9017423876081236e-05 2.6294664524319445e-07 1.874237039193446e-05
490 1.9207412683218342e-05 2.7030336699653925e-07 1.8949996952561844e-05
491 1.9713384297429178e-05 2.6700761136118525e-07 1.94516204952487e-05
492 1.9918945831608396e-05 2.54620343054181e-07 1.968252270765664e-05
493 2.006122525878022e-05 2.880723660479066e-07 1.9791889231426568e-05
494 2.0231502740082745e-05 2.5073965191744646e-07 1.9980449359060776e-05
495 2.0317643502444604e-05 2.798701639705238e-07 2.0069902613119e-05
496 2.0446207898777302e-05 2.5496492860959477e-07 2.020372148155074e-05
497 2.0916732433110508e-05 2.739827446108139e-07 2.0669552440112232e-05
498 2.110710549499186e-05 2.637419422700675e-07 2.0831522750224822e-05
499 2.113447247079749e-05 2.684265480620755e-07 2.0862467393507996e-05
500 2.1460911538382076e-05 2.6952695146615353e-07 2.1194175304475892e-05
501 2.165486647522605e-05 2.78059648221896e-07 2.1389729225527935e-05
502 2.2095250094553744e-05 2.967837212721615e-07 2.1805103570526147e-05
503 2.2342951952971387e-05 2.941588372263351e-07 2.2060161461981347e-05
504 2.231874613656328e-05 2.744005354944914e-07 2.20318940731972e-05
505 2.2452473557023904e-05 2.514666328730902e-07 2.224651577058623e-05
506 2.3188455976143872e-05 2.6993798348408773e-07 2.2929678248048928e-05
507 2.320292384450102e-05 2.866912074544002e-07 2.292017354327777e-05
508 2.3542760732807185e-05 2.5822177490915066e-07 2.330042567738091e-05
509 2.3765178827121524e-05 2.691701267204956e-07 2.3516675456112883e-05
510 2.407526849486949e-05 2.743295011396443e-07 2.38256151244493e-05
511 2.419503967596657e-05 2.750882890595395e-07 2.389352174265978e-05
512 2.456765744246652e-05 2.4846068593876475e-07 2.4302116544932835e-05
513 2.492030065500568e-05 2.441569150644162e-07 2.4652559487270986e-05
514 2.5049897894781364e-05 2.535253853849302e-07 2.479244337359577e-05
515 2.5284878322735174e-05 2.531812993038651e-07 2.5034094270013543e-05
516 2.5504394074957838e-05 2.3793268044187837e-07 2.5268406199821547e-05
517 2.577645574134004e-05 2.598252728988154e-07 2.5542252086144745e-05
518 2.5984198605875365e-05 2.5426183486852846e-07 2.5747496714275667e-05
519 2.6224779378479362e-05 2.4428790282537366e-07 2.597992733132269e-05
520 2.6631126366872972e-05 2.3429884272630138e-07 2.6380285859846226e-05
521 2.7231660577259126e-05 2.2880881724433962e-07 2.6990259473325778e-05
522 2.7512217156405552e-05 2.386608855205064e-07 2.7268263719304797e-05
523 2.7368718640728688e-05 2.3648649862026407e-07 2.7134930975533868e-05
524 2.7594051897293304e-05 2.2367864384829127e-07 2.740754851189302e-05
525 2.8408597847692125e-05 2.3310625716373163e-07 2.8187543595717305e-05
526 2.8614854848394018e-05 2.292390211611101e-07 2.841431729113629e-05
527 2.8796287151896865e-05 2.2975924541301213e-07 2.8601747389897783e-05
528 2.8857522697165846e-05 2.4149783604941815e-07 2.864236154752591e-05
529 2.9425898941510853e-05 2.3578718967699536e-07 2.9172074473785884e-05
530 2.971159018010744e-05 2.327709993069332e-07 2.949644027421209e-05
531 3.0021612915388635e-05 2.5249489581974586e-07 2.9777677219488336e-05
532 3.057809664574726e-05 2.3432297425207133e-07 3.031807192800874e-05
533 3.0857900092212426e-05 2.458646907463015e-07 3.066298283092056e-05
534 3.117365662476879e-05 2.3718132103050357e-07 3.0961338154382565e-05
535 3.167173571792894e-05 2.396229846608571e-07 3.145109896863124e-05
536 3.179324237268903e-05 2.2316004720361707e-07 3.1573028839649463e-05
537 3.2453831770849214e-05 2.4715824199935183e-07 3.2183749683609e-05
538 3.270523378602093e-05 2.3888336820812957e-07 3.247498229111858e-05
539 3.294856689636444e-05 2.361129485234729e-07 3.27236628120002e-05
540 3.3442000198283734e-05 2.396666395368212e-07 3.320631866577701e-05
541 3.4117250740084524e-05 2.3999591203790904e-07 3.386534409870716e-05
542 3.427168637768056e-05 2.514200040776725e-07 3.405753103433464e-05
543 3.454933825026575e-05 2.4179151070177217e-07 3.428891622113217e-05
544 3.507514720511225e-05 2.329949523442054e-07 3.4842442637248065e-05
545 3.558490771787802e-05 2.314318549728395e-07 3.5364432331485006e-05
546 3.597653068408864e-05 2.462091078632489e-07 3.5701345780401534e-05
547 3.5984187957224905e-05 2.3022658775582415e-07 3.579932883196427e-05
548 3.653594886168207e-05 2.2381709703061802e-07 3.63142687353308e-05
549 3.7013671851455396e-05 2.412594821581949e-07 3.678213924251478e-05
550 3.742242762444971e-05 2.323390086640078e-07 3.719388151508865e-05
551 3.787507784007149e-05 2.3827378898962584e-07 3.767072101476609e-05
552 3.888441492359166e-05 2.2897510363239535e-07 3.8681340374483865e-05
553 3.8888604884457936e-05 2.363067516921607e-07 3.867460424802607e-05
554 3.927201761330374e-05 2.2467816380653432e-07 3.906665481918644e-05
555 3.9671030486570374e-05 2.1921113536838437e-07 3.9410317823941715e-05
556 4.057128319627196e-05 2.099596543783623e-07 4.038376035925109e-05
557 4.0533512613922846e-05 2.179827433350889e-07 4.032228267308596e-05
558 4.1483429115785646e-05 2.441114794538524e-07 4.127952208493423e-05
559 4.190187438486526e-05 2.398145991539857e-07 4.164913782823848e-05
560 4.2283044175739525e-05 2.2005824879964786e-07 4.204828882664927e-05
561 4.2739112473754396e-05 2.2685694285112018e-07 4.253426877745928e-05
562 4.345620717121449e-05 2.3289516628123134e-07 4.324474660388259e-05
563 4.404126170199006e-05 2.2002517932986234e-07 4.382261657729604e-05
564 4.443951379901922e-05 2.4929843213998153e-07 4.417368864626494e-05
565 4.4838460739263466e-05 2.437077253264484e-07 4.459964792847488e-05
566 4.555741460582441e-05 2.6007502228717813e-07 4.533181663908629e-05
567 4.607211889314096e-05 2.397985890353281e-07 4.585217777483366e-05
568 4.688662618575242e-05 2.3799692250376873e-07 4.662993042037138e-05
569 4.732540071360653e-05 2.442001517450924e-07 4.706477856299778e-05
570 4.76265823964425e-05 2.4485672353083577e-07 4.7411680932911555e-05
571 4.8326530056960514e-05 2.223056727501207e-07 4.808851895888379e-05
572 4.906083261285778e-05 2.3239230384369293e-07 4.8803354610227663e-05
573 4.977012719684387e-05 2.1934830573298608e-07 4.9577646032236275e-05
574 5.018609999245436e-05 2.4986966970956047e-07 4.9902578989021804e-05
575 5.0659440280230694e-05 2.402625478951969e-07 5.0437070421340795e-05
576 5.175625974402815e-05 2.4769998635732035e-07 5.1558832331506096e-05
577 5.226869848854304e-05 2.4100906701172687e-07 5.2023396568994155e-05
578 5.303983356871029e-05 2.673285441689964e-07 5.27525614249086e-05
579 5.301287850471565e-05 2.531791587391922e-07 5.2748737782781487e-05
580 5.356555379820071e-05 2.57051743671387e-07 5.3341713468701826e-05
581 5.484191568044484e-05 2.403955189775668e-07 5.458749689749414e-05
582 5.489071351178276e-05 2.670203555955176e-07 5.465159755301246e-05
583 5.597329998884476e-05 2.491785792814501e-07 5.5742990280596487e-05
584 5.726350468230467e-05 2.5760118329131277e-07 5.6958607581175685e-05
585 5.767750773977025e-05 2.673949311486909e-07 5.740992300301209e-05
586 5.8037980133991635e-05 2.885856263945449e-07 5.777530615554094e-05
587 5.923035465937196e-05 2.761161922684917e-07 5.888582230076717e-05
588 6.004143959508387e-05 3.0913354449765113e-07 5.9765890652276494e-05
589 6.061111708338004e-05 2.8946396876316895e-07 6.0298512125548096e-05
590 6.124253759751568e-05 2.8075524861830954e-07 6.096243749727272e-05
591 6.203152801889334e-05 2.731052068021998e-07 6.18001130750719e-05
592 6.27138688889488e-05 2.855508271646734e-07 6.245476823843525e-05
593 6.375743857696064e-05 2.960239508245272e-07 6.350359493230172e-05
594 6.479436329422423e-05 3.124004469156335e-07 6.451510178970025e-05
595 6.576295768080899e-05 3.0643310075600845e-07 6.552316856015603e-05
596 6.607850742039814e-05 3.194989788351919e-07 6.576717937685761e-05
597 6.714003348300573e-05 3.0933347514192507e-07 6.684148545982736e-05
598 6.764867161613021e-05 3.170007578732695e-07 6.735759151865124e-05
599 6.855914947714052e-05 3.2195980319440336e-07 6.821571528793015e-05
600 6.979692530487537e-05 3.1854855418029615e-07 6.95198779044204e-05
601 7.001117841336089e-05 3.4607327741276165e-07 6.966371082510424e-05
602 7.163141421364645e-05 3.4471545419528345e-07 7.125213287017713e-05
603 7.189123716074141e-05 3.5073769448441473e-07 7.156775467275578e-05
604 7.32941401773505e-05 3.523162843499339e-07 7.291818589773927e-05
605 7.390596497838693e-05 3.2584509671873077e-07 7.361709949215702e-05
606 7.525035569617499e-05 3.625597278910171e-07 7.493816534388208e-05
607 7.576112151037766e-05 3.534250638860258e-07 7.542177120026165e-05
608 7.713964262997454e-05 3.752205602861352e-07 7.683053850452195e-05
609 7.771763482215109e-05 3.5154535925411327e-07 7.738093149271779e-05
610 7.878987899002484e-05 3.7579251203196275e-07 7.844843512006834e-05
611 7.970013809959949e-05 3.88566629933656e-07 7.9262721963433e-05
612 8.166479814330841e-05 3.474618265728881e-07 8.12894980971026e-05
613 8.201572681260712e-05 3.998162981888377e-07 8.160718136999887e-05
614 8.35102906120589e-05 3.9113395658324967e-07 8.311903906380495e-05
615 8.471345062253484e-05 3.9341407296151657e-07 8.431364740616284e-05
616 8.542419553701446e-05 4.323912661838229e-07 8.500417869773127e-05
617 8.6501617269947e-05 4.0944275010730294e-07 8.61253776240415e-05
618 8.811721596356199e-05 4.484493064027208e-07 8.76691378479968e-05
619 8.99456493963534e-05 4.314958597444074e-07 8.955508549289982e-05
620 8.967024551639214e-05 4.5638872885918413e-07 8.926847804303739e-05
621 9.097558058704784e-05 4.584274877271538e-07 9.05239549404203e-05
622 9.293518249021485e-05 4.4798807056044826e-07 9.243787009851531e-05
623 9.339994439943491e-05 5.233410299749428e-07 9.292862647858906e-05
624 9.416682753145359e-05 4.789218261604779e-07 9.369879265000172e-05
625 9.608147848395755e-05 4.874441773885221e-07 9.562412697314442e-05
626 9.767232215157803e-05 4.813498264511512e-07 9.718995343446074e-05
627 9.892130214672899e-05 5.194579356157445e-07 9.837531953108056e-05
628 9.993263533661217e-05 5.326748939485993e-07 9.941224959503686e-05
629 0.00010077616429879907 5.301260204796637e-07 0.00010025298732361433
630 0.00010303560617854167 5.139790655508034e-07 0.00010254118071677166
631 0.00010426236645929567 5.74138677694714e-07 0.0001036901900229742
632 0.00010643636126729483 5.667357408047186e-07 0.00010576407564716973
633 0.0001076211447387144 5.721991850474692e-07 0.0001070016811466475
634 0.00010742604366257393 5.983973491211076e-07 0.00010689784184257916
635 0.00011046074685287559 6.417613706505271e-07 0.0001098660230978263
636 0.00011046880924021545 6.026005108167858e-07 0.00010991093392215205
637 0.00011285535812961546 6.719345710154252e-07 0.00011213628709834581
638 0.00011412341450943064 5.983818603924586e-07 0.00011353359697921919
639 0.00011558050309691625 7.003342772287675e-07 0.00011484331051535743
640 0.00011792669448043076 6.95682977433951e-07 0.00011732809269803135
641 0.00011854683956366574 7.16607102600716e-07 0.00011787931935683853
642 0.00012124823096420642 6.526359250067567e-07 0.00012052238413941792
643 0.0001228621494939122 6.904326446848387e-07 0.00012212953528801078
644 0.00012359433893694476 6.88367062931075e-07 0.0001228942716995232
645 0.00012481112780182471 6.660769740256121e-07 0.00012399561242921098
646 0.0001272375126489209 7.275450570952058e-07 0.0001264662497165655
647 0.00012993658129322423 7.127086207298846e-07 0.0001291849171457721
648 0.00012982413525495826 7.540081925700427e-07 0.00012909833657901674
649 0.00013205937261814735 7.701874637562737e-07 0.00013129160437379479
650 0.0001351253036828208 7.884982770275491e-07 0.0001343076770009744
651 0.00013680853432930512 8.088429093863616e-07 0.000135854501079291
652 0.00013835499673678565 8.404252821295606e-07 0.0001374951005490463
653 0.00014034598310054783 8.775672248747333e-07 0.00013947987896165845
654 0.00013939953032699782 8.954638012392792e-07 0.00013862688083736242
655 0.00014403024341529355 9.253697912517779e-07 0.00014326562446341151
656 0.00014605790185476448 8.181444353801198e-07 0.00014520307402551955
657 0.00014738697968487744 8.481673277105968e-07 0.0001464936229757622
658 0.00014954017001850604 9.008038825582307e-07 0.00014878585154723859
659 0.00015229561111785702 9.084747633325054e-07 0.00015137476941405983
660 0.00015582335663685492 9.633471598342208e-07 0.0001547453561427704
661 0.0001560148157385538 9.262819554818952e-07 0.00015506857282792985
662 0.00015783537099955044 9.390909936002153e-07 0.00015691018405289257
663 0.00016142053413005706 9.921401152692438e-07 0.0001603482154248453
664 0.0001633024991124463 9.577370285600525e-07 0.0001624414569116685
665 0.00016621881490750656 1.0378388651723076e-06 0.00016515787330476979
666 0.0001664019711102944 1.012586523563392e-06 0.00016548394805797895
667 0.00016874807479858768 1.083029357886332e-06 0.0001675749614124292
668 0.0001727062781158144 1.0660091644503139e-06 0.00017155022569815016
669 0.00017632805501547003 1.1139984651260246e-06 0.00017511356320279136
670 0.00017589265227779867 1.1273027942077913e-06 0.00017462893600861813
671 0.0001789674311361704 1.1903028307305235e-06 0.0001779056349550497
672 0.00018218082205562322 1.085587092244534e-06 0.00018115596684745703
673 0.00018451076570727136 1.1563637611230887e-06 0.00018351002340982032
674 0.0001872296473069375 1.256050165920051e-06 0.00018596888167111744
675 0.00019032619709760288 1.2130568046494234e-06 0.0001892243938436949
676 0.00019228736370913458 1.2030216452790834e-06 0.00019100904769545033
677 0.00019621792357472033 1.1868503856104248e-06 0.00019505468315486022
678 0.00019732560895376666 1.2105748856586814e-06 0.00019621219570862733
679 0.00019975983869464296 1.3789389426002629e-06 0.00019828491427848917
680 0.00020384284566792228 1.3115254087750243e-06 0.00020263207734285806
681 0.00020819459036640838 1.3202458140257873e-06 0.00020691411897189423
682 0.00021054770315064156 1.4138560904383202e-06 0.00020914222783227247
683 0.00021232023583632454 1.2775930372506204e-06 0.00021111295854152757
684 0.0002138302866497284 1.3962276309560852e-06 0.00021258372330811202
685 0.00021884322697975227 1.4132762727252235e-06 0.00021744029629542502
686 0.00022162786727466824 1.3921454427809295e-06 0.00022041183308496964
687 0.0002241010212537375 1.3823127697869234e-06 0.00022253696188864213
688 0.00022813609062294717 1.4566820262780673e-06 0.00022671180188165528
689 0.0002325109750225222 1.5687415463415017e-06 0.00023091636998625052
690 0.00023501465575607216 1.4318329136217568e-06 0.00023359941933410994
691 0.00023799769511055645 1.6768189816915381e-06 0.00023640170030042436
692 0.0002412082408872869 1.604085987101641e-06 0.00023947697424018887
693 0.0002458166691090952 1.6519453682092716e-06 0.0002444002249170619
694 0.00024800282057683076 1.5319107826337279e-06 0.0002464509808318086
695 0.00025211776418383725 1.712743305777293e-06 0.0002504279638373628
696 0.0002547623512863456 1.4651294430826536e-06 0.00025326863719300573
697 0.00025792885671200325 1.5588205584503497e-06 0.0002565997501534049
698 0.00026245558140675004 1.767143211645861e-06 0.00026071441852439835
699 0.0002678196581506807 1.7457865053255208e-06 0.00026603304028458247
700 0.00027097627760304036 1.5543259572533625e-06 0.0002695396828534799
701 0.000276052523861351 1.6659198299361468e-06 0.00027449590565700136
702 0.00027710884065876767 1.8242956426649528e-06 0.0002752773194285924
703 0.0002825628712743041 1.6535080780495809e-06 0.0002809292716229113
704 0.00028528911144863866 1.9159879338948765e-06 0.00028336186899982884
705 0.0002896703724543186 1.8965480177972208e-06 0.00028772997114256423
706 0.0002974765509655266 1.9413523661935974e-06 0.00029552242009571624
707 0.00030187365429856317 1.8098832255622133e-06 0.0003001048140593035
708 0.0003041594344535041 2.023308196069757e-06 0.00030192616020584636
709 0.0003082035146487614 2.0794534927160546e-06 0.00030633995365079883
710 0.00031431005138798685 2.203424543612605e-06 0.0003121425895723843
711 0.000314806976794723 2.0194181784299744e-06 0.0003126948652881808
712 0.00032309280274291606 2.223746509226801e-06 0.0003209636883050627
713 0.00032729352685669373 2.225122146858293e-06 0.000324845882150125
714 0.00033106976276907465 1.9931815958116745e-06 0.00032910413221235823
715 0.00033548966095929523 2.090730753934511e-06 0.00033360823293335977
716 0.0003398013057855552 2.3075228948186723e-06 0.00033757537476301934
717 0.00034577691118735555 2.161098628191906e-06 0.0003437623923678167
718 0.00035115685088967327 2.153229664127713e-06 0.00034862268102847334
719 0.00035692179597099566 2.1669351124400402e-06 0.00035488207441224904
720 0.00036048031217362516 2.3329095439399395e-06 0.0003580884790538417
721 0.0003667828045321217 2.421629244653248e-06 0.00036425971650918247
722 0.00037061484897992533 2.2832886798723105e-06 0.00036842614187108886
723 0.00037723124843249626 2.560756339871393e-06 0.00037470409991994456
724 0.00038018909656552686 2.396801701832012e-06 0.00037777112616104987
725 0.0003897402160580658 2.4586245585976012e-06 0.0003873167543616708
726 0.0003956464157433334 2.4600771527223273e-06 0.00039333295319929096
727 0.0004020837455396848 2.4754121400678474e-06 0.00039956416458427106
728 0.0004076109644461693 2.532026987817199e-06 0.00040510389872856664
729 0.000413720823404834 2.4797487291314623e-06 0.00041148702480425813
730 0.00041734310194726517 2.7224290914781494e-06 0.00041440802347822935
731 0.0004251114345088814 2.6653335670848346e-06 0.0004227555057628816
732 0.00043207836239232044 2.9088519185872527e-06 0.0004296113902677009
733 0.0004362638187548819 2.831439812324586e-06 0.00043350805525490377
734 0.0004459190990569246 2.7225987245050383e-06 0.0004431696690662161
735 0.0004541976435184339 2.497465229291012e-06 0.0004518051227931341
736 0.00045747909056214996 2.9180450491185305e-06 0.000454278212911641
737 0.0004656661967912728 3.074131793381844e-06 0.0004627189562012593
738 0.0004717856069888856 2.659682066656529e-06 0.0004687711884507629
739 0.0004813524624176558 2.839801683030673e-06 0.00047832410172923606
740 0.00048735529145862847 2.872952845967376e-06 0.00048460677885617015
741 0.0004935269993070069 2.9470609122807124e-06 0.0004902488773216189
742 0.0005035891649635478 2.992993941076743e-06 0.0005004915467142972
743 0.0005094350282383333 3.0728743562415365e-06 0.0005066225582339535
744 0.0005177404287400976 3.3023080222402315e-06 0.0005145430189082234
745 0.0005205566213589362 3.2647733588360916e-06 0.000517458317364677
746 0.0005308623206163813 3.267958239900845e-06 0.0005277293483375973
747 0.0005414218334847205 3.468624619856308e-06 0.0005379283536233936
748 0.000545603880990938 3.1869785386145766e-06 0.0005426149221951223
749 0.0005560743490008967 3.119938433612281e-06 0.0005534652572364565
750 0.0005624443318459362 3.5223707018749527e-06 0.000559087417041039
751 0.0005728815742569381 3.2219497084082236e-06 0.0005700632016089436
752 0.0005809892905252223 3.3057154137191884e-06 0.0005776881627600839
753 0.0005891881756246632 3.187626324220142e-06 0.0005862046837458424
754 0.0006029232319219075 3.5687557790212557e-06 0.000599501095398259
755 0.0006081883243860995 3.4641582961002304e-06 0.0006050588595081935
756 0.0006150226242039267 3.491318628446741e-06 0.0006114505205816452
757 0.0006259715579885649 3.7548415983164155e-06 0.0006218682326220808
758 0.000637875430177668 3.670472237607923e-06 0.0006346101417385116
759 0.0006475810734586282 3.638192313995713e-06 0.0006434350100933399
760 0.0006568292994039576 3.7039787810322203e-06 0.0006532824511142711
761 0.0006663148755589518 3.869673798978289e-06 0.0006615876334398577
762 0.0006778334752027318 3.944886187908369e-06 0.0006742240153042268
763 0.0006908066429478396 3.6009922735395483e-06 0.0006871786672394638
764 0.0006991067660885695 3.8740679913372906e-06 0.0006951299332559519
765 0.0007025433429215276 3.543071487979246e-06 0.0006996463689051061
766 0.0007164881116982465 3.994591074678182e-06 0.0007125940149780949
767 0.0007333219040587902 3.7743161329146347e-06 0.0007294396170668965
768 0.0007444552403367108 3.949222005410843e-06 0.0007405986476545785
769 0.0007564840930856885 4.000215261361019e-06 0.0007527423544201025
770 0.0007686689915904696 3.870653396323659e-06 0.0007648446946612536
771 0.0007718686271376291 4.223467932684912e-06 0.0007683110903861248
772 0.0007878224656558521 3.8996986510838855e-06 0.000783547168035138
773 0.0007933493325735725 4.12150841780811e-06 0.0007887921134965673
774 0.0008145623558859673 4.448777887185518e-06 0.0008101128945151008
775 0.0008234654309822641 4.335215006623303e-06 0.0008189014834579408
776 0.0008387362682934134 4.36106173100068e-06 0.0008342668443394291
777 0.0008512614585693764 4.349707865053035e-06 0.0008460811720823415
778 0.0008606381856518421 4.0556598776433e-06 0.0008561196904570601
779 0.0008788513976131099 4.678923138141496e-06 0.0008744633441966987
780 0.0008871325128857124 4.3034713081897244e-06 0.0008819504293851241
781 0.0009056907071438489 3.93885260680524e-06 0.0009016591728858224
782 0.0009215607182435052 4.4124746867451175e-06 0.0009175505421725059
783 0.0009260976044144025 4.05109671825729e-06 0.0009214348728327032
784 0.0009504433972161699 4.863702560036294e-06 0.0009451948685981716
785 0.0009589683290258711 4.478243019833834e-06 0.000954634564769678
786 0.0009723959756670475 4.350243231553537e-06 0.0009685763733719462
787 0.0009896340379826167 4.467378100580995e-06 0.0009844669346015325
788 0.0010076815099752908 4.681963827784334e-06 0.00100231424800652
789 0.0010239653334010522 4.758742053403814e-06 0.0010193565579959582
790 0.0010404323488324996 4.8956452787887455e-06 0.001036125003983282
791 0.001056754283325104 4.353528725261792e-06 0.0010521029866559638
792 0.0010727418203778252 4.879450567405092e-06 0.0010681256755785383
793 0.0010906658253888818 4.990264416406478e-06 0.0010859055764039264
794 0.0011146182701279213 4.825122959051601e-06 0.0011100127569354439
795 0.0011197426891516424 4.75882805004762e-06 0.0011157435324223534
796 0.0011384440575767799 4.98564638944835e-06 0.0011337616876020778
797 0.0011623452824089384 5.378227423117608e-06 0.001156778547496288
798 0.001177797946429269 5.320358200540346e-06 0.0011726407712132928
799 0.0011959618615244492 5.200714511673158e-06 0.0011904239491433912
800 0.0012089693095359126 5.577048705775777e-06 0.0012037166028932835
801 0.0012337265706352202 5.138103046898172e-06 0.0012293701033538555
802 0.0012527384243616773 5.100365331568878e-06 0.0012474413630119267
803 0.001264569216229443 5.01824479725218e-06 0.00125931535402526
804 0.0012947674653914303 5.541119234435358e-06 0.0012886472518763399
805 0.0013207074340585412 5.205688613835566e-06 0.0013157027754682174
806 0.001328916133373154 5.116407142017682e-06 0.001323757783801284
807 0.0013534071470644943 5.671727445751348e-06 0.0013488941289147962
808 0.001375183425134966 5.627115370108069e-06 0.0013692815950685044
809 0.0013902728029575992 5.489582846855711e-06 0.0013849446246439515
810 0.0014138162836765985 5.267122820163243e-06 0.0014087731804975567
811 0.001438311256048323 5.488267904192413e-06 0.00143335325912359
812 0.0014656311483999265 5.800323934956941e-06 0.0014603699705245993
813 0.0014796871465114494 5.505051637962223e-06 0.0014734781075118736
814 0.0015109500283364361 6.37097087378506e-06 0.0015042225567550335
815 0.0015349337440742129 5.85273885850484e-06 0.0015287777386663731
816 0.0015663975620479498 5.945064630192618e-06 0.0015598367998491385
817 0.0015709373333324882 5.864945490726082e-06 0.0015648979117330545
818 0.0016098467064512686 5.856502406457851e-06 0.0016039495850371681
819 0.0016293715101734307 6.113126025723297e-06 0.0016233191794328607
820 0.001658727197218942 6.082625943864938e-06 0.0016527121448203872
821 0.00168641268776555 5.923440176293514e-06 0.0016797427836812426
822 0.00169901838126955 6.307421369415317e-06 0.0016932022677254555
823 0.0017307953219518708 6.301511138572872e-06 0.0017247228436418152
824 0.00176315967001614 5.964322112358876e-06 0.0017569563441909683
825 0.0017784530300814446 6.121928213531371e-06 0.0017720712563320765
826 0.0018374092193533587 6.156428906025194e-06 0.001832010214842291
827 0.0018550725532496689 6.279525149474211e-06 0.00184775040158211
828 0.0018767557502149586 6.12578704430907e-06 0.0018709390809480658
829 0.0019304252276542066 6.308501769490091e-06 0.001923492479838674
830 0.0019462674077218925 6.572453551988393e-06 0.001939895742285802
831 0.001972765725154998 6.207330426404794e-06 0.0019663817497082505
832 0.002018423752865364 6.452627607632858e-06 0.0020125602846555583
833 0.002037512845282734 6.312246995337743e-06 0.0020314295527663027
834 0.002072503259899545 6.248550188660108e-06 0.0020661092142499637
835 0.0021092017166456857 6.679009770710026e-06 0.0021025697827209396
836 0.002154546902169932 7.053730600460891e-06 0.002147775929593922
837 0.002176013719081148 6.425932028324941e-06 0.002170007132773667
838 0.002216579172821622 6.700193655014628e-06 0.0022094252191782017
839 0.0022514093141243093 6.6448922272548345e-06 0.002245143565138725
840 0.002282884473728662 6.54520956668363e-06 0.0022770418550236934
841 0.002320450998256541 6.640344935708399e-06 0.0023143693141586034
842 0.002363905555786626 6.643202055940515e-06 0.0023585858829977876
843 0.002407577057338086 6.909808704689093e-06 0.0024000306630741985
844 0.002431554091878692 6.8697406840867635e-06 0.0024256889534866794
845 0.0024871149046086145 7.1208862776196325e-06 0.002480657895174188
846 0.0025090212388160014 6.9837907652894034e-06 0.002503418519463233
847 0.0025537808112061893 7.514693764937567e-06 0.002546932822331398
848 0.0025949049735495893 7.016712630487199e-06 0.0025888739873256954
849 0.00263435398851434 7.714745352037236e-06 0.0026263353000852366
850 0.0026957366448790133 6.983870333795866e-06 0.0026883389750015914
851 0.0027404159654816113 7.151344921787189e-06 0.0027335423500180344
852 0.002758205326524614 7.963257228340251e-06 0.0027498800198118385
853 0.002838219617105151 7.712150179573342e-06 0.0028304611042390556
854 0.0028527435493974794 7.15498619530376e-06 0.002846253461181878
855 0.0028983784636872657 7.549580799345065e-06 0.002891176918063186
856 0.0029803052368278945 6.631074767800932e-06 0.0029715860288608152
857 0.0030254632026281143 7.420962346396493e-06 0.003018150644224869
858 0.0030566939826219223 6.987716533377631e-06 0.0030486968714345053
859 0.003110512349506632 7.1197980781179985e-06 0.0031025097984836453
860 0.0031497865853369715 6.7628993857315365e-06 0.0031428734392251485
861 0.003174521969388417 7.458632131258717e-06 0.003168461056782251
862 0.003248941500051077 7.251481980125533e-06 0.0032420920146544884
863 0.003302345149873771 8.085751330266233e-06 0.003293193045309642
864 0.0033793742329336074 7.18819219514799e-06 0.003372733430895584
865 0.0034130500968373944 7.857257922741182e-06 0.003405191694534713
866 0.0034798057504570132 7.825885421291528e-06 0.003471317587179111
867 0.0035445846690355188 7.70480447626358e-06 0.0035376628884748722
868 0.003642636276808558 7.858589374264675e-06 0.003634397696366949
869 0.0036497672604654213 7.0807233525839765e-06 0.0036440986788079184
870 0.003748565727786097 7.921092069816412e-06 0.0037399849320242586
871 0.0037779339764217935 8.036045778059102e-06 0.0037712781656344106
872 0.003850897560579357 7.998611682891081e-06 0.003842129367933294
873 0.00389422820329721 7.90405820185575e-06 0.0038863021666618175
874 0.003977874577727632 7.861973217101988e-06 0.0039699096098115135
875 0.004057310649084218 8.72864911888031e-06 0.004049632213669501
876 0.004109201668528916 8.451364146409091e-06 0.004100970733716617
877 0.004182405575277589 8.196704824011163e-06 0.004175117734366102
878 0.00428490022961277 8.497919109051806e-06 0.00427566966478368
879 0.004314354698444351 9.25969145371934e-06 0.0043064755765082376
880 0.004391647633032172 7.536487708034415e-06 0.0043833907951212345
881 0.004482175210979432 8.444799807186786e-06 0.00447409237338401
882 0.004522164213346748 8.003605334475853e-06 0.0045142033669021845
883 0.00462268468205781 8.172335005382187e-06 0.004616469099717653
884 0.004690795011626262 8.175411727679967e-06 0.004682679228637847
885 0.004755106159387551 8.596948063369578e-06 0.004746148160032925
886 0.004858694149972425 8.562330253123827e-06 0.004849594778580177
887 0.004976292358140091 9.215927470020358e-06 0.004967397549344385
888 0.005015042523964888 8.08662985841598e-06 0.005006806164662799
889 0.005111965406654935 8.53523717470537e-06 0.0051018825705549005
890 0.005192498393347197 8.192671042616358e-06 0.00518420969271366
891 0.005287241492997541 8.602398296363391e-06 0.0052786443638748156
892 0.00535404659427532 8.845276601311609e-06 0.005346436164548919
893 0.005450299184908667 8.346954700730295e-06 0.005442255563396476
894 0.005536163253841581 8.82565003242155e-06 0.005528008067315699
895 0.005669127491213854 8.62359100755772e-06 0.005662350957155022
896 0.005737255325747045 9.175668812953956e-06 0.0057261797218487965
897 0.0058401107266999215 9.712483450480178e-06 0.005830704271501296
898 0.005960967419900514 9.173567377448182e-06 0.005953482340791806
899 0.006026246992031864 9.014964549449572e-06 0.006015149194578267
900 0.006188311562708266 9.347190214303696e-06 0.006178486567411867
901 0.006297896567873887 9.762846688429311e-06 0.006285285734672801
902 0.006367904074242438 9.240876895314112e-06 0.006356307691666273
903 0.006521450379744743 8.943615733859486e-06 0.006511591590084948
904 0.006550945481172904 8.61758596452044e-06 0.0065447776520063785
905 0.006673682171838244 8.825413207294116e-06 0.006664990532951169
906 0.006786569926335279 9.180798044398689e-06 0.006777888178033349
907 0.006958442560093417 8.686498200566004e-06 0.006948156865748495
908 0.007034246526305571 9.016691848140975e-06 0.00702777222785446
909 0.007218552288777796 9.312569057367175e-06 0.00721042451738903
910 0.007359557043885041 9.196551748144448e-06 0.0073485687850331485
911 0.007451654231636068 9.093365302278587e-06 0.007442085254893719
912 0.0075798855229442215 9.339202435214787e-06 0.007567399337495985
913 0.007651285523594342 9.19461825645306e-06 0.007641647124495274
914 0.007812804572207024 9.512763004675509e-06 0.007803076469944211
915 0.007984697533014914 9.02472432177049e-06 0.00797774027139911
916 0.008084847915575337 9.697780687503778e-06 0.008075692672173854
917 0.008267745200667427 9.391756233464381e-06 0.008257164609191944
918 0.008353572827932945 1.007210357967318e-05 0.0083439462588088
919 0.008545739923064089 9.318623962915771e-06 0.008534178010684783
920 0.008708927132253458 9.462521531906545e-06 0.008698855355041162
921 0.008864574645928694 1.008656987563224e-05 0.008855436207853328
922 0.008954977389416193 1.0075896210082284e-05 0.008947245101044532
923 0.009156311444060735 9.915869551159858e-06 0.009147424218695816
924 0.00932967707093889 9.769692066692803e-06 0.009323142052258536
925 0.009486897296414092 9.4277231464668e-06 0.009476545484973273
926 0.00967456832267437 9.73850292131898e-06 0.009663940651033334
927 0.009841421509669908 1.0167559039395196e-05 0.009831343514130076
928 0.01010584903250688 9.30933318610171e-06 0.010096284718183959
929 0.010174311127645734 1.0085201578145895e-05 0.01016412812780847
930 0.010394815808110585 9.85273566499529e-06 0.010386788151863684
931 0.010555217041439144 9.154986023831006e-06 0.010547159064748608
932 0.010724456318470205 1.0114379613983035e-05 0.010715725833128829
933 0.01089574441625206 9.470641532429247e-06 0.010886829150692327
934 0.011098281270389882 9.91632253128022e-06 0.011087184722928873
935 0.011356027409503911 9.37838771202729e-06 0.011343521594403456
936 0.011533441737243064 9.856341323228326e-06 0.011523966731319762
937 0.011742505978265892 9.773402024087312e-06 0.011735219992875181
938 0.012004271047302568 9.71638374308886e-06 0.011993278729212275
939 0.01213332549372907 1.0295202197039882e-05 0.012124042343524695
940 0.012396957845243705 1.0222477732367828e-05 0.012385480723970076
941 0.012815954640011316 1.0404683515680259e-05 0.012805504409477992
942 0.012817302716393362 9.705584676914706e-06 0.012805334378038657
943 0.013098275368027983 1.032580249604009e-05 0.013086716778177646
944 0.013404719090024435 1.0122026929338632e-05 0.013398185236302398
945 0.013634107905345957 9.79144240731194e-06 0.013623673633010622
946 0.0137767947595515 1.0105174910918932e-05 0.01376642570252442
947 0.014032651440964388 9.95801092176556e-06 0.01401995571696577
948 0.014517926852823581 1.0097113911988696e-05 0.014509146273421673
949 0.014710931499150091 1.0142330272612899e-05 0.014698272204908894
950 0.014965352697381579 1.0310727151923983e-05 0.014956065957524045
951 0.015196841193500434 9.363878955668424e-06 0.015188903284968924
952 0.015500283169069248 1.0181822926626021e-05 0.015491175246335087
953 0.015779540395563115 1.0218011954316866e-05 0.015766257134859477
954 0.01612779814973114 1.0654484195269753e-05 0.016118664916240085
955 0.016504530281395088 9.656310082421444e-06 0.016495410670475445
956 0.016759222149396392 9.684017941208288e-06 0.016748642030724938
957 0.0171012554841514 1.0488244177394189e-05 0.017091859717212134
958 0.017489298072565336 1.0318162079896757e-05 0.017479423966266578
959 0.017765444321703013 9.497792705655278e-06 0.017756002567156662
960 0.01814318473496074 1.0318177377812718e-05 0.018130555088619507
961 0.018409789366609846 1.0035427242081926e-05 0.018397407197365333
962 0.01878095098258919 9.41465528244213e-06 0.01876789080768575
963 0.01911703740308616 9.315810904826616e-06 0.019109963008232173
964 0.019319819532380003 9.640719709641734e-06 0.019311956237830857
965 0.01997097654985017 1.0079271400776784e-05 0.0199606822580893
966 0.020271369325732945 9.803493618929142e-06 0.020262558347391327
967 0.020621949667550758 9.787335032637725e-06 0.020616356488636387
968 0.021144625654224262 9.993017621118968e-06 0.021131357480391046
969 0.021657404160876213 1.0450243783072586e-05 0.02164404227344788
970 0.021715930164591894 9.847575669835463e-06 0.021709484036331595
971 0.02234399079596484 9.651696247266234e-06 0.022334453082372203
972 0.022803575605855726 1.0419289162075052e-05 0.022797106982681316
973 0.023122955119160578 1.0240795425150663e-05 0.023108421020818656
974 0.02345111442583003 1.0958962242363027e-05 0.023440712232592528
975 0.024131216080279287 9.498482032168307e-06 0.024122833279997983
976 0.024665176670511598 1.0726487889606901e-05 0.02464939655683198
977 0.02497491729675519 9.423726124435246e-06 0.024965964063879294
978 0.025800679931658816 1.0058796673538321e-05 0.025788430078966505
979 0.026125833588836214 1.023729254722389e-05 0.026123289535028217
980 0.026627702744870155 9.932899116304378e-06 0.026615620286495403
981 0.027255411130222246 9.67235905166146e-06 0.027241520093634404
982 0.027904737080479372 1.0025989054561182e-05 0.027895282616974396
983 0.0284403390715262 1.0063479125309233e-05 0.028434107654129556
984 0.028975288933461348 9.75403170209072e-06 0.028959069840977483
985 0.02943277148426549 9.424449015051118e-06 0.029425302920219023
986 0.030204831886986375 9.62501525977543e-06 0.030195591539592524
987 0.03105018887881851 9.309097694165612e-06 0.031043465670431057
988 0.03137022940233505 9.59629665880674e-06 0.031361595704168896
989 0.0320436686244436 1.0079137373017837e-05 0.032038714499678184
990 0.03279213305376223 1.0165172010215108e-05 0.03278599639430004
991 0.03334283047057379 9.739412274645742e-06 0.03333040580409795
992 0.033869115412293704 1.0369117947224783e-05 0.03385662215960851
993 0.03478296353427524 1.0490939202854694e-05 0.03477195680562947
994 0.03549720059280151 9.753214854577217e-06 0.03548574554313242
995 0.03648607797353222 9.452906155749537e-06 0.03647495422960082
996 0.036984409130780015 1.0979441423926064e-05 0.036967540032140374
997 0.03787974567495808 1.0076222024640052e-05 0.03787720543788401
998 0.038690052809594075 9.825574251509009e-06 0.0386784262849304
999 0.03938855043251337 1.0000375950745753e-05 0.03938121552077818
1000 0.03988873620294027 1.0189244955676511e-05 0.039877643178905624
1001 0.041079717012055886 1.0192190538253956e-05 0.04106928960984452
1002 0.0418836556980813 9.994921156427165e-06 0.041874833708766906
1003 0.04280982637562143 1.0317795481961641e-05 0.04279416531262952
1004 0.044017278372961925 1.0162313552407087e-05 0.04400787108830499
1005 0.044464971384231486 9.979508319710414e-06 0.04445089302340577
1006 0.045581975441608955 9.918927251291324e-06 0.045573975779231654
1007 0.04658838974585382 1.1167455239926073e-05 0.0465711748011668
1008 0.047567274116774715 1.0041374951433079e-05 0.04755874036614192
1009 0.048795298538539485 1.0185199009495479e-05 0.048780559839016045
1010 0.049783047126110376 9.93883925675957e-06 0.04976979644610954
1011 0.050498325223721136 9.511197299442203e-06 0.05049439937790326
1012 0.051667565822409174 1.0380818629799804e-05 0.05165533770439326
1013 0.05293544451875675 9.96066520918312e-06 0.052921537575410724
1014 0.05407844783052249 1.0338422021091494e-05 0.05407146434776735
1015 0.05547181301676361 1.0044196130232364e-05 0.055460023507852715
1016 0.05633423586021466 1.0238226399672929e-05 0.05632207265030162
1017 0.05791013435787784 9.975365841965429e-06 0.05789615590802816
1018 0.059231093185869714 9.667789437221896e-06 0.05922703496591329
1019 0.05967278397461715 1.0750131864411458e-05 0.05966256371332392
1020 0.06168394889365584 1.1565802672860435e-05 0.06166316669930187
1021 0.06274547013123055 1.1378588696362486e-05 0.06274040458680939
1022 0.06395903644878581 1.2196527755786822e-05 0.06394744261658832
1023 0.06731972903652499 4.484171297984287e-05 0.06727936930906576
1024 0.068988032665512 4.3599261928894136e-05 0.06893956537713894
